date,state,fips,cases,deaths
2020-01-21,Washington,53,1,0
2020-01-22,Washington,53,1,0
2020-01-23,Washington,53,1,0
2020-01-24,Illinois,17,1,0
2020-01-24,Washington,53,1,0
2020-01-25,California,06,1,0
2020-01-25,Illinois,17,1,0
2020-01-25,Washington,53,1,0
2020-01-26,Arizona,04,1,0
2020-01-26,California,06,2,0
2020-01-26,Illinois,17,1,0
2020-01-26,Washington,53,1,0
2020-01-27,Arizona,04,1,0
2020-01-27,California,06,2,0
2020-01-27,Illinois,17,1,0
2020-01-27,Washington,53,1,0
2020-01-28,Arizona,04,1,0
2020-01-28,California,06,2,0
2020-01-28,Illinois,17,1,0
2020-01-28,Washington,53,1,0
2020-01-29,Arizona,04,1,0
2020-01-29,California,06,2,0
2020-01-29,Illinois,17,1,0
2020-01-29,Washington,53,1,0
2020-01-30,Arizona,04,1,0
2020-01-30,California,06,2,0
2020-01-30,Illinois,17,2,0
2020-01-30,Washington,53,1,0
2020-01-31,Arizona,04,1,0
2020-01-31,California,06,3,0
2020-01-31,Illinois,17,2,0
2020-01-31,Washington,53,1,0
2020-02-01,Arizona,04,1,0
2020-02-01,California,06,3,0
2020-02-01,Illinois,17,2,0
2020-02-01,Massachusetts,25,1,0
2020-02-01,Washington,53,1,0
2020-02-02,Arizona,04,1,0
2020-02-02,California,06,6,0
2020-02-02,Illinois,17,2,0
2020-02-02,Massachusetts,25,1,0
2020-02-02,Washington,53,1,0
2020-02-03,Arizona,04,1,0
2020-02-03,California,06,6,0
2020-02-03,Illinois,17,2,0
2020-02-03,Massachusetts,25,1,0
2020-02-03,Washington,53,1,0
2020-02-04,Arizona,04,1,0
2020-02-04,California,06,6,0
2020-02-04,Illinois,17,2,0
2020-02-04,Massachusetts,25,1,0
2020-02-04,Washington,53,1,0
2020-02-05,Arizona,04,1,0
2020-02-05,California,06,6,0
2020-02-05,Illinois,17,2,0
2020-02-05,Massachusetts,25,1,0
2020-02-05,Washington,53,1,0
2020-02-05,Wisconsin,55,1,0
2020-02-06,Arizona,04,1,0
2020-02-06,California,06,6,0
2020-02-06,Illinois,17,2,0
2020-02-06,Massachusetts,25,1,0
2020-02-06,Washington,53,1,0
2020-02-06,Wisconsin,55,1,0
2020-02-07,Arizona,04,1,0
2020-02-07,California,06,6,0
2020-02-07,Illinois,17,2,0
2020-02-07,Massachusetts,25,1,0
2020-02-07,Washington,53,1,0
2020-02-07,Wisconsin,55,1,0
2020-02-08,Arizona,04,1,0
2020-02-08,California,06,6,0
2020-02-08,Illinois,17,2,0
2020-02-08,Massachusetts,25,1,0
2020-02-08,Washington,53,1,0
2020-02-08,Wisconsin,55,1,0
2020-02-09,Arizona,04,1,0
2020-02-09,California,06,6,0
2020-02-09,Illinois,17,2,0
2020-02-09,Massachusetts,25,1,0
2020-02-09,Washington,53,1,0
2020-02-09,Wisconsin,55,1,0
2020-02-10,Arizona,04,1,0
2020-02-10,California,06,7,0
2020-02-10,Illinois,17,2,0
2020-02-10,Massachusetts,25,1,0
2020-02-10,Washington,53,1,0
2020-02-10,Wisconsin,55,1,0
2020-02-11,Arizona,04,1,0
2020-02-11,California,06,7,0
2020-02-11,Illinois,17,2,0
2020-02-11,Massachusetts,25,1,0
2020-02-11,Washington,53,1,0
2020-02-11,Wisconsin,55,1,0
2020-02-12,Arizona,04,1,0
2020-02-12,California,06,7,0
2020-02-12,Illinois,17,2,0
2020-02-12,Massachusetts,25,1,0
2020-02-12,Texas,48,1,0
2020-02-12,Washington,53,1,0
2020-02-12,Wisconsin,55,1,0
2020-02-13,Arizona,04,1,0
2020-02-13,California,06,7,0
2020-02-13,Illinois,17,2,0
2020-02-13,Massachusetts,25,1,0
2020-02-13,Texas,48,2,0
2020-02-13,Washington,53,1,0
2020-02-13,Wisconsin,55,1,0
2020-02-14,Arizona,04,1,0
2020-02-14,California,06,7,0
2020-02-14,Illinois,17,2,0
2020-02-14,Massachusetts,25,1,0
2020-02-14,Texas,48,2,0
2020-02-14,Washington,53,1,0
2020-02-14,Wisconsin,55,1,0
2020-02-15,Arizona,04,1,0
2020-02-15,California,06,7,0
2020-02-15,Illinois,17,2,0
2020-02-15,Massachusetts,25,1,0
2020-02-15,Texas,48,2,0
2020-02-15,Washington,53,1,0
2020-02-15,Wisconsin,55,1,0
2020-02-16,Arizona,04,1,0
2020-02-16,California,06,7,0
2020-02-16,Illinois,17,2,0
2020-02-16,Massachusetts,25,1,0
2020-02-16,Texas,48,2,0
2020-02-16,Washington,53,1,0
2020-02-16,Wisconsin,55,1,0
2020-02-17,Arizona,04,1,0
2020-02-17,California,06,7,0
2020-02-17,Illinois,17,2,0
2020-02-17,Massachusetts,25,1,0
2020-02-17,Nebraska,31,10,0
2020-02-17,Texas,48,2,0
2020-02-17,Washington,53,1,0
2020-02-17,Wisconsin,55,1,0
2020-02-18,Arizona,04,1,0
2020-02-18,California,06,7,0
2020-02-18,Illinois,17,2,0
2020-02-18,Massachusetts,25,1,0
2020-02-18,Nebraska,31,10,0
2020-02-18,Texas,48,2,0
2020-02-18,Washington,53,1,0
2020-02-18,Wisconsin,55,1,0
2020-02-19,Arizona,04,1,0
2020-02-19,California,06,7,0
2020-02-19,Illinois,17,2,0
2020-02-19,Massachusetts,25,1,0
2020-02-19,Nebraska,31,10,0
2020-02-19,Texas,48,2,0
2020-02-19,Washington,53,1,0
2020-02-19,Wisconsin,55,1,0
2020-02-20,Arizona,04,1,0
2020-02-20,California,06,8,0
2020-02-20,Illinois,17,2,0
2020-02-20,Massachusetts,25,1,0
2020-02-20,Nebraska,31,11,0
2020-02-20,Texas,48,2,0
2020-02-20,Washington,53,1,0
2020-02-20,Wisconsin,55,1,0
2020-02-21,Arizona,04,1,0
2020-02-21,California,06,9,0
2020-02-21,Illinois,17,2,0
2020-02-21,Massachusetts,25,1,0
2020-02-21,Nebraska,31,11,0
2020-02-21,Texas,48,4,0
2020-02-21,Washington,53,1,0
2020-02-21,Wisconsin,55,1,0
2020-02-22,Arizona,04,1,0
2020-02-22,California,06,9,0
2020-02-22,Illinois,17,2,0
2020-02-22,Massachusetts,25,1,0
2020-02-22,Nebraska,31,11,0
2020-02-22,Texas,48,4,0
2020-02-22,Washington,53,1,0
2020-02-22,Wisconsin,55,1,0
2020-02-23,Arizona,04,1,0
2020-02-23,California,06,9,0
2020-02-23,Illinois,17,2,0
2020-02-23,Massachusetts,25,1,0
2020-02-23,Nebraska,31,11,0
2020-02-23,Texas,48,4,0
2020-02-23,Washington,53,1,0
2020-02-23,Wisconsin,55,1,0
2020-02-24,Arizona,04,1,0
2020-02-24,California,06,11,0
2020-02-24,Illinois,17,2,0
2020-02-24,Massachusetts,25,1,0
2020-02-24,Nebraska,31,12,0
2020-02-24,Texas,48,10,0
2020-02-24,Washington,53,5,0
2020-02-24,Wisconsin,55,1,0
2020-02-25,Arizona,04,1,0
2020-02-25,California,06,11,0
2020-02-25,Illinois,17,2,0
2020-02-25,Massachusetts,25,1,0
2020-02-25,Nebraska,31,13,0
2020-02-25,Texas,48,10,0
2020-02-25,Utah,49,1,0
2020-02-25,Washington,53,5,0
2020-02-25,Wisconsin,55,1,0
2020-02-26,Arizona,04,1,0
2020-02-26,California,06,26,0
2020-02-26,Illinois,17,2,0
2020-02-26,Massachusetts,25,1,0
2020-02-26,Nebraska,31,13,0
2020-02-26,Texas,48,10,0
2020-02-26,Utah,49,1,0
2020-02-26,Washington,53,5,0
2020-02-26,Wisconsin,55,1,0
2020-02-27,Arizona,04,1,0
2020-02-27,California,06,26,0
2020-02-27,Illinois,17,2,0
2020-02-27,Massachusetts,25,1,0
2020-02-27,Nebraska,31,13,0
2020-02-27,Texas,48,10,0
2020-02-27,Utah,49,1,0
2020-02-27,Washington,53,5,0
2020-02-27,Wisconsin,55,1,0
2020-02-28,Arizona,04,1,0
2020-02-28,California,06,27,0
2020-02-28,Illinois,17,2,0
2020-02-28,Massachusetts,25,1,0
2020-02-28,Nebraska,31,13,0
2020-02-28,Oregon,41,1,0
2020-02-28,Texas,48,11,0
2020-02-28,Utah,49,1,0
2020-02-28,Washington,53,7,0
2020-02-28,Wisconsin,55,1,0
2020-02-29,Arizona,04,1,0
2020-02-29,California,06,28,0
2020-02-29,Illinois,17,3,0
2020-02-29,Massachusetts,25,1,0
2020-02-29,Nebraska,31,13,0
2020-02-29,Oregon,41,1,0
2020-02-29,Texas,48,11,0
2020-02-29,Utah,49,1,0
2020-02-29,Washington,53,10,1
2020-02-29,Wisconsin,55,1,0
2020-03-01,Arizona,04,1,0
2020-03-01,California,06,33,0
2020-03-01,Florida,12,2,0
2020-03-01,Illinois,17,3,0
2020-03-01,Massachusetts,25,1,0
2020-03-01,Nebraska,31,13,0
2020-03-01,New York,36,1,0
2020-03-01,Oregon,41,2,0
2020-03-01,Rhode Island,44,2,0
2020-03-01,Texas,48,11,0
2020-03-01,Utah,49,1,0
2020-03-01,Washington,53,17,3
2020-03-01,Wisconsin,55,1,0
2020-03-02,Arizona,04,1,0
2020-03-02,California,06,38,0
2020-03-02,Florida,12,2,0
2020-03-02,Georgia,13,2,0
2020-03-02,Illinois,17,4,0
2020-03-02,Massachusetts,25,2,0
2020-03-02,Nebraska,31,13,0
2020-03-02,New Hampshire,33,1,0
2020-03-02,New York,36,1,0
2020-03-02,Oregon,41,2,0
2020-03-02,Rhode Island,44,2,0
2020-03-02,Texas,48,11,0
2020-03-02,Utah,49,1,0
2020-03-02,Washington,53,23,6
2020-03-02,Wisconsin,55,1,0
2020-03-03,Arizona,04,2,0
2020-03-03,California,06,45,0
2020-03-03,Florida,12,3,0
2020-03-03,Georgia,13,2,0
2020-03-03,Illinois,17,4,0
2020-03-03,Massachusetts,25,2,0
2020-03-03,Nebraska,31,13,0
2020-03-03,New Hampshire,33,2,0
2020-03-03,New York,36,2,0
2020-03-03,North Carolina,37,1,0
2020-03-03,Oregon,41,2,0
2020-03-03,Rhode Island,44,2,0
2020-03-03,Texas,48,11,0
2020-03-03,Utah,49,1,0
2020-03-03,Washington,53,32,10
2020-03-03,Wisconsin,55,1,0
2020-03-04,Arizona,04,2,0
2020-03-04,California,06,55,1
2020-03-04,Florida,12,3,0
2020-03-04,Georgia,13,2,0
2020-03-04,Illinois,17,4,0
2020-03-04,Massachusetts,25,2,0
2020-03-04,Nebraska,31,13,0
2020-03-04,New Hampshire,33,2,0
2020-03-04,New Jersey,34,1,0
2020-03-04,New York,36,11,0
2020-03-04,North Carolina,37,1,0
2020-03-04,Oregon,41,2,0
2020-03-04,Rhode Island,44,2,0
2020-03-04,Texas,48,12,0
2020-03-04,Utah,49,1,0
2020-03-04,Washington,53,47,11
2020-03-04,Wisconsin,55,1,0
2020-03-05,Arizona,04,2,0
2020-03-05,California,06,67,1
2020-03-05,Colorado,08,2,0
2020-03-05,Florida,12,4,0
2020-03-05,Georgia,13,2,0
2020-03-05,Illinois,17,5,0
2020-03-05,Maryland,24,3,0
2020-03-05,Massachusetts,25,3,0
2020-03-05,Nebraska,31,13,0
2020-03-05,Nevada,32,2,0
2020-03-05,New Hampshire,33,2,0
2020-03-05,New Jersey,34,2,0
2020-03-05,New York,36,22,0
2020-03-05,North Carolina,37,1,0
2020-03-05,Oregon,41,2,0
2020-03-05,Rhode Island,44,2,0
2020-03-05,Tennessee,47,1,0
2020-03-05,Texas,48,16,0
2020-03-05,Utah,49,1,0
2020-03-05,Washington,53,75,11
2020-03-05,Wisconsin,55,1,0
2020-03-06,Arizona,04,3,0
2020-03-06,California,06,81,1
2020-03-06,Colorado,08,8,0
2020-03-06,Florida,12,7,2
2020-03-06,Georgia,13,3,0
2020-03-06,Hawaii,15,1,0
2020-03-06,Illinois,17,6,0
2020-03-06,Indiana,18,1,0
2020-03-06,Kentucky,21,1,0
2020-03-06,Maryland,24,3,0
2020-03-06,Massachusetts,25,8,0
2020-03-06,Minnesota,27,1,0
2020-03-06,Nebraska,31,14,0
2020-03-06,Nevada,32,2,0
2020-03-06,New Hampshire,33,2,0
2020-03-06,New Jersey,34,4,0
2020-03-06,New York,36,44,0
2020-03-06,North Carolina,37,2,0
2020-03-06,Oklahoma,40,1,0
2020-03-06,Oregon,41,2,0
2020-03-06,Pennsylvania,42,2,0
2020-03-06,Rhode Island,44,3,0
2020-03-06,South Carolina,45,2,0
2020-03-06,Tennessee,47,1,0
2020-03-06,Texas,48,19,0
2020-03-06,Utah,49,3,0
2020-03-06,Washington,53,86,12
2020-03-06,Wisconsin,55,1,0
2020-03-07,Arizona,04,5,0
2020-03-07,California,06,100,1
2020-03-07,Colorado,08,8,0
2020-03-07,District of Columbia,11,1,0
2020-03-07,Florida,12,12,2
2020-03-07,Georgia,13,7,0
2020-03-07,Hawaii,15,1,0
2020-03-07,Illinois,17,6,0
2020-03-07,Indiana,18,1,0
2020-03-07,Kansas,20,1,0
2020-03-07,Kentucky,21,1,0
2020-03-07,Maryland,24,3,0
2020-03-07,Massachusetts,25,13,0
2020-03-07,Minnesota,27,1,0
2020-03-07,Missouri,29,1,0
2020-03-07,Nebraska,31,14,0
2020-03-07,Nevada,32,2,0
2020-03-07,New Hampshire,33,4,0
2020-03-07,New Jersey,34,4,0
2020-03-07,New York,36,89,0
2020-03-07,North Carolina,37,2,0
2020-03-07,Oklahoma,40,1,0
2020-03-07,Oregon,41,6,0
2020-03-07,Pennsylvania,42,4,0
2020-03-07,Rhode Island,44,3,0
2020-03-07,South Carolina,45,2,0
2020-03-07,Tennessee,47,1,0
2020-03-07,Texas,48,19,0
2020-03-07,Utah,49,3,0
2020-03-07,Vermont,50,1,0
2020-03-07,Virginia,51,1,0
2020-03-07,Washington,53,110,16
2020-03-07,Wisconsin,55,1,0
2020-03-08,Arizona,04,5,0
2020-03-08,California,06,112,1
2020-03-08,Colorado,08,8,0
2020-03-08,Connecticut,09,1,0
2020-03-08,District of Columbia,11,1,0
2020-03-08,Florida,12,13,2
2020-03-08,Georgia,13,11,0
2020-03-08,Hawaii,15,2,0
2020-03-08,Illinois,17,7,0
2020-03-08,Indiana,18,2,0
2020-03-08,Iowa,19,3,0
2020-03-08,Kansas,20,1,0
2020-03-08,Kentucky,21,4,0
2020-03-08,Maryland,24,5,0
2020-03-08,Massachusetts,25,28,0
2020-03-08,Minnesota,27,2,0
2020-03-08,Missouri,29,1,0
2020-03-08,Nebraska,31,16,0
2020-03-08,Nevada,32,4,0
2020-03-08,New Hampshire,33,4,0
2020-03-08,New Jersey,34,6,0
2020-03-08,New York,36,106,0
2020-03-08,North Carolina,37,2,0
2020-03-08,Oklahoma,40,1,0
2020-03-08,Oregon,41,13,0
2020-03-08,Pennsylvania,42,6,0
2020-03-08,Rhode Island,44,3,0
2020-03-08,South Carolina,45,6,0
2020-03-08,Tennessee,47,3,0
2020-03-08,Texas,48,23,0
2020-03-08,Utah,49,3,0
2020-03-08,Vermont,50,1,0
2020-03-08,Virginia,51,2,0
2020-03-08,Washington,53,141,19
2020-03-08,Wisconsin,55,1,0
2020-03-09,Arizona,04,6,0
2020-03-09,California,06,172,2
2020-03-09,Colorado,08,12,0
2020-03-09,Connecticut,09,2,0
2020-03-09,District of Columbia,11,4,0
2020-03-09,Florida,12,14,2
2020-03-09,Georgia,13,17,0
2020-03-09,Hawaii,15,2,0
2020-03-09,Illinois,17,11,0
2020-03-09,Indiana,18,4,0
2020-03-09,Iowa,19,8,0
2020-03-09,Kansas,20,1,0
2020-03-09,Kentucky,21,5,0
2020-03-09,Louisiana,22,1,0
2020-03-09,Maryland,24,6,0
2020-03-09,Massachusetts,25,41,0
2020-03-09,Minnesota,27,2,0
2020-03-09,Missouri,29,1,0
2020-03-09,Nebraska,31,16,0
2020-03-09,Nevada,32,4,0
2020-03-09,New Hampshire,33,4,0
2020-03-09,New Jersey,34,11,0
2020-03-09,New York,36,142,0
2020-03-09,North Carolina,37,7,0
2020-03-09,Ohio,39,3,0
2020-03-09,Oklahoma,40,1,0
2020-03-09,Oregon,41,13,0
2020-03-09,Pennsylvania,42,10,0
2020-03-09,Rhode Island,44,3,0
2020-03-09,South Carolina,45,7,0
2020-03-09,Tennessee,47,4,0
2020-03-09,Texas,48,24,0
2020-03-09,Utah,49,3,0
2020-03-09,Vermont,50,1,0
2020-03-09,Virginia,51,5,0
2020-03-09,Washington,53,179,22
2020-03-09,Wisconsin,55,2,0
2020-03-10,Arizona,04,6,0
2020-03-10,California,06,179,3
2020-03-10,Colorado,08,17,0
2020-03-10,Connecticut,09,2,0
2020-03-10,District of Columbia,11,4,0
2020-03-10,Florida,12,23,2
2020-03-10,Georgia,13,22,0
2020-03-10,Hawaii,15,2,0
2020-03-10,Illinois,17,19,0
2020-03-10,Indiana,18,6,0
2020-03-10,Iowa,19,13,0
2020-03-10,Kansas,20,1,0
2020-03-10,Kentucky,21,7,0
2020-03-10,Louisiana,22,6,0
2020-03-10,Maryland,24,9,0
2020-03-10,Massachusetts,25,92,0
2020-03-10,Michigan,26,2,0
2020-03-10,Minnesota,27,3,0
2020-03-10,Missouri,29,1,0
2020-03-10,Nebraska,31,17,0
2020-03-10,Nevada,32,4,0
2020-03-10,New Hampshire,33,5,0
2020-03-10,New Jersey,34,15,1
2020-03-10,New York,36,173,0
2020-03-10,North Carolina,37,7,0
2020-03-10,Ohio,39,3,0
2020-03-10,Oklahoma,40,2,0
2020-03-10,Oregon,41,14,0
2020-03-10,Pennsylvania,42,12,0
2020-03-10,Rhode Island,44,5,0
2020-03-10,South Carolina,45,9,0
2020-03-10,South Dakota,46,5,1
2020-03-10,Tennessee,47,7,0
2020-03-10,Texas,48,31,0
2020-03-10,Utah,49,4,0
2020-03-10,Vermont,50,1,0
2020-03-10,Virginia,51,8,0
2020-03-10,Washington,53,279,24
2020-03-10,Wisconsin,55,3,0
2020-03-11,Arizona,04,9,0
2020-03-11,Arkansas,05,1,0
2020-03-11,California,06,202,4
2020-03-11,Colorado,08,34,0
2020-03-11,Connecticut,09,3,0
2020-03-11,Delaware,10,1,0
2020-03-11,District of Columbia,11,10,0
2020-03-11,Florida,12,26,2
2020-03-11,Georgia,13,31,0
2020-03-11,Hawaii,15,2,0
2020-03-11,Illinois,17,25,0
2020-03-11,Indiana,18,11,0
2020-03-11,Iowa,19,14,0
2020-03-11,Kansas,20,1,0
2020-03-11,Kentucky,21,7,0
2020-03-11,Louisiana,22,13,0
2020-03-11,Maryland,24,13,0
2020-03-11,Massachusetts,25,95,0
2020-03-11,Michigan,26,2,0
2020-03-11,Minnesota,27,5,0
2020-03-11,Mississippi,28,1,0
2020-03-11,Missouri,29,1,0
2020-03-11,Nebraska,31,23,0
2020-03-11,Nevada,32,7,0
2020-03-11,New Hampshire,33,5,0
2020-03-11,New Jersey,34,23,1
2020-03-11,New Mexico,35,4,0
2020-03-11,New York,36,217,0
2020-03-11,North Carolina,37,8,0
2020-03-11,North Dakota,38,1,0
2020-03-11,Ohio,39,4,0
2020-03-11,Oklahoma,40,2,0
2020-03-11,Oregon,41,20,0
2020-03-11,Pennsylvania,42,16,0
2020-03-11,Rhode Island,44,5,0
2020-03-11,South Carolina,45,10,0
2020-03-11,South Dakota,46,8,1
2020-03-11,Tennessee,47,8,0
2020-03-11,Texas,48,33,0
2020-03-11,Utah,49,5,0
2020-03-11,Vermont,50,2,0
2020-03-11,Virginia,51,10,0
2020-03-11,Washington,53,338,29
2020-03-11,Wisconsin,55,6,0
2020-03-11,Wyoming,56,1,0
2020-03-12,Alaska,02,1,0
2020-03-12,Arizona,04,9,0
2020-03-12,Arkansas,05,6,0
2020-03-12,California,06,252,4
2020-03-12,Colorado,08,49,1
2020-03-12,Connecticut,09,6,0
2020-03-12,Delaware,10,4,0
2020-03-12,District of Columbia,11,10,0
2020-03-12,Florida,12,46,2
2020-03-12,Georgia,13,31,1
2020-03-12,Hawaii,15,2,0
2020-03-12,Illinois,17,32,0
2020-03-12,Indiana,18,12,0
2020-03-12,Iowa,19,16,0
2020-03-12,Kansas,20,5,1
2020-03-12,Kentucky,21,11,0
2020-03-12,Louisiana,22,14,0
2020-03-12,Maine,23,1,0
2020-03-12,Maryland,24,13,0
2020-03-12,Massachusetts,25,108,0
2020-03-12,Michigan,26,12,0
2020-03-12,Minnesota,27,9,0
2020-03-12,Mississippi,28,1,0
2020-03-12,Missouri,29,2,0
2020-03-12,Nebraska,31,24,0
2020-03-12,Nevada,32,11,0
2020-03-12,New Hampshire,33,6,0
2020-03-12,New Jersey,34,29,1
2020-03-12,New Mexico,35,6,0
2020-03-12,New York,36,326,0
2020-03-12,North Carolina,37,16,0
2020-03-12,North Dakota,38,1,0
2020-03-12,Ohio,39,5,0
2020-03-12,Oklahoma,40,2,0
2020-03-12,Oregon,41,30,0
2020-03-12,Pennsylvania,42,22,0
2020-03-12,Rhode Island,44,5,0
2020-03-12,South Carolina,45,12,0
2020-03-12,South Dakota,46,8,1
2020-03-12,Tennessee,47,18,0
2020-03-12,Texas,48,41,0
2020-03-12,Utah,49,7,0
2020-03-12,Vermont,50,2,0
2020-03-12,Virginia,51,17,0
2020-03-12,Washington,53,419,32
2020-03-12,Wisconsin,55,8,0
2020-03-12,Wyoming,56,1,0
2020-03-13,Alabama,01,6,0
2020-03-13,Alaska,02,1,0
2020-03-13,Arizona,04,9,0
2020-03-13,Arkansas,05,7,0
2020-03-13,California,06,320,5
2020-03-13,Colorado,08,78,2
2020-03-13,Connecticut,09,11,0
2020-03-13,Delaware,10,4,0
2020-03-13,District of Columbia,11,10,0
2020-03-13,Florida,12,70,2
2020-03-13,Georgia,13,41,1
2020-03-13,Hawaii,15,2,0
2020-03-13,Idaho,16,1,0
2020-03-13,Illinois,17,46,0
2020-03-13,Indiana,18,12,0
2020-03-13,Iowa,19,17,0
2020-03-13,Kansas,20,6,1
2020-03-13,Kentucky,21,11,0
2020-03-13,Louisiana,22,36,0
2020-03-13,Maine,23,2,0
2020-03-13,Maryland,24,18,0
2020-03-13,Massachusetts,25,123,0
2020-03-13,Michigan,26,25,0
2020-03-13,Minnesota,27,14,0
2020-03-13,Mississippi,28,6,0
2020-03-13,Missouri,29,4,0
2020-03-13,Montana,30,4,0
2020-03-13,Nebraska,31,27,0
2020-03-13,Nevada,32,19,0
2020-03-13,New Hampshire,33,7,0
2020-03-13,New Jersey,34,50,1
2020-03-13,New Mexico,35,10,0
2020-03-13,New York,36,421,0
2020-03-13,North Carolina,37,18,0
2020-03-13,North Dakota,38,1,0
2020-03-13,Ohio,39,13,0
2020-03-13,Oklahoma,40,3,0
2020-03-13,Oregon,41,30,0
2020-03-13,Pennsylvania,42,41,0
2020-03-13,Puerto Rico,72,3,0
2020-03-13,Rhode Island,44,20,0
2020-03-13,South Carolina,45,13,0
2020-03-13,South Dakota,46,9,1
2020-03-13,Tennessee,47,26,0
2020-03-13,Texas,48,58,0
2020-03-13,Utah,49,7,0
2020-03-13,Vermont,50,2,0
2020-03-13,Virginia,51,30,0
2020-03-13,Washington,53,511,37
2020-03-13,Wisconsin,55,19,0
2020-03-13,Wyoming,56,2,0
2020-03-14,Alabama,01,12,0
2020-03-14,Alaska,02,1,0
2020-03-14,Arizona,04,12,0
2020-03-14,Arkansas,05,9,0
2020-03-14,California,06,381,5
2020-03-14,Colorado,08,103,2
2020-03-14,Connecticut,09,20,0
2020-03-14,Delaware,10,4,0
2020-03-14,District of Columbia,11,16,0
2020-03-14,Florida,12,70,3
2020-03-14,Georgia,13,65,1
2020-03-14,Hawaii,15,4,0
2020-03-14,Idaho,16,5,0
2020-03-14,Illinois,17,66,0
2020-03-14,Indiana,18,15,0
2020-03-14,Iowa,19,18,0
2020-03-14,Kansas,20,8,1
2020-03-14,Kentucky,21,18,0
2020-03-14,Louisiana,22,77,1
2020-03-14,Maine,23,3,0
2020-03-14,Maryland,24,27,0
2020-03-14,Massachusetts,25,138,0
2020-03-14,Michigan,26,33,0
2020-03-14,Minnesota,27,21,0
2020-03-14,Mississippi,28,6,0
2020-03-14,Missouri,29,5,0
2020-03-14,Montana,30,6,0
2020-03-14,Nebraska,31,29,0
2020-03-14,Nevada,32,21,0
2020-03-14,New Hampshire,33,7,0
2020-03-14,New Jersey,34,75,2
2020-03-14,New Mexico,35,13,0
2020-03-14,New York,36,610,2
2020-03-14,North Carolina,37,25,0
2020-03-14,North Dakota,38,1,0
2020-03-14,Ohio,39,26,0
2020-03-14,Oklahoma,40,4,0
2020-03-14,Oregon,41,36,1
2020-03-14,Pennsylvania,42,47,0
2020-03-14,Puerto Rico,72,4,0
2020-03-14,Rhode Island,44,20,0
2020-03-14,South Carolina,45,19,0
2020-03-14,South Dakota,46,9,1
2020-03-14,Tennessee,47,32,0
2020-03-14,Texas,48,69,0
2020-03-14,Utah,49,21,0
2020-03-14,Vermont,50,5,0
2020-03-14,Virgin Islands,78,1,0
2020-03-14,Virginia,51,42,1
2020-03-14,Washington,53,609,40
2020-03-14,Wisconsin,55,27,0
2020-03-14,Wyoming,56,3,0
2020-03-15,Alabama,01,23,0
2020-03-15,Alaska,02,1,0
2020-03-15,Arizona,04,13,0
2020-03-15,Arkansas,05,16,0
2020-03-15,California,06,478,6
2020-03-15,Colorado,08,136,2
2020-03-15,Connecticut,09,26,0
2020-03-15,Delaware,10,7,0
2020-03-15,District of Columbia,11,17,0
2020-03-15,Florida,12,109,3
2020-03-15,Georgia,13,97,1
2020-03-15,Guam,66,3,0
2020-03-15,Hawaii,15,7,0
2020-03-15,Idaho,16,5,0
2020-03-15,Illinois,17,94,0
2020-03-15,Indiana,18,19,0
2020-03-15,Iowa,19,22,0
2020-03-15,Kansas,20,9,1
2020-03-15,Kentucky,21,21,0
2020-03-15,Louisiana,22,103,2
2020-03-15,Maine,23,12,0
2020-03-15,Maryland,24,32,0
2020-03-15,Massachusetts,25,164,0
2020-03-15,Michigan,26,53,0
2020-03-15,Minnesota,27,35,0
2020-03-15,Mississippi,28,10,0
2020-03-15,Missouri,29,5,0
2020-03-15,Montana,30,6,0
2020-03-15,Nebraska,31,31,0
2020-03-15,Nevada,32,26,0
2020-03-15,New Hampshire,33,13,0
2020-03-15,New Jersey,34,98,2
2020-03-15,New Mexico,35,17,0
2020-03-15,New York,36,732,6
2020-03-15,North Carolina,37,32,0
2020-03-15,North Dakota,38,1,0
2020-03-15,Ohio,39,37,0
2020-03-15,Oklahoma,40,8,0
2020-03-15,Oregon,41,39,1
2020-03-15,Pennsylvania,42,68,0
2020-03-15,Puerto Rico,72,5,0
2020-03-15,Rhode Island,44,20,0
2020-03-15,South Carolina,45,28,0
2020-03-15,South Dakota,46,9,1
2020-03-15,Tennessee,47,39,0
2020-03-15,Texas,48,80,0
2020-03-15,Utah,49,29,0
2020-03-15,Vermont,50,8,0
2020-03-15,Virgin Islands,78,1,0
2020-03-15,Virginia,51,45,1
2020-03-15,Washington,53,675,42
2020-03-15,Wisconsin,55,33,0
2020-03-15,Wyoming,56,3,0
2020-03-16,Alabama,01,29,0
2020-03-16,Alaska,02,3,0
2020-03-16,Arizona,04,18,0
2020-03-16,Arkansas,05,22,0
2020-03-16,California,06,588,11
2020-03-16,Colorado,08,161,2
2020-03-16,Connecticut,09,41,0
2020-03-16,Delaware,10,8,0
2020-03-16,District of Columbia,11,22,0
2020-03-16,Florida,12,141,4
2020-03-16,Georgia,13,118,1
2020-03-16,Guam,66,3,0
2020-03-16,Hawaii,15,10,0
2020-03-16,Idaho,16,5,0
2020-03-16,Illinois,17,104,0
2020-03-16,Indiana,18,24,1
2020-03-16,Iowa,19,22,0
2020-03-16,Kansas,20,11,1
2020-03-16,Kentucky,21,22,1
2020-03-16,Louisiana,22,137,3
2020-03-16,Maine,23,17,0
2020-03-16,Maryland,24,39,0
2020-03-16,Massachusetts,25,197,0
2020-03-16,Michigan,26,54,0
2020-03-16,Minnesota,27,54,0
2020-03-16,Mississippi,28,12,0
2020-03-16,Missouri,29,9,0
2020-03-16,Montana,30,8,0
2020-03-16,Nebraska,31,33,0
2020-03-16,Nevada,32,45,1
2020-03-16,New Hampshire,33,17,0
2020-03-16,New Jersey,34,176,3
2020-03-16,New Mexico,35,21,0
2020-03-16,New York,36,950,10
2020-03-16,North Carolina,37,34,0
2020-03-16,North Dakota,38,1,0
2020-03-16,Ohio,39,50,0
2020-03-16,Oklahoma,40,10,0
2020-03-16,Oregon,41,46,1
2020-03-16,Pennsylvania,42,81,0
2020-03-16,Puerto Rico,72,5,0
2020-03-16,Rhode Island,44,21,0
2020-03-16,South Carolina,45,33,1
2020-03-16,South Dakota,46,10,1
2020-03-16,Tennessee,47,52,0
2020-03-16,Texas,48,87,1
2020-03-16,Utah,49,40,0
2020-03-16,Vermont,50,12,0
2020-03-16,Virgin Islands,78,2,0
2020-03-16,Virginia,51,51,1
2020-03-16,Washington,53,794,48
2020-03-16,Wisconsin,55,47,0
2020-03-16,Wyoming,56,10,0
2020-03-17,Alabama,01,39,0
2020-03-17,Alaska,02,6,0
2020-03-17,Arizona,04,20,0
2020-03-17,Arkansas,05,22,0
2020-03-17,California,06,732,14
2020-03-17,Colorado,08,183,3
2020-03-17,Connecticut,09,68,0
2020-03-17,Delaware,10,16,0
2020-03-17,District of Columbia,11,31,0
2020-03-17,Florida,12,210,6
2020-03-17,Georgia,13,142,1
2020-03-17,Guam,66,3,0
2020-03-17,Hawaii,15,14,0
2020-03-17,Idaho,16,9,0
2020-03-17,Illinois,17,159,1
2020-03-17,Indiana,18,30,2
2020-03-17,Iowa,19,29,0
2020-03-17,Kansas,20,17,1
2020-03-17,Kentucky,21,26,1
2020-03-17,Louisiana,22,196,5
2020-03-17,Maine,23,32,0
2020-03-17,Maryland,24,57,0
2020-03-17,Massachusetts,25,218,0
2020-03-17,Michigan,26,65,0
2020-03-17,Minnesota,27,60,0
2020-03-17,Mississippi,28,21,0
2020-03-17,Missouri,29,16,0
2020-03-17,Montana,30,8,0
2020-03-17,Nebraska,31,36,0
2020-03-17,Nevada,32,55,1
2020-03-17,New Hampshire,33,26,0
2020-03-17,New Jersey,34,268,3
2020-03-17,New Mexico,35,23,0
2020-03-17,New York,36,1375,18
2020-03-17,North Carolina,37,42,0
2020-03-17,North Dakota,38,5,0
2020-03-17,Ohio,39,67,0
2020-03-17,Oklahoma,40,18,0
2020-03-17,Oregon,41,66,2
2020-03-17,Pennsylvania,42,101,0
2020-03-17,Puerto Rico,72,5,0
2020-03-17,Rhode Island,44,23,0
2020-03-17,South Carolina,45,47,1
2020-03-17,South Dakota,46,11,1
2020-03-17,Tennessee,47,73,0
2020-03-17,Texas,48,106,1
2020-03-17,Utah,49,51,0
2020-03-17,Vermont,50,14,0
2020-03-17,Virgin Islands,78,2,0
2020-03-17,Virginia,51,67,2
2020-03-17,Washington,53,908,54
2020-03-17,West Virginia,54,1,0
2020-03-17,Wisconsin,55,72,0
2020-03-17,Wyoming,56,15,0
2020-03-18,Alabama,01,51,0
2020-03-18,Alaska,02,9,0
2020-03-18,Arizona,04,28,0
2020-03-18,Arkansas,05,33,0
2020-03-18,California,06,893,17
2020-03-18,Colorado,08,216,3
2020-03-18,Connecticut,09,96,1
2020-03-18,Delaware,10,26,0
2020-03-18,District of Columbia,11,36,0
2020-03-18,Florida,12,326,7
2020-03-18,Georgia,13,193,3
2020-03-18,Guam,66,8,0
2020-03-18,Hawaii,15,16,0
2020-03-18,Idaho,16,11,0
2020-03-18,Illinois,17,286,1
2020-03-18,Indiana,18,39,2
2020-03-18,Iowa,19,38,0
2020-03-18,Kansas,20,22,1
2020-03-18,Kentucky,21,35,1
2020-03-18,Louisiana,22,280,7
2020-03-18,Maine,23,43,0
2020-03-18,Maryland,24,85,1
2020-03-18,Massachusetts,25,256,0
2020-03-18,Michigan,26,80,1
2020-03-18,Minnesota,27,77,0
2020-03-18,Mississippi,28,34,0
2020-03-18,Missouri,29,21,1
2020-03-18,Montana,30,12,0
2020-03-18,Nebraska,31,43,0
2020-03-18,Nevada,32,82,1
2020-03-18,New Hampshire,33,39,0
2020-03-18,New Jersey,34,427,5
2020-03-18,New Mexico,35,28,0
2020-03-18,New York,36,2387,32
2020-03-18,North Carolina,37,66,0
2020-03-18,North Dakota,38,7,0
2020-03-18,Ohio,39,90,0
2020-03-18,Oklahoma,40,29,0
2020-03-18,Oregon,41,74,3
2020-03-18,Pennsylvania,42,139,1
2020-03-18,Puerto Rico,72,5,0
2020-03-18,Rhode Island,44,33,0
2020-03-18,South Carolina,45,60,1
2020-03-18,South Dakota,46,11,1
2020-03-18,Tennessee,47,98,0
2020-03-18,Texas,48,166,2
2020-03-18,Utah,49,65,0
2020-03-18,Vermont,50,19,0
2020-03-18,Virgin Islands,78,3,0
2020-03-18,Virginia,51,78,2
2020-03-18,Washington,53,1026,68
2020-03-18,West Virginia,54,2,0
2020-03-18,Wisconsin,55,106,0
2020-03-18,Wyoming,56,17,0
2020-03-19,Alabama,01,78,0
2020-03-19,Alaska,02,12,0
2020-03-19,Arizona,04,47,0
2020-03-19,Arkansas,05,62,0
2020-03-19,California,06,1067,19
2020-03-19,Colorado,08,278,5
2020-03-19,Connecticut,09,159,4
2020-03-19,Delaware,10,30,0
2020-03-19,District of Columbia,11,39,0
2020-03-19,Florida,12,434,8
2020-03-19,Georgia,13,282,10
2020-03-19,Guam,66,12,0
2020-03-19,Hawaii,15,26,0
2020-03-19,Idaho,16,23,0
2020-03-19,Illinois,17,420,4
2020-03-19,Indiana,18,56,2
2020-03-19,Iowa,19,44,0
2020-03-19,Kansas,20,35,1
2020-03-19,Kentucky,21,47,2
2020-03-19,Louisiana,22,392,10
2020-03-19,Maine,23,52,0
2020-03-19,Maryland,24,108,1
2020-03-19,Massachusetts,25,328,0
2020-03-19,Michigan,26,334,3
2020-03-19,Minnesota,27,89,0
2020-03-19,Mississippi,28,50,1
2020-03-19,Missouri,29,35,1
2020-03-19,Montana,30,19,0
2020-03-19,Nebraska,31,47,0
2020-03-19,Nevada,32,99,1
2020-03-19,New Hampshire,33,44,0
2020-03-19,New Jersey,34,735,9
2020-03-19,New Mexico,35,35,0
2020-03-19,New York,36,4161,39
2020-03-19,North Carolina,37,104,0
2020-03-19,North Dakota,38,19,0
2020-03-19,Ohio,39,120,0
2020-03-19,Oklahoma,40,44,1
2020-03-19,Oregon,41,87,3
2020-03-19,Pennsylvania,42,187,1
2020-03-19,Puerto Rico,72,6,0
2020-03-19,Rhode Island,44,44,0
2020-03-19,South Carolina,45,81,1
2020-03-19,South Dakota,46,14,1
2020-03-19,Tennessee,47,155,0
2020-03-19,Texas,48,248,4
2020-03-19,Utah,49,80,0
2020-03-19,Vermont,50,22,2
2020-03-19,Virgin Islands,78,3,0
2020-03-19,Virginia,51,94,2
2020-03-19,Washington,53,1228,75
2020-03-19,West Virginia,54,5,0
2020-03-19,Wisconsin,55,155,2
2020-03-19,Wyoming,56,18,0
2020-03-20,Alabama,01,106,0
2020-03-20,Alaska,02,14,0
2020-03-20,Arizona,04,70,1
2020-03-20,Arkansas,05,100,0
2020-03-20,California,06,1283,24
2020-03-20,Colorado,08,364,5
2020-03-20,Connecticut,09,194,4
2020-03-20,Delaware,10,39,0
2020-03-20,District of Columbia,11,71,0
2020-03-20,Florida,12,564,9
2020-03-20,Georgia,13,482,14
2020-03-20,Guam,66,14,0
2020-03-20,Hawaii,15,37,0
2020-03-20,Idaho,16,31,0
2020-03-20,Illinois,17,583,5
2020-03-20,Indiana,18,81,5
2020-03-20,Iowa,19,45,0
2020-03-20,Kansas,20,49,1
2020-03-20,Kentucky,21,63,2
2020-03-20,Louisiana,22,537,10
2020-03-20,Maine,23,57,0
2020-03-20,Maryland,24,150,2
2020-03-20,Massachusetts,25,413,1
2020-03-20,Michigan,26,548,4
2020-03-20,Minnesota,27,115,0
2020-03-20,Mississippi,28,80,1
2020-03-20,Missouri,29,73,3
2020-03-20,Montana,30,19,0
2020-03-20,Nebraska,31,53,0
2020-03-20,Nevada,32,165,2
2020-03-20,New Hampshire,33,55,0
2020-03-20,New Jersey,34,896,11
2020-03-20,New Mexico,35,43,0
2020-03-20,New York,36,7113,68
2020-03-20,North Carolina,37,144,0
2020-03-20,North Dakota,38,27,0
2020-03-20,Ohio,39,169,1
2020-03-20,Oklahoma,40,49,1
2020-03-20,Oregon,41,114,3
2020-03-20,Pennsylvania,42,269,1
2020-03-20,Puerto Rico,72,14,0
2020-03-20,Rhode Island,44,44,0
2020-03-20,South Carolina,45,126,3
2020-03-20,South Dakota,46,14,1
2020-03-20,Tennessee,47,237,0
2020-03-20,Texas,48,386,5
2020-03-20,Utah,49,112,0
2020-03-20,Vermont,50,29,2
2020-03-20,Virgin Islands,78,6,0
2020-03-20,Virginia,51,115,2
2020-03-20,Washington,53,1404,83
2020-03-20,West Virginia,54,8,0
2020-03-20,Wisconsin,55,216,3
2020-03-20,Wyoming,56,22,0
2020-03-21,Alabama,01,131,0
2020-03-21,Alaska,02,21,0
2020-03-21,Arizona,04,104,1
2020-03-21,Arkansas,05,118,0
2020-03-21,California,06,1544,28
2020-03-21,Colorado,08,475,6
2020-03-21,Connecticut,09,223,5
2020-03-21,Delaware,10,45,0
2020-03-21,District of Columbia,11,77,1
2020-03-21,Florida,12,764,11
2020-03-21,Georgia,13,552,20
2020-03-21,Guam,66,15,0
2020-03-21,Hawaii,15,48,0
2020-03-21,Idaho,16,42,0
2020-03-21,Illinois,17,751,6
2020-03-21,Indiana,18,128,6
2020-03-21,Iowa,19,68,0
2020-03-21,Kansas,20,57,2
2020-03-21,Kentucky,21,84,3
2020-03-21,Louisiana,22,763,16
2020-03-21,Maine,23,70,0
2020-03-21,Maryland,24,195,3
2020-03-21,Massachusetts,25,525,2
2020-03-21,Michigan,26,787,6
2020-03-21,Minnesota,27,138,1
2020-03-21,Mississippi,28,140,1
2020-03-21,Missouri,29,93,3
2020-03-21,Montana,30,29,0
2020-03-21,Nebraska,31,61,0
2020-03-21,Nevada,32,165,2
2020-03-21,New Hampshire,33,65,0
2020-03-21,New Jersey,34,1336,16
2020-03-21,New Mexico,35,57,0
2020-03-21,New York,36,10371,95
2020-03-21,North Carolina,37,184,0
2020-03-21,North Dakota,38,28,0
2020-03-21,Ohio,39,247,3
2020-03-21,Oklahoma,40,53,1
2020-03-21,Oregon,41,137,4
2020-03-21,Pennsylvania,42,388,2
2020-03-21,Puerto Rico,72,21,1
2020-03-21,Rhode Island,44,66,0
2020-03-21,South Carolina,45,172,3
2020-03-21,South Dakota,46,14,1
2020-03-21,Tennessee,47,312,2
2020-03-21,Texas,48,547,5
2020-03-21,Utah,49,138,0
2020-03-21,Vermont,50,49,2
2020-03-21,Virgin Islands,78,6,0
2020-03-21,Virginia,51,152,3
2020-03-21,Washington,53,1655,95
2020-03-21,West Virginia,54,12,0
2020-03-21,Wisconsin,55,281,4
2020-03-21,Wyoming,56,24,0
2020-03-22,Alabama,01,157,0
2020-03-22,Alaska,02,22,0
2020-03-22,Arizona,04,153,2
2020-03-22,Arkansas,05,165,0
2020-03-22,California,06,1851,35
2020-03-22,Colorado,08,591,7
2020-03-22,Connecticut,09,327,8
2020-03-22,Delaware,10,56,0
2020-03-22,District of Columbia,11,98,1
2020-03-22,Florida,12,1000,13
2020-03-22,Georgia,13,620,25
2020-03-22,Guam,66,27,1
2020-03-22,Hawaii,15,56,0
2020-03-22,Idaho,16,47,0
2020-03-22,Illinois,17,1047,9
2020-03-22,Indiana,18,204,9
2020-03-22,Iowa,19,90,0
2020-03-22,Kansas,20,66,2
2020-03-22,Kentucky,21,103,3
2020-03-22,Louisiana,22,837,20
2020-03-22,Maine,23,89,0
2020-03-22,Maryland,24,245,3
2020-03-22,Massachusetts,25,646,5
2020-03-22,Michigan,26,1033,9
2020-03-22,Minnesota,27,171,1
2020-03-22,Mississippi,28,207,1
2020-03-22,Missouri,29,130,3
2020-03-22,Montana,30,34,0
2020-03-22,Nebraska,31,62,0
2020-03-22,Nevada,32,190,2
2020-03-22,New Hampshire,33,78,0
2020-03-22,New Jersey,34,1914,20
2020-03-22,New Mexico,35,65,0
2020-03-22,New York,36,15188,142
2020-03-22,North Carolina,37,269,0
2020-03-22,North Dakota,38,30,0
2020-03-22,Ohio,39,351,3
2020-03-22,Oklahoma,40,67,2
2020-03-22,Oregon,41,161,5
2020-03-22,Pennsylvania,42,504,3
2020-03-22,Puerto Rico,72,23,1
2020-03-22,Rhode Island,44,83,0
2020-03-22,South Carolina,45,194,3
2020-03-22,South Dakota,46,21,1
2020-03-22,Tennessee,47,424,2
2020-03-22,Texas,48,639,7
2020-03-22,Utah,49,182,1
2020-03-22,Vermont,50,52,2
2020-03-22,Virgin Islands,78,17,0
2020-03-22,Virginia,51,219,6
2020-03-22,Washington,53,1844,97
2020-03-22,West Virginia,54,16,0
2020-03-22,Wisconsin,55,382,4
2020-03-22,Wyoming,56,26,0
2020-03-23,Alabama,01,196,0
2020-03-23,Alaska,02,36,0
2020-03-23,Arizona,04,234,2
2020-03-23,Arkansas,05,201,0
2020-03-23,California,06,2240,39
2020-03-23,Colorado,08,721,10
2020-03-23,Connecticut,09,415,10
2020-03-23,Delaware,10,87,0
2020-03-23,District of Columbia,11,116,2
2020-03-23,Florida,12,1222,18
2020-03-23,Georgia,13,800,25
2020-03-23,Guam,66,29,1
2020-03-23,Hawaii,15,77,0
2020-03-23,Idaho,16,50,0
2020-03-23,Illinois,17,1285,12
2020-03-23,Indiana,18,264,12
2020-03-23,Iowa,19,105,0
2020-03-23,Kansas,20,82,2
2020-03-23,Kentucky,21,124,3
2020-03-23,Louisiana,22,1172,34
2020-03-23,Maine,23,107,0
2020-03-23,Maryland,24,290,3
2020-03-23,Massachusetts,25,777,9
2020-03-23,Michigan,26,1324,16
2020-03-23,Minnesota,27,235,1
2020-03-23,Mississippi,28,249,1
2020-03-23,Missouri,29,183,4
2020-03-23,Montana,30,45,0
2020-03-23,Nebraska,31,73,0
2020-03-23,Nevada,32,265,4
2020-03-23,New Hampshire,33,101,1
2020-03-23,New Jersey,34,2844,27
2020-03-23,New Mexico,35,83,0
2020-03-23,New York,36,20899,183
2020-03-23,North Carolina,37,302,0
2020-03-23,North Dakota,38,32,0
2020-03-23,Ohio,39,444,6
2020-03-23,Oklahoma,40,81,2
2020-03-23,Oregon,41,191,5
2020-03-23,Pennsylvania,42,644,6
2020-03-23,Puerto Rico,72,31,2
2020-03-23,Rhode Island,44,106,0
2020-03-23,South Carolina,45,299,5
2020-03-23,South Dakota,46,28,1
2020-03-23,Tennessee,47,522,2
2020-03-23,Texas,48,728,7
2020-03-23,Utah,49,257,1
2020-03-23,Vermont,50,75,2
2020-03-23,Virgin Islands,78,17,0
2020-03-23,Virginia,51,254,6
2020-03-23,Washington,53,2101,110
2020-03-23,West Virginia,54,16,0
2020-03-23,Wisconsin,55,418,5
2020-03-23,Wyoming,56,28,0
2020-03-24,Alabama,01,242,0
2020-03-24,Alaska,02,42,0
2020-03-24,Arizona,04,326,6
2020-03-24,Arkansas,05,231,2
2020-03-24,California,06,2644,52
2020-03-24,Colorado,08,912,11
2020-03-24,Connecticut,09,618,12
2020-03-24,Delaware,10,104,0
2020-03-24,District of Columbia,11,137,2
2020-03-24,Florida,12,1467,20
2020-03-24,Georgia,13,1095,38
2020-03-24,Guam,66,32,1
2020-03-24,Hawaii,15,90,0
2020-03-24,Idaho,16,73,0
2020-03-24,Illinois,17,1535,16
2020-03-24,Indiana,18,371,17
2020-03-24,Iowa,19,124,1
2020-03-24,Kansas,20,102,3
2020-03-24,Kentucky,21,157,3
2020-03-24,Louisiana,22,1388,46
2020-03-24,Maine,23,118,0
2020-03-24,Maryland,24,349,4
2020-03-24,Massachusetts,25,1159,11
2020-03-24,Michigan,26,1791,24
2020-03-24,Minnesota,27,264,1
2020-03-24,Mississippi,28,320,1
2020-03-24,Missouri,29,255,5
2020-03-24,Montana,30,51,0
2020-03-24,Nebraska,31,77,0
2020-03-24,Nevada,32,315,6
2020-03-24,New Hampshire,33,108,1
2020-03-24,New Jersey,34,3675,44
2020-03-24,New Mexico,35,100,0
2020-03-24,New York,36,25704,264
2020-03-24,North Carolina,37,397,0
2020-03-24,North Dakota,38,37,0
2020-03-24,Ohio,39,564,8
2020-03-24,Oklahoma,40,106,3
2020-03-24,Oregon,41,209,8
2020-03-24,Pennsylvania,42,851,8
2020-03-24,Puerto Rico,72,39,2
2020-03-24,Rhode Island,44,124,0
2020-03-24,South Carolina,45,342,8
2020-03-24,South Dakota,46,30,1
2020-03-24,Tennessee,47,678,2
2020-03-24,Texas,48,857,11
2020-03-24,Utah,49,299,1
2020-03-24,Vermont,50,95,7
2020-03-24,Virgin Islands,78,17,0
2020-03-24,Virginia,51,291,7
2020-03-24,Washington,53,2469,123
2020-03-24,West Virginia,54,39,0
2020-03-24,Wisconsin,55,481,5
2020-03-24,Wyoming,56,37,0
2020-03-25,Alabama,01,386,1
2020-03-25,Alaska,02,59,0
2020-03-25,Arizona,04,402,6
2020-03-25,Arkansas,05,307,2
2020-03-25,California,06,3183,68
2020-03-25,Colorado,08,1086,19
2020-03-25,Connecticut,09,875,19
2020-03-25,Delaware,10,119,0
2020-03-25,District of Columbia,11,183,2
2020-03-25,Florida,12,1971,23
2020-03-25,Georgia,13,1385,47
2020-03-25,Guam,66,32,1
2020-03-25,Hawaii,15,95,0
2020-03-25,Idaho,16,123,0
2020-03-25,Illinois,17,1874,21
2020-03-25,Indiana,18,484,19
2020-03-25,Iowa,19,147,1
2020-03-25,Kansas,20,134,3
2020-03-25,Kentucky,21,198,5
2020-03-25,Louisiana,22,1795,65
2020-03-25,Maine,23,142,0
2020-03-25,Maryland,24,423,4
2020-03-25,Massachusetts,25,1838,15
2020-03-25,Michigan,26,2293,43
2020-03-25,Minnesota,27,289,1
2020-03-25,Mississippi,28,376,5
2020-03-25,Missouri,29,384,8
2020-03-25,Montana,30,65,0
2020-03-25,Nebraska,31,84,0
2020-03-25,Nevada,32,405,10
2020-03-25,New Hampshire,33,137,1
2020-03-25,New Jersey,34,4402,62
2020-03-25,New Mexico,35,113,1
2020-03-25,New York,36,33117,381
2020-03-25,North Carolina,37,562,1
2020-03-25,North Dakota,38,45,0
2020-03-25,Ohio,39,707,11
2020-03-25,Oklahoma,40,164,5
2020-03-25,Oregon,41,266,10
2020-03-25,Pennsylvania,42,1151,12
2020-03-25,Puerto Rico,72,51,2
2020-03-25,Rhode Island,44,132,0
2020-03-25,South Carolina,45,425,8
2020-03-25,South Dakota,46,41,1
2020-03-25,Tennessee,47,806,3
2020-03-25,Texas,48,1132,13
2020-03-25,Utah,49,346,1
2020-03-25,Vermont,50,123,8
2020-03-25,Virgin Islands,78,17,0
2020-03-25,Virginia,51,390,9
2020-03-25,Washington,53,2585,130
2020-03-25,West Virginia,54,51,0
2020-03-25,Wisconsin,55,623,7
2020-03-25,Wyoming,56,49,0
2020-03-26,Alabama,01,538,3
2020-03-26,Alaska,02,69,0
2020-03-26,Arizona,04,508,8
2020-03-26,Arkansas,05,350,3
2020-03-26,California,06,4060,83
2020-03-26,Colorado,08,1432,24
2020-03-26,Connecticut,09,1012,21
2020-03-26,Delaware,10,143,1
2020-03-26,District of Columbia,11,231,3
2020-03-26,Florida,12,2478,29
2020-03-26,Georgia,13,1641,56
2020-03-26,Guam,66,49,1
2020-03-26,Hawaii,15,106,0
2020-03-26,Idaho,16,189,3
2020-03-26,Illinois,17,2538,26
2020-03-26,Indiana,18,661,23
2020-03-26,Iowa,19,179,1
2020-03-26,Kansas,20,173,3
2020-03-26,Kentucky,21,248,5
2020-03-26,Louisiana,22,2305,83
2020-03-26,Maine,23,155,0
2020-03-26,Maryland,24,581,4
2020-03-26,Massachusetts,25,2417,25
2020-03-26,Michigan,26,2877,63
2020-03-26,Minnesota,27,346,2
2020-03-26,Mississippi,28,486,6
2020-03-26,Missouri,29,508,8
2020-03-26,Montana,30,90,0
2020-03-26,Nebraska,31,91,0
2020-03-26,Nevada,32,535,10
2020-03-26,New Hampshire,33,158,1
2020-03-26,New Jersey,34,6876,82
2020-03-26,New Mexico,35,136,1
2020-03-26,New York,36,39058,502
2020-03-26,North Carolina,37,639,2
2020-03-26,North Dakota,38,58,0
2020-03-26,Ohio,39,867,15
2020-03-26,Oklahoma,40,248,7
2020-03-26,Oregon,41,316,11
2020-03-26,Pennsylvania,42,1690,16
2020-03-26,Puerto Rico,72,64,2
2020-03-26,Rhode Island,44,165,0
2020-03-26,South Carolina,45,456,9
2020-03-26,South Dakota,46,46,1
2020-03-26,Tennessee,47,981,3
2020-03-26,Texas,48,1542,21
2020-03-26,Utah,49,402,1
2020-03-26,Vermont,50,158,9
2020-03-26,Virgin Islands,78,17,0
2020-03-26,Virginia,51,603,14
2020-03-26,Washington,53,3208,152
2020-03-26,West Virginia,54,76,0
2020-03-26,Wisconsin,55,754,10
2020-03-26,Wyoming,56,56,0
2020-03-27,Alabama,01,639,4
2020-03-27,Alaska,02,85,1
2020-03-27,Arizona,04,665,15
2020-03-27,Arkansas,05,385,3
2020-03-27,California,06,4915,104
2020-03-27,Colorado,08,1735,31
2020-03-27,Connecticut,09,1291,27
2020-03-27,Delaware,10,165,2
2020-03-27,District of Columbia,11,267,3
2020-03-27,Florida,12,3198,46
2020-03-27,Georgia,13,2198,64
2020-03-27,Guam,66,53,1
2020-03-27,Hawaii,15,120,0
2020-03-27,Idaho,16,232,4
2020-03-27,Illinois,17,3029,37
2020-03-27,Indiana,18,992,32
2020-03-27,Iowa,19,236,3
2020-03-27,Kansas,20,213,4
2020-03-27,Kentucky,21,302,8
2020-03-27,Louisiana,22,2746,119
2020-03-27,Maine,23,168,1
2020-03-27,Maryland,24,790,5
2020-03-27,Massachusetts,25,3240,35
2020-03-27,Michigan,26,3655,93
2020-03-27,Minnesota,27,398,4
2020-03-27,Mississippi,28,579,8
2020-03-27,Missouri,29,670,9
2020-03-27,Montana,30,121,1
2020-03-27,Nebraska,31,102,2
2020-03-27,Nevada,32,621,10
2020-03-27,New Hampshire,33,187,2
2020-03-27,New Jersey,34,8825,108
2020-03-27,New Mexico,35,191,1
2020-03-27,New York,36,44746,645
2020-03-27,North Carolina,37,784,3
2020-03-27,North Dakota,38,68,1
2020-03-27,Ohio,39,1144,22
2020-03-27,Oklahoma,40,322,8
2020-03-27,Oregon,41,415,12
2020-03-27,Pennsylvania,42,2217,23
2020-03-27,Puerto Rico,72,79,3
2020-03-27,Rhode Island,44,203,0
2020-03-27,South Carolina,45,542,13
2020-03-27,South Dakota,46,58,1
2020-03-27,Tennessee,47,1180,6
2020-03-27,Texas,48,1971,25
2020-03-27,Utah,49,480,2
2020-03-27,Vermont,50,184,10
2020-03-27,Virgin Islands,78,19,0
2020-03-27,Virginia,51,605,14
2020-03-27,Washington,53,3770,179
2020-03-27,West Virginia,54,96,0
2020-03-27,Wisconsin,55,930,16
2020-03-27,Wyoming,56,74,0
2020-03-28,Alabama,01,720,4
2020-03-28,Alaska,02,102,1
2020-03-28,Arizona,04,773,15
2020-03-28,Arkansas,05,409,5
2020-03-28,California,06,5566,122
2020-03-28,Colorado,08,2061,44
2020-03-28,Connecticut,09,1524,33
2020-03-28,Delaware,10,214,5
2020-03-28,District of Columbia,11,304,4
2020-03-28,Florida,12,4038,56
2020-03-28,Georgia,13,2447,79
2020-03-28,Guam,66,57,1
2020-03-28,Hawaii,15,151,0
2020-03-28,Idaho,16,262,5
2020-03-28,Illinois,17,3547,50
2020-03-28,Indiana,18,1239,38
2020-03-28,Iowa,19,298,3
2020-03-28,Kansas,20,272,6
2020-03-28,Kentucky,21,394,9
2020-03-28,Louisiana,22,3315,137
2020-03-28,Maine,23,211,1
2020-03-28,Maryland,24,1066,10
2020-03-28,Massachusetts,25,4257,44
2020-03-28,Michigan,26,4634,112
2020-03-28,Minnesota,27,442,5
2020-03-28,Mississippi,28,669,13
2020-03-28,Missouri,29,837,11
2020-03-28,Montana,30,147,1
2020-03-28,Nebraska,31,122,2
2020-03-28,Nevada,32,738,14
2020-03-28,New Hampshire,33,214,2
2020-03-28,New Jersey,34,11124,140
2020-03-28,New Mexico,35,210,2
2020-03-28,New York,36,53517,935
2020-03-28,North Carolina,37,972,4
2020-03-28,North Dakota,38,93,1
2020-03-28,Northern Mariana Islands,69,2,0
2020-03-28,Ohio,39,1406,25
2020-03-28,Oklahoma,40,377,15
2020-03-28,Oregon,41,480,13
2020-03-28,Pennsylvania,42,2815,35
2020-03-28,Puerto Rico,72,100,3
2020-03-28,Rhode Island,44,239,2
2020-03-28,South Carolina,45,661,15
2020-03-28,South Dakota,46,68,1
2020-03-28,Tennessee,47,1363,6
2020-03-28,Texas,48,2381,30
2020-03-28,Utah,49,608,2
2020-03-28,Vermont,50,211,12
2020-03-28,Virgin Islands,78,19,0
2020-03-28,Virginia,51,739,17
2020-03-28,Washington,53,4311,193
2020-03-28,West Virginia,54,113,0
2020-03-28,Wisconsin,55,1042,17
2020-03-28,Wyoming,56,85,0
2020-03-29,Alabama,01,830,5
2020-03-29,Alaska,02,114,2
2020-03-29,Arizona,04,930,18
2020-03-29,Arkansas,05,449,6
2020-03-29,California,06,6321,132
2020-03-29,Colorado,08,2315,47
2020-03-29,Connecticut,09,1993,34
2020-03-29,Delaware,10,232,6
2020-03-29,District of Columbia,11,342,5
2020-03-29,Florida,12,4943,60
2020-03-29,Georgia,13,2683,83
2020-03-29,Guam,66,58,1
2020-03-29,Hawaii,15,175,0
2020-03-29,Idaho,16,310,6
2020-03-29,Illinois,17,4615,71
2020-03-29,Indiana,18,1522,40
2020-03-29,Iowa,19,336,4
2020-03-29,Kansas,20,333,7
2020-03-29,Kentucky,21,439,9
2020-03-29,Louisiana,22,3539,153
2020-03-29,Maine,23,253,3
2020-03-29,Maryland,24,1244,11
2020-03-29,Massachusetts,25,4955,48
2020-03-29,Michigan,26,5486,132
2020-03-29,Minnesota,27,504,9
2020-03-29,Mississippi,28,759,14
2020-03-29,Missouri,29,902,12
2020-03-29,Montana,30,161,1
2020-03-29,Nebraska,31,138,2
2020-03-29,Nevada,32,920,15
2020-03-29,New Hampshire,33,258,3
2020-03-29,New Jersey,34,13386,161
2020-03-29,New Mexico,35,237,2
2020-03-29,New York,36,59783,1180
2020-03-29,North Carolina,37,1166,6
2020-03-29,North Dakota,38,97,1
2020-03-29,Northern Mariana Islands,69,2,0
2020-03-29,Ohio,39,1665,30
2020-03-29,Oklahoma,40,429,16
2020-03-29,Oregon,41,549,13
2020-03-29,Pennsylvania,42,3441,40
2020-03-29,Puerto Rico,72,127,5
2020-03-29,Rhode Island,44,294,3
2020-03-29,South Carolina,45,775,16
2020-03-29,South Dakota,46,90,1
2020-03-29,Tennessee,47,1569,7
2020-03-29,Texas,48,2722,35
2020-03-29,Utah,49,719,2
2020-03-29,Vermont,50,235,12
2020-03-29,Virgin Islands,78,23,0
2020-03-29,Virginia,51,889,22
2020-03-29,Washington,53,4897,209
2020-03-29,West Virginia,54,124,1
2020-03-29,Wisconsin,55,1120,17
2020-03-29,Wyoming,56,88,0
2020-03-30,Alabama,01,947,11
2020-03-30,Alaska,02,120,2
2020-03-30,Arizona,04,1169,20
2020-03-30,Arkansas,05,508,7
2020-03-30,California,06,7421,147
2020-03-30,Colorado,08,2628,51
2020-03-30,Connecticut,09,2571,36
2020-03-30,Delaware,10,264,7
2020-03-30,District of Columbia,11,401,9
2020-03-30,Florida,12,5695,72
2020-03-30,Georgia,13,3032,103
2020-03-30,Guam,66,60,1
2020-03-30,Hawaii,15,204,0
2020-03-30,Idaho,16,415,7
2020-03-30,Illinois,17,5070,84
2020-03-30,Indiana,18,1797,44
2020-03-30,Iowa,19,424,6
2020-03-30,Kansas,20,374,9
2020-03-30,Kentucky,21,480,11
2020-03-30,Louisiana,22,4024,186
2020-03-30,Maine,23,275,3
2020-03-30,Maryland,24,1415,15
2020-03-30,Massachusetts,25,5752,56
2020-03-30,Michigan,26,6508,197
2020-03-30,Minnesota,27,576,10
2020-03-30,Mississippi,28,848,16
2020-03-30,Missouri,29,1049,13
2020-03-30,Montana,30,177,4
2020-03-30,Nebraska,31,185,3
2020-03-30,Nevada,32,1044,18
2020-03-30,New Hampshire,33,314,3
2020-03-30,New Jersey,34,16636,199
2020-03-30,New Mexico,35,282,4
2020-03-30,New York,36,67504,1512
2020-03-30,North Carolina,37,1303,6
2020-03-30,North Dakota,38,109,3
2020-03-30,Northern Mariana Islands,69,2,0
2020-03-30,Ohio,39,1933,40
2020-03-30,Oklahoma,40,481,17
2020-03-30,Oregon,41,607,16
2020-03-30,Pennsylvania,42,4156,48
2020-03-30,Puerto Rico,72,174,6
2020-03-30,Rhode Island,44,408,4
2020-03-30,South Carolina,45,925,18
2020-03-30,South Dakota,46,100,1
2020-03-30,Tennessee,47,1721,13
2020-03-30,Texas,48,3065,46
2020-03-30,Utah,49,806,4
2020-03-30,Vermont,50,256,12
2020-03-30,Virgin Islands,78,30,0
2020-03-30,Virginia,51,1020,26
2020-03-30,Washington,53,5180,221
2020-03-30,West Virginia,54,145,1
2020-03-30,Wisconsin,55,1269,20
2020-03-30,Wyoming,56,96,0
2020-03-31,Alabama,01,999,14
2020-03-31,Alaska,02,133,2
2020-03-31,Arizona,04,1298,24
2020-03-31,Arkansas,05,564,8
2020-03-31,California,06,8583,184
2020-03-31,Colorado,08,2990,69
2020-03-31,Connecticut,09,3128,69
2020-03-31,Delaware,10,319,10
2020-03-31,District of Columbia,11,495,9
2020-03-31,Florida,12,6742,85
2020-03-31,Georgia,13,4116,126
2020-03-31,Guam,66,139,2
2020-03-31,Hawaii,15,224,1
2020-03-31,Idaho,16,526,9
2020-03-31,Illinois,17,5992,107
2020-03-31,Indiana,18,2177,61
2020-03-31,Iowa,19,498,7
2020-03-31,Kansas,20,435,10
2020-03-31,Kentucky,21,590,18
2020-03-31,Louisiana,22,5237,240
2020-03-31,Maine,23,303,5
2020-03-31,Maryland,24,1662,18
2020-03-31,Massachusetts,25,6620,89
2020-03-31,Michigan,26,7629,264
2020-03-31,Minnesota,27,629,12
2020-03-31,Mississippi,28,937,20
2020-03-31,Missouri,29,1350,15
2020-03-31,Montana,30,198,5
2020-03-31,Nebraska,31,199,4
2020-03-31,Nevada,32,1113,26
2020-03-31,New Hampshire,33,367,3
2020-03-31,New Jersey,34,18696,267
2020-03-31,New Mexico,35,315,5
2020-03-31,New York,36,76211,1929
2020-03-31,North Carolina,37,1527,10
2020-03-31,North Dakota,38,126,3
2020-03-31,Northern Mariana Islands,69,2,0
2020-03-31,Ohio,39,2199,55
2020-03-31,Oklahoma,40,566,23
2020-03-31,Oregon,41,690,18
2020-03-31,Pennsylvania,42,4997,72
2020-03-31,Puerto Rico,72,239,8
2020-03-31,Rhode Island,44,488,8
2020-03-31,South Carolina,45,1083,22
2020-03-31,South Dakota,46,107,1
2020-03-31,Tennessee,47,2049,13
2020-03-31,Texas,48,3588,57
2020-03-31,Utah,49,887,5
2020-03-31,Vermont,50,293,13
2020-03-31,Virgin Islands,78,30,0
2020-03-31,Virginia,51,1249,27
2020-03-31,Washington,53,5293,226
2020-03-31,West Virginia,54,162,1
2020-03-31,Wisconsin,55,1351,25
2020-03-31,Wyoming,56,121,0
2020-04-01,Alabama,01,1108,28
2020-04-01,Alaska,02,143,2
2020-04-01,Arizona,04,1413,29
2020-04-01,Arkansas,05,624,10
2020-04-01,California,06,9857,212
2020-04-01,Colorado,08,3346,80
2020-04-01,Connecticut,09,3557,85
2020-04-01,Delaware,10,368,11
2020-04-01,District of Columbia,11,586,11
2020-04-01,Florida,12,7769,100
2020-04-01,Georgia,13,4747,154
2020-04-01,Guam,66,147,3
2020-04-01,Hawaii,15,258,1
2020-04-01,Idaho,16,669,9
2020-04-01,Illinois,17,6978,146
2020-04-01,Indiana,18,2578,80
2020-04-01,Iowa,19,549,9
2020-04-01,Kansas,20,489,11
2020-04-01,Kentucky,21,674,20
2020-04-01,Louisiana,22,6424,275
2020-04-01,Maine,23,344,7
2020-04-01,Maryland,24,1985,33
2020-04-01,Massachusetts,25,7738,122
2020-04-01,Michigan,26,9292,336
2020-04-01,Minnesota,27,689,17
2020-04-01,Mississippi,28,1073,22
2020-04-01,Missouri,29,1580,21
2020-04-01,Montana,30,219,5
2020-04-01,Nebraska,31,249,5
2020-04-01,Nevada,32,1279,32
2020-04-01,New Hampshire,33,415,4
2020-04-01,New Jersey,34,22255,355
2020-04-01,New Mexico,35,363,6
2020-04-01,New York,36,84364,2415
2020-04-01,North Carolina,37,1591,11
2020-04-01,North Dakota,38,147,3
2020-04-01,Northern Mariana Islands,69,6,1
2020-04-01,Ohio,39,2548,65
2020-04-01,Oklahoma,40,719,30
2020-04-01,Oregon,41,737,19
2020-04-01,Pennsylvania,42,5805,78
2020-04-01,Puerto Rico,72,286,11
2020-04-01,Rhode Island,44,566,10
2020-04-01,South Carolina,45,1293,26
2020-04-01,South Dakota,46,129,1
2020-04-01,Tennessee,47,2689,23
2020-04-01,Texas,48,4402,65
2020-04-01,Utah,49,1012,7
2020-04-01,Vermont,50,321,16
2020-04-01,Virgin Islands,78,30,0
2020-04-01,Virginia,51,1511,18
2020-04-01,Washington,53,5589,250
2020-04-01,West Virginia,54,191,2
2020-04-01,Wisconsin,55,1552,33
2020-04-01,Wyoming,56,138,0
2020-04-02,Alabama,01,1270,32
2020-04-02,Alaska,02,146,2
2020-04-02,Arizona,04,1600,35
2020-04-02,Arkansas,05,683,12
2020-04-02,California,06,11190,247
2020-04-02,Colorado,08,3728,96
2020-04-02,Connecticut,09,3824,112
2020-04-02,Delaware,10,393,12
2020-04-02,District of Columbia,11,653,12
2020-04-02,Florida,12,9000,144
2020-04-02,Georgia,13,5444,176
2020-04-02,Guam,66,152,3
2020-04-02,Hawaii,15,283,2
2020-04-02,Idaho,16,891,9
2020-04-02,Illinois,17,7695,165
2020-04-02,Indiana,18,3056,94
2020-04-02,Iowa,19,614,11
2020-04-02,Kansas,20,554,14
2020-04-02,Kentucky,21,747,34
2020-04-02,Louisiana,22,9152,310
2020-04-02,Maine,23,376,7
2020-04-02,Maryland,24,2331,36
2020-04-02,Massachusetts,25,8966,154
2020-04-02,Michigan,26,10791,417
2020-04-02,Minnesota,27,742,18
2020-04-02,Mississippi,28,1177,26
2020-04-02,Missouri,29,1834,28
2020-04-02,Montana,30,241,5
2020-04-02,Nebraska,31,273,6
2020-04-02,Nevada,32,1458,38
2020-04-02,New Hampshire,33,479,5
2020-04-02,New Jersey,34,25590,539
2020-04-02,New Mexico,35,403,7
2020-04-02,New York,36,93360,2963
2020-04-02,North Carolina,37,1858,17
2020-04-02,North Dakota,38,159,3
2020-04-02,Northern Mariana Islands,69,8,1
2020-04-02,Ohio,39,2903,81
2020-04-02,Oklahoma,40,879,34
2020-04-02,Oregon,41,827,21
2020-04-02,Pennsylvania,42,7021,91
2020-04-02,Puerto Rico,72,316,12
2020-04-02,Rhode Island,44,657,12
2020-04-02,South Carolina,45,1554,31
2020-04-02,South Dakota,46,165,2
2020-04-02,Tennessee,47,2868,32
2020-04-02,Texas,48,4952,80
2020-04-02,Utah,49,1077,7
2020-04-02,Vermont,50,338,17
2020-04-02,Virgin Islands,78,37,0
2020-04-02,Virginia,51,1706,18
2020-04-02,Washington,53,6586,272
2020-04-02,West Virginia,54,217,2
2020-04-02,Wisconsin,55,1730,37
2020-04-02,Wyoming,56,154,0
2020-04-03,Alabama,01,1535,38
2020-04-03,Alaska,02,156,2
2020-04-03,Arizona,04,1769,41
2020-04-03,Arkansas,05,738,12
2020-04-03,California,06,12569,282
2020-04-03,Colorado,08,4182,110
2020-04-03,Connecticut,09,4915,132
2020-04-03,Delaware,10,450,14
2020-04-03,District of Columbia,11,757,15
2020-04-03,Florida,12,10260,169
2020-04-03,Georgia,13,5967,198
2020-04-03,Guam,66,154,4
2020-04-03,Hawaii,15,317,3
2020-04-03,Idaho,16,1012,10
2020-04-03,Illinois,17,8904,212
2020-04-03,Indiana,18,3455,118
2020-04-03,Iowa,19,699,11
2020-04-03,Kansas,20,625,19
2020-04-03,Kentucky,21,762,34
2020-04-03,Louisiana,22,10299,370
2020-04-03,Maine,23,432,9
2020-04-03,Maryland,24,2758,42
2020-04-03,Massachusetts,25,10402,192
2020-04-03,Michigan,26,12669,478
2020-04-03,Minnesota,27,789,22
2020-04-03,Mississippi,28,1358,29
2020-04-03,Missouri,29,2113,36
2020-04-03,Montana,30,262,5
2020-04-03,Nebraska,31,297,6
2020-04-03,Nevada,32,1549,43
2020-04-03,New Hampshire,33,540,7
2020-04-03,New Jersey,34,29895,647
2020-04-03,New Mexico,35,495,10
2020-04-03,New York,36,103689,3716
2020-04-03,North Carolina,37,2093,23
2020-04-03,North Dakota,38,173,3
2020-04-03,Northern Mariana Islands,69,8,1
2020-04-03,Ohio,39,3312,91
2020-04-03,Oklahoma,40,989,38
2020-04-03,Oregon,41,899,22
2020-04-03,Pennsylvania,42,8420,102
2020-04-03,Puerto Rico,72,378,15
2020-04-03,Rhode Island,44,711,14
2020-04-03,South Carolina,45,1700,34
2020-04-03,South Dakota,46,187,2
2020-04-03,Tennessee,47,3032,38
2020-04-03,Texas,48,5773,98
2020-04-03,Utah,49,1248,7
2020-04-03,Vermont,50,389,17
2020-04-03,Virgin Islands,78,38,0
2020-04-03,Virginia,51,2011,46
2020-04-03,Washington,53,6967,293
2020-04-03,West Virginia,54,242,2
2020-04-03,Wisconsin,55,1916,50
2020-04-03,Wyoming,56,167,0
2020-04-04,Alabama,01,1632,44
2020-04-04,Alaska,02,169,3
2020-04-04,Arizona,04,2019,53
2020-04-04,Arkansas,05,743,14
2020-04-04,California,06,13796,323
2020-04-04,Colorado,08,4574,126
2020-04-04,Connecticut,09,5276,165
2020-04-04,Delaware,10,593,14
2020-04-04,District of Columbia,11,902,21
2020-04-04,Florida,12,11537,194
2020-04-04,Georgia,13,6383,208
2020-04-04,Guam,66,223,4
2020-04-04,Hawaii,15,349,3
2020-04-04,Idaho,16,1076,10
2020-04-04,Illinois,17,10357,248
2020-04-04,Indiana,18,3975,136
2020-04-04,Iowa,19,786,11
2020-04-04,Kansas,20,702,21
2020-04-04,Kentucky,21,909,40
2020-04-04,Louisiana,22,12500,412
2020-04-04,Maine,23,456,10
2020-04-04,Maryland,24,3125,54
2020-04-04,Massachusetts,25,11736,216
2020-04-04,Michigan,26,14225,541
2020-04-04,Minnesota,27,865,24
2020-04-04,Mississippi,28,1455,35
2020-04-04,Missouri,29,2291,44
2020-04-04,Montana,30,281,6
2020-04-04,Nebraska,31,339,8
2020-04-04,Nevada,32,1758,46
2020-04-04,New Hampshire,33,621,9
2020-04-04,New Jersey,34,34124,847
2020-04-04,New Mexico,35,544,11
2020-04-04,New York,36,115963,4535
2020-04-04,North Carolina,37,2402,30
2020-04-04,North Dakota,38,186,3
2020-04-04,Northern Mariana Islands,69,8,1
2020-04-04,Ohio,39,3739,102
2020-04-04,Oklahoma,40,1159,42
2020-04-04,Oregon,41,1000,26
2020-04-04,Pennsylvania,42,10110,140
2020-04-04,Puerto Rico,72,452,18
2020-04-04,Rhode Island,44,806,17
2020-04-04,South Carolina,45,1917,40
2020-04-04,South Dakota,46,212,2
2020-04-04,Tennessee,47,3265,47
2020-04-04,Texas,48,6566,124
2020-04-04,Utah,49,1426,8
2020-04-04,Vermont,50,461,20
2020-04-04,Virgin Islands,78,42,0
2020-04-04,Virginia,51,2408,52
2020-04-04,Washington,53,7499,318
2020-04-04,West Virginia,54,282,2
2020-04-04,Wisconsin,55,2112,60
2020-04-04,Wyoming,56,189,0
2020-04-05,Alabama,01,1840,45
2020-04-05,Alaska,02,183,4
2020-04-05,Arizona,04,2269,64
2020-04-05,Arkansas,05,853,16
2020-04-05,California,06,15202,351
2020-04-05,Colorado,08,4950,140
2020-04-05,Connecticut,09,5675,189
2020-04-05,Delaware,10,673,14
2020-04-05,District of Columbia,11,998,22
2020-04-05,Florida,12,12342,220
2020-04-05,Georgia,13,6742,219
2020-04-05,Guam,66,265,4
2020-04-05,Hawaii,15,369,4
2020-04-05,Idaho,16,1100,10
2020-04-05,Illinois,17,11276,283
2020-04-05,Indiana,18,4437,151
2020-04-05,Iowa,19,868,22
2020-04-05,Kansas,20,769,23
2020-04-05,Kentucky,21,1048,44
2020-04-05,Louisiana,22,13014,477
2020-04-05,Maine,23,470,10
2020-04-05,Maryland,24,3609,68
2020-04-05,Massachusetts,25,12500,231
2020-04-05,Michigan,26,15633,617
2020-04-05,Minnesota,27,935,29
2020-04-05,Mississippi,28,1638,43
2020-04-05,Missouri,29,2367,52
2020-04-05,Montana,30,298,6
2020-04-05,Nebraska,31,377,8
2020-04-05,Nevada,32,1880,46
2020-04-05,New Hampshire,33,669,9
2020-04-05,New Jersey,34,37505,917
2020-04-05,New Mexico,35,624,12
2020-04-05,New York,36,124085,5335
2020-04-05,North Carolina,37,2585,37
2020-04-05,North Dakota,38,207,3
2020-04-05,Northern Mariana Islands,69,8,1
2020-04-05,Ohio,39,4043,119
2020-04-05,Oklahoma,40,1251,46
2020-04-05,Oregon,41,1068,27
2020-04-05,Pennsylvania,42,11590,159
2020-04-05,Puerto Rico,72,475,20
2020-04-05,Rhode Island,44,922,25
2020-04-05,South Carolina,45,2049,44
2020-04-05,South Dakota,46,240,2
2020-04-05,Tennessee,47,3538,50
2020-04-05,Texas,48,7117,136
2020-04-05,Utah,49,1618,8
2020-04-05,Vermont,50,512,22
2020-04-05,Virgin Islands,78,42,0
2020-04-05,Virginia,51,2636,52
2020-04-05,Washington,53,7985,344
2020-04-05,West Virginia,54,325,3
2020-04-05,Wisconsin,55,2267,73
2020-04-05,Wyoming,56,200,0
2020-04-06,Alabama,01,2005,53
2020-04-06,Alaska,02,189,4
2020-04-06,Arizona,04,2466,67
2020-04-06,Arkansas,05,927,16
2020-04-06,California,06,16361,386
2020-04-06,Colorado,08,5172,150
2020-04-06,Connecticut,09,6906,206
2020-04-06,Delaware,10,783,15
2020-04-06,District of Columbia,11,1097,24
2020-04-06,Florida,12,13621,253
2020-04-06,Georgia,13,7558,294
2020-04-06,Guam,66,266,4
2020-04-06,Hawaii,15,385,5
2020-04-06,Idaho,16,1170,13
2020-04-06,Illinois,17,12262,309
2020-04-06,Indiana,18,4986,171
2020-04-06,Iowa,19,946,25
2020-04-06,Kansas,20,854,25
2020-04-06,Kentucky,21,1057,52
2020-04-06,Louisiana,22,14867,512
2020-04-06,Maine,23,499,10
2020-04-06,Maryland,24,4045,92
2020-04-06,Massachusetts,25,13837,260
2020-04-06,Michigan,26,17129,727
2020-04-06,Minnesota,27,986,30
2020-04-06,Mississippi,28,1738,51
2020-04-06,Missouri,29,2722,56
2020-04-06,Montana,30,319,6
2020-04-06,Nebraska,31,438,10
2020-04-06,Nevada,32,1971,58
2020-04-06,New Hampshire,33,715,9
2020-04-06,New Jersey,34,41090,1005
2020-04-06,New Mexico,35,686,12
2020-04-06,New York,36,133389,6149
2020-04-06,North Carolina,37,2870,42
2020-04-06,North Dakota,38,225,3
2020-04-06,Northern Mariana Islands,69,8,1
2020-04-06,Ohio,39,4450,142
2020-04-06,Oklahoma,40,1326,51
2020-04-06,Oregon,41,1132,29
2020-04-06,Pennsylvania,42,13075,170
2020-04-06,Puerto Rico,72,513,21
2020-04-06,Rhode Island,44,1082,27
2020-04-06,South Carolina,45,2232,48
2020-04-06,South Dakota,46,288,4
2020-04-06,Tennessee,47,3753,65
2020-04-06,Texas,48,8150,159
2020-04-06,Utah,49,1662,13
2020-04-06,Vermont,50,543,23
2020-04-06,Virgin Islands,78,44,1
2020-04-06,Virginia,51,2877,54
2020-04-06,Washington,53,8385,383
2020-04-06,West Virginia,54,347,4
2020-04-06,Wisconsin,55,2440,83
2020-04-06,Wyoming,56,213,0
2020-04-07,Alabama,01,2197,64
2020-04-07,Alaska,02,211,4
2020-04-07,Arizona,04,2577,77
2020-04-07,Arkansas,05,997,18
2020-04-07,California,06,17540,447
2020-04-07,Colorado,08,5429,179
2020-04-07,Connecticut,09,7781,277
2020-04-07,Delaware,10,928,16
2020-04-07,District of Columbia,11,1211,24
2020-04-07,Florida,12,14739,295
2020-04-07,Georgia,13,9156,348
2020-04-07,Guam,66,274,4
2020-04-07,Hawaii,15,408,5
2020-04-07,Idaho,16,1210,15
2020-04-07,Illinois,17,13549,384
2020-04-07,Indiana,18,5544,208
2020-04-07,Iowa,19,1048,26
2020-04-07,Kansas,20,905,30
2020-04-07,Kentucky,21,1289,66
2020-04-07,Louisiana,22,16284,582
2020-04-07,Maine,23,519,12
2020-04-07,Maryland,24,4371,104
2020-04-07,Massachusetts,25,15202,356
2020-04-07,Michigan,26,18851,845
2020-04-07,Minnesota,27,1069,34
2020-04-07,Mississippi,28,1915,59
2020-04-07,Missouri,29,3037,80
2020-04-07,Montana,30,319,6
2020-04-07,Nebraska,31,491,12
2020-04-07,Nevada,32,2101,60
2020-04-07,New Hampshire,33,747,13
2020-04-07,New Jersey,34,44416,1232
2020-04-07,New Mexico,35,794,13
2020-04-07,New York,36,141703,7185
2020-04-07,North Carolina,37,3220,50
2020-04-07,North Dakota,38,237,4
2020-04-07,Northern Mariana Islands,69,8,2
2020-04-07,Ohio,39,4783,167
2020-04-07,Oklahoma,40,1470,67
2020-04-07,Oregon,41,1181,33
2020-04-07,Pennsylvania,42,14582,241
2020-04-07,Puerto Rico,72,573,23
2020-04-07,Rhode Island,44,1229,30
2020-04-07,South Carolina,45,2417,51
2020-04-07,South Dakota,46,320,6
2020-04-07,Tennessee,47,4010,72
2020-04-07,Texas,48,8968,177
2020-04-07,Utah,49,1737,13
2020-04-07,Vermont,50,575,23
2020-04-07,Virgin Islands,78,45,1
2020-04-07,Virginia,51,3332,69
2020-04-07,Washington,53,8683,409
2020-04-07,West Virginia,54,413,4
2020-04-07,Wisconsin,55,2578,94
2020-04-07,Wyoming,56,221,0
2020-04-08,Alabama,01,2498,67
2020-04-08,Alaska,02,224,5
2020-04-08,Arizona,04,2726,80
2020-04-08,Arkansas,05,1077,18
2020-04-08,California,06,19043,506
2020-04-08,Colorado,08,5655,192
2020-04-08,Connecticut,09,8781,335
2020-04-08,Delaware,10,1116,19
2020-04-08,District of Columbia,11,1440,27
2020-04-08,Florida,12,15690,322
2020-04-08,Georgia,13,10204,370
2020-04-08,Guam,66,409,4
2020-04-08,Hawaii,15,433,5
2020-04-08,Idaho,16,1232,19
2020-04-08,Illinois,17,15078,464
2020-04-08,Indiana,18,5986,246
2020-04-08,Iowa,19,1145,27
2020-04-08,Kansas,20,1055,38
2020-04-08,Kentucky,21,1393,73
2020-04-08,Louisiana,22,17030,652
2020-04-08,Maine,23,537,14
2020-04-08,Maryland,24,5529,124
2020-04-08,Massachusetts,25,16790,433
2020-04-08,Michigan,26,20220,959
2020-04-08,Minnesota,27,1154,39
2020-04-08,Mississippi,28,2003,67
2020-04-08,Missouri,29,3327,86
2020-04-08,Montana,30,332,6
2020-04-08,Nebraska,31,538,14
2020-04-08,Nevada,32,2318,80
2020-04-08,New Hampshire,33,788,18
2020-04-08,New Jersey,34,47437,1504
2020-04-08,New Mexico,35,865,16
2020-04-08,New York,36,151271,8138
2020-04-08,North Carolina,37,3423,61
2020-04-08,North Dakota,38,251,4
2020-04-08,Northern Mariana Islands,69,11,2
2020-04-08,Ohio,39,5149,193
2020-04-08,Oklahoma,40,1523,79
2020-04-08,Oregon,41,1239,38
2020-04-08,Pennsylvania,42,16414,313
2020-04-08,Puerto Rico,72,620,24
2020-04-08,Rhode Island,44,1450,35
2020-04-08,South Carolina,45,2552,63
2020-04-08,South Dakota,46,393,6
2020-04-08,Tennessee,47,4246,83
2020-04-08,Texas,48,9897,195
2020-04-08,Utah,49,1860,13
2020-04-08,Vermont,50,605,23
2020-04-08,Virgin Islands,78,46,1
2020-04-08,Virginia,51,3644,60
2020-04-08,Washington,53,9098,430
2020-04-08,West Virginia,54,483,4
2020-04-08,Wisconsin,55,2756,107
2020-04-08,Wyoming,56,230,0
2020-04-09,Alabama,01,2838,78
2020-04-09,Alaska,02,233,5
2020-04-09,Arizona,04,3018,89
2020-04-09,Arkansas,05,1146,21
2020-04-09,California,06,20191,548
2020-04-09,Colorado,08,6202,227
2020-04-09,Connecticut,09,9784,380
2020-04-09,Delaware,10,1209,23
2020-04-09,District of Columbia,11,1523,32
2020-04-09,Florida,12,16819,370
2020-04-09,Georgia,13,10885,412
2020-04-09,Guam,66,542,4
2020-04-09,Hawaii,15,440,6
2020-04-09,Idaho,16,1366,24
2020-04-09,Illinois,17,16422,534
2020-04-09,Indiana,18,6400,295
2020-04-09,Iowa,19,1270,27
2020-04-09,Kansas,20,1116,42
2020-04-09,Kentucky,21,1525,84
2020-04-09,Louisiana,22,18283,702
2020-04-09,Maine,23,560,16
2020-04-09,Maryland,24,6185,139
2020-04-09,Massachusetts,25,18941,503
2020-04-09,Michigan,26,21375,1076
2020-04-09,Minnesota,27,1242,50
2020-04-09,Mississippi,28,2260,76
2020-04-09,Missouri,29,3539,94
2020-04-09,Montana,30,354,6
2020-04-09,Nebraska,31,594,15
2020-04-09,Nevada,32,2456,82
2020-04-09,New Hampshire,33,819,21
2020-04-09,New Jersey,34,51027,1700
2020-04-09,New Mexico,35,989,17
2020-04-09,New York,36,162036,9166
2020-04-09,North Carolina,37,3651,74
2020-04-09,North Dakota,38,269,5
2020-04-09,Northern Mariana Islands,69,11,2
2020-04-09,Ohio,39,5513,213
2020-04-09,Oklahoma,40,1683,80
2020-04-09,Oregon,41,1321,44
2020-04-09,Pennsylvania,42,18379,344
2020-04-09,Puerto Rico,72,683,33
2020-04-09,Rhode Island,44,1727,43
2020-04-09,South Carolina,45,2792,67
2020-04-09,South Dakota,46,447,6
2020-04-09,Tennessee,47,4456,95
2020-04-09,Texas,48,11372,228
2020-04-09,Utah,49,1980,13
2020-04-09,Vermont,50,628,23
2020-04-09,Virgin Islands,78,50,1
2020-04-09,Virginia,51,4041,109
2020-04-09,Washington,53,9609,456
2020-04-09,West Virginia,54,524,5
2020-04-09,Wisconsin,55,2885,116
2020-04-09,Wyoming,56,303,0
2020-04-10,Alabama,01,3008,80
2020-04-10,Alaska,02,244,5
2020-04-10,Arizona,04,3112,97
2020-04-10,Arkansas,05,1202,24
2020-04-10,California,06,21366,594
2020-04-10,Colorado,08,6510,253
2020-04-10,Connecticut,09,10538,448
2020-04-10,Delaware,10,1326,32
2020-04-10,District of Columbia,11,1660,38
2020-04-10,Florida,12,17960,418
2020-04-10,Georgia,13,11859,425
2020-04-10,Guam,66,577,4
2020-04-10,Hawaii,15,463,8
2020-04-10,Idaho,16,1425,25
2020-04-10,Illinois,17,17887,607
2020-04-10,Indiana,18,6960,353
2020-04-10,Iowa,19,1388,31
2020-04-10,Kansas,20,1180,50
2020-04-10,Kentucky,21,1702,90
2020-04-10,Louisiana,22,19253,755
2020-04-10,Maine,23,586,17
2020-04-10,Maryland,24,6968,172
2020-04-10,Massachusetts,25,20974,599
2020-04-10,Michigan,26,22646,1280
2020-04-10,Minnesota,27,1335,57
2020-04-10,Mississippi,28,2469,82
2020-04-10,Missouri,29,3799,105
2020-04-10,Montana,30,365,6
2020-04-10,Nebraska,31,678,18
2020-04-10,Nevada,32,2606,86
2020-04-10,New Hampshire,33,885,22
2020-04-10,New Jersey,34,54588,1932
2020-04-10,New Mexico,35,1090,19
2020-04-10,New York,36,172830,10162
2020-04-10,North Carolina,37,3906,78
2020-04-10,North Dakota,38,278,7
2020-04-10,Northern Mariana Islands,69,11,2
2020-04-10,Ohio,39,5879,231
2020-04-10,Oklahoma,40,1794,88
2020-04-10,Oregon,41,1371,48
2020-04-10,Pennsylvania,42,20128,435
2020-04-10,Puerto Rico,72,725,39
2020-04-10,Rhode Island,44,2015,49
2020-04-10,South Carolina,45,3065,72
2020-04-10,South Dakota,46,536,6
2020-04-10,Tennessee,47,4793,104
2020-04-10,Texas,48,12291,249
2020-04-10,Utah,49,2103,17
2020-04-10,Vermont,50,679,24
2020-04-10,Virgin Islands,78,51,1
2020-04-10,Virginia,51,4509,121
2020-04-10,Washington,53,9888,483
2020-04-10,West Virginia,54,537,5
2020-04-10,Wisconsin,55,3068,131
2020-04-10,Wyoming,56,320,0
2020-04-11,Alabama,01,3262,93
2020-04-11,Alaska,02,255,6
2020-04-11,Arizona,04,3393,112
2020-04-11,Arkansas,05,1228,25
2020-04-11,California,06,22421,632
2020-04-11,Colorado,08,6893,274
2020-04-11,Connecticut,09,11510,494
2020-04-11,Delaware,10,1479,33
2020-04-11,District of Columbia,11,1778,47
2020-04-11,Florida,12,18978,445
2020-04-11,Georgia,13,12261,432
2020-04-11,Guam,66,681,5
2020-04-11,Hawaii,15,484,8
2020-04-11,Idaho,16,1438,27
2020-04-11,Illinois,17,19180,682
2020-04-11,Indiana,18,7494,389
2020-04-11,Iowa,19,1510,34
2020-04-11,Kansas,20,1282,55
2020-04-11,Kentucky,21,1851,94
2020-04-11,Louisiana,22,20014,806
2020-04-11,Maine,23,616,19
2020-04-11,Maryland,24,7694,207
2020-04-11,Massachusetts,25,22860,686
2020-04-11,Michigan,26,23855,1395
2020-04-11,Minnesota,27,1427,64
2020-04-11,Mississippi,28,2642,93
2020-04-11,Missouri,29,4024,116
2020-04-11,Montana,30,377,6
2020-04-11,Nebraska,31,718,18
2020-04-11,Nevada,32,2720,111
2020-04-11,New Hampshire,33,929,23
2020-04-11,New Jersey,34,58151,2183
2020-04-11,New Mexico,35,1174,20
2020-04-11,New York,36,182990,11159
2020-04-11,North Carolina,37,4310,86
2020-04-11,North Dakota,38,293,7
2020-04-11,Northern Mariana Islands,69,11,2
2020-04-11,Ohio,39,6251,247
2020-04-11,Oklahoma,40,1868,93
2020-04-11,Oregon,41,1447,51
2020-04-11,Pennsylvania,42,21774,515
2020-04-11,Puerto Rico,72,788,42
2020-04-11,Rhode Island,44,2349,56
2020-04-11,South Carolina,45,3207,80
2020-04-11,South Dakota,46,626,6
2020-04-11,Tennessee,47,4983,107
2020-04-11,Texas,48,13208,265
2020-04-11,Utah,49,2208,18
2020-04-11,Vermont,50,711,24
2020-04-11,Virgin Islands,78,51,1
2020-04-11,Virginia,51,5076,130
2020-04-11,Washington,53,10227,498
2020-04-11,West Virginia,54,593,6
2020-04-11,Wisconsin,55,3213,141
2020-04-11,Wyoming,56,343,0
2020-04-12,Alabama,01,3583,93
2020-04-12,Alaska,02,270,6
2020-04-12,Arizona,04,3539,117
2020-04-12,Arkansas,05,1280,27
2020-04-12,California,06,23323,676
2020-04-12,Colorado,08,7303,290
2020-04-12,Connecticut,09,12035,554
2020-04-12,Delaware,10,1625,35
2020-04-12,District of Columbia,11,1875,50
2020-04-12,Florida,12,19855,460
2020-04-12,Georgia,13,12103,438
2020-04-12,Guam,66,716,5
2020-04-12,Hawaii,15,497,9
2020-04-12,Idaho,16,1457,27
2020-04-12,Illinois,17,20852,727
2020-04-12,Indiana,18,7990,405
2020-04-12,Iowa,19,1587,41
2020-04-12,Kansas,20,1337,56
2020-04-12,Kentucky,21,1963,98
2020-04-12,Louisiana,22,20595,840
2020-04-12,Maine,23,633,19
2020-04-12,Maryland,24,8225,236
2020-04-12,Massachusetts,25,25475,756
2020-04-12,Michigan,26,24496,1488
2020-04-12,Minnesota,27,1621,70
2020-04-12,Mississippi,28,2781,96
2020-04-12,Missouri,29,4160,116
2020-04-12,Montana,30,387,6
2020-04-12,Nebraska,31,805,18
2020-04-12,Nevada,32,2860,113
2020-04-12,New Hampshire,33,985,23
2020-04-12,New Jersey,34,61850,2350
2020-04-12,New Mexico,35,1245,26
2020-04-12,New York,36,191425,12116
2020-04-12,North Carolina,37,4520,86
2020-04-12,North Dakota,38,308,8
2020-04-12,Northern Mariana Islands,69,11,2
2020-04-12,Ohio,39,6605,253
2020-04-12,Oklahoma,40,1970,96
2020-04-12,Oregon,41,1527,52
2020-04-12,Pennsylvania,42,22955,525
2020-04-12,Puerto Rico,72,897,44
2020-04-12,Rhode Island,44,2665,63
2020-04-12,South Carolina,45,3319,82
2020-04-12,South Dakota,46,729,6
2020-04-12,Tennessee,47,5144,107
2020-04-12,Texas,48,13776,288
2020-04-12,Utah,49,2305,18
2020-04-12,Vermont,50,727,26
2020-04-12,Virgin Islands,78,51,1
2020-04-12,Virginia,51,5273,141
2020-04-12,Washington,53,10414,511
2020-04-12,West Virginia,54,615,8
2020-04-12,Wisconsin,55,3341,145
2020-04-12,Wyoming,56,364,0
2020-04-13,Alabama,01,3805,104
2020-04-13,Alaska,02,275,6
2020-04-13,Arizona,04,3702,122
2020-04-13,Arkansas,05,1475,30
2020-04-13,California,06,24334,725
2020-04-13,Colorado,08,7691,308
2020-04-13,Connecticut,09,13381,602
2020-04-13,Delaware,10,1761,41
2020-04-13,District of Columbia,11,1955,52
2020-04-13,Florida,12,21011,498
2020-04-13,Georgia,13,13125,479
2020-04-13,Guam,66,719,6
2020-04-13,Hawaii,15,502,9
2020-04-13,Idaho,16,1499,33
2020-04-13,Illinois,17,22025,800
2020-04-13,Indiana,18,8300,414
2020-04-13,Iowa,19,1710,44
2020-04-13,Kansas,20,1384,63
2020-04-13,Kentucky,21,2048,106
2020-04-13,Louisiana,22,21016,884
2020-04-13,Maine,23,698,19
2020-04-13,Maryland,24,8936,262
2020-04-13,Massachusetts,25,26867,844
2020-04-13,Michigan,26,25490,1603
2020-04-13,Minnesota,27,1650,70
2020-04-13,Mississippi,28,2942,98
2020-04-13,Missouri,29,4388,136
2020-04-13,Montana,30,394,7
2020-04-13,Nebraska,31,870,19
2020-04-13,Nevada,32,3036,114
2020-04-13,New Hampshire,33,1020,23
2020-04-13,New Jersey,34,64584,2443
2020-04-13,New Mexico,35,1345,31
2020-04-13,New York,36,197973,12998
2020-04-13,North Carolina,37,4788,91
2020-04-13,North Dakota,38,331,9
2020-04-13,Northern Mariana Islands,69,11,2
2020-04-13,Ohio,39,6975,274
2020-04-13,Oklahoma,40,2069,98
2020-04-13,Oregon,41,1584,53
2020-04-13,Pennsylvania,42,24295,563
2020-04-13,Puerto Rico,72,903,45
2020-04-13,Rhode Island,44,2976,73
2020-04-13,South Carolina,45,3439,87
2020-04-13,South Dakota,46,867,6
2020-04-13,Tennessee,47,5483,114
2020-04-13,Texas,48,14487,320
2020-04-13,Utah,49,2368,18
2020-04-13,Vermont,50,748,27
2020-04-13,Virgin Islands,78,51,1
2020-04-13,Virginia,51,5746,149
2020-04-13,Washington,53,10547,525
2020-04-13,West Virginia,54,638,9
2020-04-13,Wisconsin,55,3428,155
2020-04-13,Wyoming,56,373,1
2020-04-14,Alabama,01,3953,114
2020-04-14,Alaska,02,283,7
2020-04-14,Arizona,04,3806,131
2020-04-14,Arkansas,05,1498,32
2020-04-14,California,06,25758,778
2020-04-14,Colorado,08,7941,329
2020-04-14,Connecticut,09,13989,671
2020-04-14,Delaware,10,1926,43
2020-04-14,District of Columbia,11,2058,67
2020-04-14,Florida,12,21620,570
2020-04-14,Georgia,13,13913,517
2020-04-14,Guam,66,721,6
2020-04-14,Hawaii,15,511,9
2020-04-14,Idaho,16,1538,39
2020-04-14,Illinois,17,23247,878
2020-04-14,Indiana,18,8598,458
2020-04-14,Iowa,19,1899,44
2020-04-14,Kansas,20,1440,69
2020-04-14,Kentucky,21,2210,115
2020-04-14,Louisiana,22,21518,1013
2020-04-14,Maine,23,734,20
2020-04-14,Maryland,24,9472,302
2020-04-14,Massachusetts,25,28163,957
2020-04-14,Michigan,26,26845,1767
2020-04-14,Minnesota,27,1695,79
2020-04-14,Mississippi,28,3087,111
2020-04-14,Missouri,29,4686,151
2020-04-14,Montana,30,399,7
2020-04-14,Nebraska,31,930,21
2020-04-14,Nevada,32,3137,130
2020-04-14,New Hampshire,33,1091,27
2020-04-14,New Jersey,34,68824,2805
2020-04-14,New Mexico,35,1407,36
2020-04-14,New York,36,205375,14001
2020-04-14,North Carolina,37,4992,116
2020-04-14,North Dakota,38,341,9
2020-04-14,Northern Mariana Islands,69,13,2
2020-04-14,Ohio,39,7280,324
2020-04-14,Oklahoma,40,2184,109
2020-04-14,Oregon,41,1633,55
2020-04-14,Pennsylvania,42,25591,746
2020-04-14,Puerto Rico,72,923,45
2020-04-14,Rhode Island,44,3251,80
2020-04-14,South Carolina,45,3553,97
2020-04-14,South Dakota,46,987,6
2020-04-14,Tennessee,47,5654,123
2020-04-14,Texas,48,15303,365
2020-04-14,Utah,49,2420,19
2020-04-14,Vermont,50,752,28
2020-04-14,Virgin Islands,78,51,1
2020-04-14,Virginia,51,6173,154
2020-04-14,Washington,53,10711,552
2020-04-14,West Virginia,54,697,10
2020-04-14,Wisconsin,55,3555,172
2020-04-14,Wyoming,56,373,1
2020-04-15,Alabama,01,4241,123
2020-04-15,Alaska,02,291,7
2020-04-15,Arizona,04,3962,142
2020-04-15,Arkansas,05,1599,34
2020-04-15,California,06,27107,885
2020-04-15,Colorado,08,8280,355
2020-04-15,Connecticut,09,14755,868
2020-04-15,Delaware,10,2014,46
2020-04-15,District of Columbia,11,2197,72
2020-04-15,Florida,12,22526,613
2020-04-15,Georgia,13,14583,569
2020-04-15,Guam,66,750,6
2020-04-15,Hawaii,15,524,9
2020-04-15,Idaho,16,1587,41
2020-04-15,Illinois,17,24593,958
2020-04-15,Indiana,18,9030,511
2020-04-15,Iowa,19,1995,53
2020-04-15,Kansas,20,1503,76
2020-04-15,Kentucky,21,2295,124
2020-04-15,Louisiana,22,21951,1103
2020-04-15,Maine,23,770,24
2020-04-15,Maryland,24,10096,413
2020-04-15,Massachusetts,25,29918,1108
2020-04-15,Michigan,26,27894,1920
2020-04-15,Minnesota,27,1809,87
2020-04-15,Mississippi,28,3360,122
2020-04-15,Missouri,29,4895,164
2020-04-15,Montana,30,404,7
2020-04-15,Nebraska,31,994,22
2020-04-15,Nevada,32,3212,137
2020-04-15,New Hampshire,33,1139,32
2020-04-15,New Jersey,34,71030,3156
2020-04-15,New Mexico,35,1484,36
2020-04-15,New York,36,217130,14937
2020-04-15,North Carolina,37,5123,128
2020-04-15,North Dakota,38,365,9
2020-04-15,Northern Mariana Islands,69,13,2
2020-04-15,Ohio,39,7791,361
2020-04-15,Oklahoma,40,2263,123
2020-04-15,Oregon,41,1663,58
2020-04-15,Pennsylvania,42,26804,833
2020-04-15,Puerto Rico,72,974,51
2020-04-15,Rhode Island,44,3529,87
2020-04-15,South Carolina,45,3656,107
2020-04-15,South Dakota,46,1168,6
2020-04-15,Tennessee,47,5864,135
2020-04-15,Texas,48,16106,395
2020-04-15,Utah,49,2549,20
2020-04-15,Vermont,50,759,29
2020-04-15,Virgin Islands,78,51,1
2020-04-15,Virginia,51,6502,195
2020-04-15,Washington,53,10806,572
2020-04-15,West Virginia,54,725,12
2020-04-15,Wisconsin,55,3721,184
2020-04-15,Wyoming,56,392,2
2020-04-16,Alabama,01,4404,137
2020-04-16,Alaska,02,298,7
2020-04-16,Arizona,04,4234,152
2020-04-16,Arkansas,05,1620,37
2020-04-16,California,06,28142,971
2020-04-16,Colorado,08,8675,374
2020-04-16,Connecticut,09,15884,971
2020-04-16,Delaware,10,2075,52
2020-04-16,District of Columbia,11,2350,81
2020-04-16,Florida,12,23332,667
2020-04-16,Georgia,13,15644,611
2020-04-16,Guam,66,790,6
2020-04-16,Hawaii,15,535,9
2020-04-16,Idaho,16,1609,41
2020-04-16,Illinois,17,25734,1081
2020-04-16,Indiana,18,9619,554
2020-04-16,Iowa,19,2141,60
2020-04-16,Kansas,20,1595,80
2020-04-16,Kentucky,21,2429,131
2020-04-16,Louisiana,22,22532,1156
2020-04-16,Maine,23,796,27
2020-04-16,Maryland,24,10851,459
2020-04-16,Massachusetts,25,32181,1245
2020-04-16,Michigan,26,29120,2092
2020-04-16,Minnesota,27,1912,94
2020-04-16,Mississippi,28,3624,129
2020-04-16,Missouri,29,5111,170
2020-04-16,Montana,30,415,7
2020-04-16,Nebraska,31,1094,24
2020-04-16,Nevada,32,3321,142
2020-04-16,New Hampshire,33,1211,34
2020-04-16,New Jersey,34,75317,3518
2020-04-16,New Mexico,35,1597,44
2020-04-16,New York,36,225761,15669
2020-04-16,North Carolina,37,5463,140
2020-04-16,North Dakota,38,393,9
2020-04-16,Northern Mariana Islands,69,13,2
2020-04-16,Ohio,39,8414,389
2020-04-16,Oklahoma,40,2357,131
2020-04-16,Oregon,41,1736,64
2020-04-16,Pennsylvania,42,28314,940
2020-04-16,Puerto Rico,72,1043,56
2020-04-16,Rhode Island,44,3838,105
2020-04-16,South Carolina,45,3931,109
2020-04-16,South Dakota,46,1311,7
2020-04-16,Tennessee,47,6077,142
2020-04-16,Texas,48,16928,428
2020-04-16,Utah,49,2687,21
2020-04-16,Vermont,50,768,34
2020-04-16,Virgin Islands,78,51,2
2020-04-16,Virginia,51,6891,208
2020-04-16,Washington,53,11180,588
2020-04-16,West Virginia,54,739,13
2020-04-16,Wisconsin,55,3875,197
2020-04-16,Wyoming,56,393,2
2020-04-17,Alabama,01,4572,151
2020-04-17,Alaska,02,307,7
2020-04-17,Arizona,04,4507,174
2020-04-17,Arkansas,05,1695,37
2020-04-17,California,06,29398,1050
2020-04-17,Colorado,08,9047,389
2020-04-17,Connecticut,09,16809,1036
2020-04-17,Delaware,10,2323,61
2020-04-17,District of Columbia,11,2476,86
2020-04-17,Florida,12,24745,725
2020-04-17,Georgia,13,16658,661
2020-04-17,Guam,66,796,6
2020-04-17,Hawaii,15,547,9
2020-04-17,Idaho,16,1655,43
2020-04-17,Illinois,17,27575,1142
2020-04-17,Indiana,18,10235,599
2020-04-17,Iowa,19,2332,64
2020-04-17,Kansas,20,1732,84
2020-04-17,Kentucky,21,2522,140
2020-04-17,Louisiana,22,23118,1213
2020-04-17,Maine,23,827,29
2020-04-17,Maryland,24,11641,494
2020-04-17,Massachusetts,25,34402,1404
2020-04-17,Michigan,26,29954,2227
2020-04-17,Minnesota,27,2071,111
2020-04-17,Mississippi,28,3793,140
2020-04-17,Missouri,29,5283,184
2020-04-17,Montana,30,422,8
2020-04-17,Nebraska,31,1216,24
2020-04-17,Nevada,32,3524,151
2020-04-17,New Hampshire,33,1287,37
2020-04-17,New Jersey,34,78467,3840
2020-04-17,New Mexico,35,1711,51
2020-04-17,New York,36,233293,16473
2020-04-17,North Carolina,37,5859,159
2020-04-17,North Dakota,38,439,9
2020-04-17,Northern Mariana Islands,69,14,2
2020-04-17,Ohio,39,9107,418
2020-04-17,Oklahoma,40,2465,136
2020-04-17,Oregon,41,1785,70
2020-04-17,Pennsylvania,42,30121,1027
2020-04-17,Puerto Rico,72,1068,58
2020-04-17,Rhode Island,44,4177,118
2020-04-17,South Carolina,45,4086,116
2020-04-17,South Dakota,46,1411,7
2020-04-17,Tennessee,47,6423,146
2020-04-17,Texas,48,18131,461
2020-04-17,Utah,49,2813,23
2020-04-17,Vermont,50,779,34
2020-04-17,Virgin Islands,78,53,3
2020-04-17,Virginia,51,7492,238
2020-04-17,Washington,53,11479,610
2020-04-17,West Virginia,54,776,16
2020-04-17,Wisconsin,55,4045,205
2020-04-17,Wyoming,56,401,2
2020-04-18,Alabama,01,4723,147
2020-04-18,Alaska,02,312,7
2020-04-18,Arizona,04,4719,181
2020-04-18,Arkansas,05,1777,38
2020-04-18,California,06,30829,1146
2020-04-18,Colorado,08,9433,409
2020-04-18,Connecticut,09,17550,1086
2020-04-18,Delaware,10,2538,67
2020-04-18,District of Columbia,11,2666,91
2020-04-18,Florida,12,25484,747
2020-04-18,Georgia,13,17014,670
2020-04-18,Guam,66,805,6
2020-04-18,Hawaii,15,568,9
2020-04-18,Idaho,16,1668,44
2020-04-18,Illinois,17,29160,1272
2020-04-18,Indiana,18,10730,633
2020-04-18,Iowa,19,2513,74
2020-04-18,Kansas,20,1820,86
2020-04-18,Kentucky,21,2707,145
2020-04-18,Louisiana,22,23580,1267
2020-04-18,Maine,23,847,32
2020-04-18,Maryland,24,12379,534
2020-04-18,Massachusetts,25,36372,1560
2020-04-18,Michigan,26,30718,2307
2020-04-18,Minnesota,27,2213,121
2020-04-18,Mississippi,28,3974,152
2020-04-18,Missouri,29,5517,194
2020-04-18,Montana,30,426,10
2020-04-18,Nebraska,31,1348,28
2020-04-18,Nevada,32,3626,155
2020-04-18,New Hampshire,33,1342,38
2020-04-18,New Jersey,34,81420,4070
2020-04-18,New Mexico,35,1798,53
2020-04-18,New York,36,240542,17141
2020-04-18,North Carolina,37,6140,175
2020-04-18,North Dakota,38,528,9
2020-04-18,Northern Mariana Islands,69,14,2
2020-04-18,Ohio,39,10222,451
2020-04-18,Oklahoma,40,2570,139
2020-04-18,Oregon,41,1844,72
2020-04-18,Pennsylvania,42,31742,1150
2020-04-18,Puerto Rico,72,1118,60
2020-04-18,Rhode Island,44,4491,137
2020-04-18,South Carolina,45,4246,119
2020-04-18,South Dakota,46,1541,7
2020-04-18,Tennessee,47,6624,148
2020-04-18,Texas,48,18927,487
2020-04-18,Utah,49,2942,25
2020-04-18,Vermont,50,803,36
2020-04-18,Virgin Islands,78,53,3
2020-04-18,Virginia,51,8053,258
2020-04-18,Washington,53,11850,629
2020-04-18,West Virginia,54,825,18
2020-04-18,Wisconsin,55,4199,212
2020-04-18,Wyoming,56,412,2
2020-04-19,Alabama,01,4903,160
2020-04-19,Alaska,02,317,7
2020-04-19,Arizona,04,4929,188
2020-04-19,Arkansas,05,1781,39
2020-04-19,California,06,31544,1176
2020-04-19,Colorado,08,9730,421
2020-04-19,Connecticut,09,17962,1127
2020-04-19,Delaware,10,2538,67
2020-04-19,District of Columbia,11,2793,96
2020-04-19,Florida,12,26306,773
2020-04-19,Georgia,13,17619,682
2020-04-19,Guam,66,808,6
2020-04-19,Hawaii,15,574,10
2020-04-19,Idaho,16,1672,45
2020-04-19,Illinois,17,30357,1302
2020-04-19,Indiana,18,11301,652
2020-04-19,Iowa,19,2915,75
2020-04-19,Kansas,20,1897,94
2020-04-19,Kentucky,21,2960,149
2020-04-19,Louisiana,22,23928,1296
2020-04-19,Maine,23,867,34
2020-04-19,Maryland,24,12892,548
2020-04-19,Massachusetts,25,38077,1706
2020-04-19,Michigan,26,31349,2389
2020-04-19,Minnesota,27,2356,134
2020-04-19,Mississippi,28,4274,159
2020-04-19,Missouri,29,5667,196
2020-04-19,Montana,30,433,10
2020-04-19,Nebraska,31,1473,28
2020-04-19,Nevada,32,3710,158
2020-04-19,New Hampshire,33,1392,41
2020-04-19,New Jersey,34,85301,4202
2020-04-19,New Mexico,35,1845,55
2020-04-19,New York,36,246741,17793
2020-04-19,North Carolina,37,6493,183
2020-04-19,North Dakota,38,585,10
2020-04-19,Northern Mariana Islands,69,14,2
2020-04-19,Ohio,39,11602,471
2020-04-19,Oklahoma,40,2599,140
2020-04-19,Oregon,41,1910,74
2020-04-19,Pennsylvania,42,32992,1285
2020-04-19,Puerto Rico,72,1213,41
2020-04-19,Rhode Island,44,4706,150
2020-04-19,South Carolina,45,4377,120
2020-04-19,South Dakota,46,1635,7
2020-04-19,Tennessee,47,6824,151
2020-04-19,Texas,48,19441,503
2020-04-19,Utah,49,3071,27
2020-04-19,Vermont,50,812,36
2020-04-19,Virgin Islands,78,53,3
2020-04-19,Virginia,51,8536,277
2020-04-19,Washington,53,11864,637
2020-04-19,West Virginia,54,890,20
2020-04-19,Wisconsin,55,4346,222
2020-04-19,Wyoming,56,422,2
2020-04-20,Alabama,01,5078,164
2020-04-20,Alaska,02,319,7
2020-04-20,Arizona,04,5064,191
2020-04-20,Arkansas,05,1971,42
2020-04-20,California,06,33862,1223
2020-04-20,Colorado,08,10106,448
2020-04-20,Connecticut,09,19815,1331
2020-04-20,Delaware,10,2745,72
2020-04-20,District of Columbia,11,2927,105
2020-04-20,Florida,12,27050,822
2020-04-20,Georgia,13,18447,767
2020-04-20,Guam,66,811,6
2020-04-20,Hawaii,15,578,10
2020-04-20,Idaho,16,1736,48
2020-04-20,Illinois,17,31508,1359
2020-04-20,Indiana,18,11784,666
2020-04-20,Iowa,19,3175,79
2020-04-20,Kansas,20,2030,101
2020-04-20,Kentucky,21,3050,155
2020-04-20,Louisiana,22,24523,1328
2020-04-20,Maine,23,875,35
2020-04-20,Maryland,24,13750,582
2020-04-20,Massachusetts,25,39643,1809
2020-04-20,Michigan,26,31929,2466
2020-04-20,Minnesota,27,2470,143
2020-04-20,Mississippi,28,4512,169
2020-04-20,Missouri,29,5807,201
2020-04-20,Montana,30,433,12
2020-04-20,Nebraska,31,1646,33
2020-04-20,Nevada,32,3830,163
2020-04-20,New Hampshire,33,1447,42
2020-04-20,New Jersey,34,88806,4377
2020-04-20,New Mexico,35,1971,58
2020-04-20,New York,36,251608,18412
2020-04-20,North Carolina,37,6764,187
2020-04-20,North Dakota,38,627,13
2020-04-20,Northern Mariana Islands,69,14,2
2020-04-20,Ohio,39,12919,509
2020-04-20,Oklahoma,40,2680,143
2020-04-20,Oregon,41,1956,75
2020-04-20,Pennsylvania,42,34005,1366
2020-04-20,Puerto Rico,72,1252,42
2020-04-20,Rhode Island,44,5090,155
2020-04-20,South Carolina,45,4439,124
2020-04-20,South Dakota,46,1685,7
2020-04-20,Tennessee,47,6994,156
2020-04-20,Texas,48,20035,523
2020-04-20,Utah,49,3213,28
2020-04-20,Vermont,50,816,37
2020-04-20,Virgin Islands,78,54,3
2020-04-20,Virginia,51,8989,300
2020-04-20,Washington,53,12255,661
2020-04-20,West Virginia,54,908,26
2020-04-20,Wisconsin,55,4564,231
2020-04-20,Wyoming,56,426,2
2020-04-21,Alabama,01,5327,186
2020-04-21,Alaska,02,327,7
2020-04-21,Arizona,04,5251,213
2020-04-21,Arkansas,05,2262,43
2020-04-21,California,06,35844,1316
2020-04-21,Colorado,08,10447,484
2020-04-21,Connecticut,09,20360,1423
2020-04-21,Delaware,10,2931,82
2020-04-21,District of Columbia,11,3098,112
2020-04-21,Florida,12,27861,866
2020-04-21,Georgia,13,19189,810
2020-04-21,Guam,66,852,6
2020-04-21,Hawaii,15,580,12
2020-04-21,Idaho,16,1766,51
2020-04-21,Illinois,17,33059,1479
2020-04-21,Indiana,18,12214,731
2020-04-21,Iowa,19,3641,83
2020-04-21,Kansas,20,2114,107
2020-04-21,Kentucky,21,3193,172
2020-04-21,Louisiana,22,24854,1405
2020-04-21,Maine,23,888,36
2020-04-21,Maryland,24,14261,652
2020-04-21,Massachusetts,25,41199,1961
2020-04-21,Michigan,26,32936,2698
2020-04-21,Minnesota,27,2567,160
2020-04-21,Mississippi,28,4716,183
2020-04-21,Missouri,29,5941,221
2020-04-21,Montana,30,437,12
2020-04-21,Nebraska,31,1726,38
2020-04-21,Nevada,32,3937,163
2020-04-21,New Hampshire,33,1491,42
2020-04-21,New Jersey,34,92387,4753
2020-04-21,New Mexico,35,2072,65
2020-04-21,New York,36,255932,19040
2020-04-21,North Carolina,37,6951,217
2020-04-21,North Dakota,38,644,13
2020-04-21,Northern Mariana Islands,69,14,2
2020-04-21,Ohio,39,13725,557
2020-04-21,Oklahoma,40,2807,164
2020-04-21,Oregon,41,2002,78
2020-04-21,Pennsylvania,42,35384,1620
2020-04-21,Puerto Rico,72,915,43
2020-04-21,Rhode Island,44,5500,171
2020-04-21,South Carolina,45,4608,135
2020-04-21,South Dakota,46,1755,8
2020-04-21,Tennessee,47,7317,159
2020-04-21,Texas,48,20949,552
2020-04-21,Utah,49,3301,32
2020-04-21,Vermont,50,818,39
2020-04-21,Virgin Islands,78,54,3
2020-04-21,Virginia,51,9629,325
2020-04-21,Washington,53,12410,683
2020-04-21,West Virginia,54,929,26
2020-04-21,Wisconsin,55,4691,243
2020-04-21,Wyoming,56,442,6
2020-04-22,Alabama,01,5610,201
2020-04-22,Alaska,02,333,7
2020-04-22,Arizona,04,5459,236
2020-04-22,Arkansas,05,2392,44
2020-04-22,California,06,37573,1425
2020-04-22,Colorado,08,10878,526
2020-04-22,Connecticut,09,22469,1544
2020-04-22,Delaware,10,3200,89
2020-04-22,District of Columbia,11,3206,127
2020-04-22,Florida,12,28301,926
2020-04-22,Georgia,13,20099,837
2020-04-22,Guam,66,911,6
2020-04-22,Hawaii,15,586,12
2020-04-22,Idaho,16,1802,54
2020-04-22,Illinois,17,35108,1577
2020-04-22,Indiana,18,12575,764
2020-04-22,Iowa,19,3764,90
2020-04-22,Kansas,20,2291,111
2020-04-22,Kentucky,21,3373,185
2020-04-22,Louisiana,22,25317,1532
2020-04-22,Maine,23,907,39
2020-04-22,Maryland,24,14842,698
2020-04-22,Massachusetts,25,42944,2182
2020-04-22,Michigan,26,33973,2813
2020-04-22,Minnesota,27,2721,179
2020-04-22,Mississippi,28,4894,193
2020-04-22,Missouri,29,6137,236
2020-04-22,Montana,30,439,14
2020-04-22,Nebraska,31,1826,42
2020-04-22,Nevada,32,4081,187
2020-04-22,New Hampshire,33,1588,48
2020-04-22,New Jersey,34,95865,5063
2020-04-22,New Mexico,35,2210,71
2020-04-22,New York,36,261591,19647
2020-04-22,North Carolina,37,7220,242
2020-04-22,North Dakota,38,679,14
2020-04-22,Northern Mariana Islands,69,14,2
2020-04-22,Ohio,39,14117,610
2020-04-22,Oklahoma,40,2894,169
2020-04-22,Oregon,41,2059,78
2020-04-22,Pennsylvania,42,36763,1720
2020-04-22,Puerto Rico,72,915,46
2020-04-22,Rhode Island,44,5841,181
2020-04-22,South Carolina,45,4761,140
2020-04-22,South Dakota,46,1858,9
2020-04-22,Tennessee,47,7681,169
2020-04-22,Texas,48,21769,571
2020-04-22,Utah,49,3451,34
2020-04-22,Vermont,50,823,39
2020-04-22,Virgin Islands,78,54,3
2020-04-22,Virginia,51,10265,349
2020-04-22,Washington,53,12606,696
2020-04-22,West Virginia,54,939,29
2020-04-22,Wisconsin,55,4915,247
2020-04-22,Wyoming,56,447,6
2020-04-23,Alabama,01,5832,197
2020-04-23,Alaska,02,335,7
2020-04-23,Arizona,04,5769,257
2020-04-23,Arkansas,05,2599,45
2020-04-23,California,06,39534,1548
2020-04-23,Colorado,08,11262,557
2020-04-23,Connecticut,09,23100,1639
2020-04-23,Delaware,10,3308,92
2020-04-23,District of Columbia,11,3361,139
2020-04-23,Florida,12,29640,986
2020-04-23,Georgia,13,20905,871
2020-04-23,Guam,66,979,6
2020-04-23,Hawaii,15,590,12
2020-04-23,Idaho,16,1836,54
2020-04-23,Illinois,17,36935,1696
2020-04-23,Indiana,18,13196,811
2020-04-23,Iowa,19,3939,96
2020-04-23,Kansas,20,2626,112
2020-04-23,Kentucky,21,3548,194
2020-04-23,Louisiana,22,25798,1599
2020-04-23,Maine,23,937,44
2020-04-23,Maryland,24,15805,748
2020-04-23,Massachusetts,25,46023,2360
2020-04-23,Michigan,26,35253,2977
2020-04-23,Minnesota,27,2942,200
2020-04-23,Mississippi,28,5153,201
2020-04-23,Missouri,29,6321,248
2020-04-23,Montana,30,442,14
2020-04-23,Nebraska,31,2190,46
2020-04-23,Nevada,32,4208,195
2020-04-23,New Hampshire,33,1670,51
2020-04-23,New Jersey,34,99989,5368
2020-04-23,New Mexico,35,2379,78
2020-04-23,New York,36,267932,20212
2020-04-23,North Carolina,37,7608,253
2020-04-23,North Dakota,38,709,15
2020-04-23,Northern Mariana Islands,69,14,2
2020-04-23,Ohio,39,14694,656
2020-04-23,Oklahoma,40,3017,179
2020-04-23,Oregon,41,2127,83
2020-04-23,Pennsylvania,42,38334,1723
2020-04-23,Puerto Rico,72,1230,69
2020-04-23,Rhode Island,44,6256,189
2020-04-23,South Carolina,45,4917,150
2020-04-23,South Dakota,46,1956,9
2020-04-23,Tennessee,47,8169,172
2020-04-23,Texas,48,22706,601
2020-04-23,Utah,49,3621,35
2020-04-23,Vermont,50,825,42
2020-04-23,Virgin Islands,78,54,3
2020-04-23,Virginia,51,10999,375
2020-04-23,Washington,53,12981,717
2020-04-23,West Virginia,54,981,31
2020-04-23,Wisconsin,55,5125,257
2020-04-23,Wyoming,56,453,7
2020-04-24,Alabama,01,6026,209
2020-04-24,Alaska,02,337,7
2020-04-24,Arizona,04,6045,268
2020-04-24,Arkansas,05,2810,47
2020-04-24,California,06,41368,1619
2020-04-24,Colorado,08,12255,672
2020-04-24,Connecticut,09,23921,1764
2020-04-24,Delaware,10,3442,100
2020-04-24,District of Columbia,11,3528,153
2020-04-24,Florida,12,30525,1045
2020-04-24,Georgia,13,21575,889
2020-04-24,Guam,66,997,6
2020-04-24,Hawaii,15,595,13
2020-04-24,Idaho,16,1870,54
2020-04-24,Illinois,17,39658,1804
2020-04-24,Indiana,18,13848,851
2020-04-24,Iowa,19,4459,107
2020-04-24,Kansas,20,2842,117
2020-04-24,Kentucky,21,3779,203
2020-04-24,Louisiana,22,26199,1660
2020-04-24,Maine,23,965,47
2020-04-24,Maryland,24,16693,798
2020-04-24,Massachusetts,25,50969,2556
2020-04-24,Michigan,26,36628,3084
2020-04-24,Minnesota,27,3185,221
2020-04-24,Mississippi,28,5434,209
2020-04-24,Missouri,29,6625,267
2020-04-24,Montana,30,444,14
2020-04-24,Nebraska,31,2474,50
2020-04-24,Nevada,32,4398,203
2020-04-24,New Hampshire,33,1720,53
2020-04-24,New Jersey,34,102196,5617
2020-04-24,New Mexico,35,2524,84
2020-04-24,New York,36,276218,20759
2020-04-24,North Carolina,37,8052,270
2020-04-24,North Dakota,38,748,15
2020-04-24,Northern Mariana Islands,69,14,2
2020-04-24,Ohio,39,15169,690
2020-04-24,Oklahoma,40,3120,188
2020-04-24,Oregon,41,2177,86
2020-04-24,Pennsylvania,42,40298,1786
2020-04-24,Puerto Rico,72,1276,77
2020-04-24,Rhode Island,44,6699,202
2020-04-24,South Carolina,45,5070,157
2020-04-24,South Dakota,46,2040,10
2020-04-24,Tennessee,47,8618,172
2020-04-24,Texas,48,23650,625
2020-04-24,Utah,49,3782,39
2020-04-24,Vermont,50,827,43
2020-04-24,Virgin Islands,78,55,3
2020-04-24,Virginia,51,11595,413
2020-04-24,Washington,53,13197,731
2020-04-24,West Virginia,54,1010,32
2020-04-24,Wisconsin,55,5431,262
2020-04-24,Wyoming,56,473,7
2020-04-25,Alabama,01,6213,213
2020-04-25,Alaska,02,337,7
2020-04-25,Arizona,04,6280,275
2020-04-25,Arkansas,05,2909,48
2020-04-25,California,06,42590,1692
2020-04-25,Colorado,08,12967,670
2020-04-25,Connecticut,09,24582,1862
2020-04-25,Delaware,10,3576,112
2020-04-25,District of Columbia,11,3699,165
2020-04-25,Florida,12,30831,1054
2020-04-25,Georgia,13,22225,897
2020-04-25,Guam,66,997,6
2020-04-25,Hawaii,15,597,14
2020-04-25,Idaho,16,1887,56
2020-04-25,Illinois,17,41777,1884
2020-04-25,Indiana,18,14567,897
2020-04-25,Iowa,19,5109,112
2020-04-25,Kansas,20,3091,119
2020-04-25,Kentucky,21,3905,208
2020-04-25,Louisiana,22,26571,1703
2020-04-25,Maine,23,990,50
2020-04-25,Maryland,24,17844,875
2020-04-25,Massachusetts,25,53348,2730
2020-04-25,Michigan,26,37302,3273
2020-04-25,Minnesota,27,3446,244
2020-04-25,Mississippi,28,5718,221
2020-04-25,Missouri,29,6826,280
2020-04-25,Montana,30,445,14
2020-04-25,Nebraska,31,2898,52
2020-04-25,Nevada,32,4539,206
2020-04-25,New Hampshire,33,1793,60
2020-04-25,New Jersey,34,105523,5863
2020-04-25,New Mexico,35,2662,93
2020-04-25,New York,36,286901,21326
2020-04-25,North Carolina,37,8548,304
2020-04-25,North Dakota,38,803,16
2020-04-25,Northern Mariana Islands,69,14,2
2020-04-25,Ohio,39,15587,711
2020-04-25,Oklahoma,40,3193,194
2020-04-25,Oregon,41,2253,87
2020-04-25,Pennsylvania,42,41626,1842
2020-04-25,Puerto Rico,72,1307,83
2020-04-25,Rhode Island,44,7129,215
2020-04-25,South Carolina,45,5253,166
2020-04-25,South Dakota,46,2147,10
2020-04-25,Tennessee,47,8918,179
2020-04-25,Texas,48,24494,662
2020-04-25,Utah,49,3950,41
2020-04-25,Vermont,50,843,45
2020-04-25,Virgin Islands,78,57,4
2020-04-25,Virginia,51,12365,436
2020-04-25,Washington,53,13565,743
2020-04-25,West Virginia,54,1025,33
2020-04-25,Wisconsin,55,5762,266
2020-04-25,Wyoming,56,477,7
2020-04-26,Alabama,01,6421,219
2020-04-26,Alaska,02,339,7
2020-04-26,Arizona,04,6526,277
2020-04-26,Arkansas,05,3001,50
2020-04-26,California,06,43691,1716
2020-04-26,Colorado,08,13440,678
2020-04-26,Connecticut,09,25269,1925
2020-04-26,Delaware,10,4034,120
2020-04-26,District of Columbia,11,3841,178
2020-04-26,Florida,12,31520,1073
2020-04-26,Georgia,13,22459,907
2020-04-26,Guam,66,997,6
2020-04-26,Hawaii,15,599,14
2020-04-26,Idaho,16,1897,56
2020-04-26,Illinois,17,43903,1943
2020-04-26,Indiana,18,15187,928
2020-04-26,Iowa,19,5490,118
2020-04-26,Kansas,20,3198,120
2020-04-26,Kentucky,21,4074,211
2020-04-26,Louisiana,22,26832,1729
2020-04-26,Maine,23,1015,50
2020-04-26,Maryland,24,18664,910
2020-04-26,Massachusetts,25,54938,2899
2020-04-26,Michigan,26,38003,3314
2020-04-26,Minnesota,27,3602,272
2020-04-26,Mississippi,28,5911,227
2020-04-26,Missouri,29,6997,282
2020-04-26,Montana,30,448,14
2020-04-26,Nebraska,31,3126,54
2020-04-26,Nevada,32,4638,206
2020-04-26,New Hampshire,33,1864,60
2020-04-26,New Jersey,34,109038,5938
2020-04-26,New Mexico,35,2728,99
2020-04-26,New York,36,292914,21804
2020-04-26,North Carolina,37,8830,309
2020-04-26,North Dakota,38,867,17
2020-04-26,Northern Mariana Islands,69,14,2
2020-04-26,Ohio,39,15963,728
2020-04-26,Oklahoma,40,3253,195
2020-04-26,Oregon,41,2311,91
2020-04-26,Pennsylvania,42,42709,1871
2020-04-26,Puerto Rico,72,1371,84
2020-04-26,Rhode Island,44,7439,226
2020-04-26,South Carolina,45,5490,174
2020-04-26,South Dakota,46,2213,11
2020-04-26,Tennessee,47,9435,182
2020-04-26,Texas,48,25209,676
2020-04-26,Utah,49,4123,41
2020-04-26,Vermont,50,851,45
2020-04-26,Virgin Islands,78,59,4
2020-04-26,Virginia,51,12969,448
2020-04-26,Washington,53,13744,757
2020-04-26,West Virginia,54,1054,34
2020-04-26,Wisconsin,55,5986,274
2020-04-26,Wyoming,56,502,7
2020-04-27,Alabama,01,6539,228
2020-04-27,Alaska,02,343,7
2020-04-27,Arizona,04,6716,277
2020-04-27,Arkansas,05,3069,51
2020-04-27,California,06,45208,1800
2020-04-27,Colorado,08,13804,705
2020-04-27,Connecticut,09,25997,2012
2020-04-27,Delaware,10,4162,125
2020-04-27,District of Columbia,11,3892,185
2020-04-27,Florida,12,32130,1087
2020-04-27,Georgia,13,23229,981
2020-04-27,Guam,66,1113,6
2020-04-27,Hawaii,15,600,16
2020-04-27,Idaho,16,1917,58
2020-04-27,Illinois,17,45883,1992
2020-04-27,Indiana,18,16137,932
2020-04-27,Iowa,19,5868,127
2020-04-27,Kansas,20,3407,126
2020-04-27,Kentucky,21,4146,216
2020-04-27,Louisiana,22,27111,1740
2020-04-27,Maine,23,1023,51
2020-04-27,Maryland,24,19574,945
2020-04-27,Massachusetts,25,56462,3003
2020-04-27,Michigan,26,38457,3406
2020-04-27,Minnesota,27,3816,286
2020-04-27,Mississippi,28,6094,229
2020-04-27,Missouri,29,7171,296
2020-04-27,Montana,30,449,14
2020-04-27,Nebraska,31,3487,54
2020-04-27,Nevada,32,4708,219
2020-04-27,New Hampshire,33,1938,60
2020-04-27,New Jersey,34,111188,6044
2020-04-27,New Mexico,35,2825,104
2020-04-27,New York,36,296991,22267
2020-04-27,North Carolina,37,9035,331
2020-04-27,North Dakota,38,942,19
2020-04-27,Northern Mariana Islands,69,14,2
2020-04-27,Ohio,39,16325,753
2020-04-27,Oklahoma,40,3280,197
2020-04-27,Oregon,41,2354,92
2020-04-27,Pennsylvania,42,43728,1946
2020-04-27,Puerto Rico,72,1388,84
2020-04-27,Rhode Island,44,7708,233
2020-04-27,South Carolina,45,5613,177
2020-04-27,South Dakota,46,2246,11
2020-04-27,Tennessee,47,9739,184
2020-04-27,Texas,48,25963,699
2020-04-27,Utah,49,4236,41
2020-04-27,Vermont,50,855,46
2020-04-27,Virgin Islands,78,59,4
2020-04-27,Virginia,51,13534,458
2020-04-27,Washington,53,13958,771
2020-04-27,West Virginia,54,1078,37
2020-04-27,Wisconsin,55,6164,281
2020-04-27,Wyoming,56,520,7
2020-04-28,Alabama,01,6750,242
2020-04-28,Alaska,02,349,7
2020-04-28,Arizona,04,6948,297
2020-04-28,Arkansas,05,3127,57
2020-04-28,California,06,46570,1884
2020-04-28,Colorado,08,14239,734
2020-04-28,Connecticut,09,26312,2089
2020-04-28,Delaware,10,4575,137
2020-04-28,District of Columbia,11,3994,190
2020-04-28,Florida,12,32838,1170
2020-04-28,Georgia,13,23607,1022
2020-04-28,Guam,66,1114,6
2020-04-28,Hawaii,15,602,16
2020-04-28,Idaho,16,1952,60
2020-04-28,Illinois,17,48102,2132
2020-04-28,Indiana,18,16783,992
2020-04-28,Iowa,19,6376,136
2020-04-28,Kansas,20,3601,127
2020-04-28,Kentucky,21,4375,231
2020-04-28,Louisiana,22,27329,1801
2020-04-28,Maine,23,1040,51
2020-04-28,Maryland,24,20200,1016
2020-04-28,Massachusetts,25,58302,3153
2020-04-28,Michigan,26,39469,3566
2020-04-28,Minnesota,27,4181,301
2020-04-28,Mississippi,28,6342,239
2020-04-28,Missouri,29,7306,324
2020-04-28,Montana,30,451,15
2020-04-28,Nebraska,31,3613,56
2020-04-28,Nevada,32,4812,225
2020-04-28,New Hampshire,33,2010,60
2020-04-28,New Jersey,34,113856,6442
2020-04-28,New Mexico,35,2975,110
2020-04-28,New York,36,300276,22777
2020-04-28,North Carolina,37,9568,353
2020-04-28,North Dakota,38,991,19
2020-04-28,Northern Mariana Islands,69,14,2
2020-04-28,Ohio,39,16769,799
2020-04-28,Oklahoma,40,3410,207
2020-04-28,Oregon,41,2385,99
2020-04-28,Pennsylvania,42,45323,2092
2020-04-28,Puerto Rico,72,1400,86
2020-04-28,Rhode Island,44,7926,239
2020-04-28,South Carolina,45,5735,192
2020-04-28,South Dakota,46,2314,11
2020-04-28,Tennessee,47,9974,190
2020-04-28,Texas,48,26868,738
2020-04-28,Utah,49,4343,45
2020-04-28,Vermont,50,862,46
2020-04-28,Virgin Islands,78,62,4
2020-04-28,Virginia,51,14338,492
2020-04-28,Washington,53,14165,792
2020-04-28,West Virginia,54,1096,38
2020-04-28,Wisconsin,55,6389,300
2020-04-28,Wyoming,56,536,7
2020-04-29,Alabama,01,6925,262
2020-04-29,Alaska,02,353,7
2020-04-29,Arizona,04,7202,308
2020-04-29,Arkansas,05,3207,59
2020-04-29,California,06,48904,1961
2020-04-29,Colorado,08,14680,764
2020-04-29,Connecticut,09,26767,2168
2020-04-29,Delaware,10,4655,144
2020-04-29,District of Columbia,11,4106,205
2020-04-29,Florida,12,33185,1216
2020-04-29,Georgia,13,24300,1086
2020-04-29,Guam,66,1114,6
2020-04-29,Hawaii,15,605,16
2020-04-29,Idaho,16,1984,60
2020-04-29,Illinois,17,50355,2221
2020-04-29,Indiana,18,17409,1065
2020-04-29,Iowa,19,6843,148
2020-04-29,Kansas,20,3811,132
2020-04-29,Kentucky,21,4538,235
2020-04-29,Louisiana,22,27703,1845
2020-04-29,Maine,23,1056,52
2020-04-29,Maryland,24,20942,1078
2020-04-29,Massachusetts,25,60265,3405
2020-04-29,Michigan,26,40443,3670
2020-04-29,Minnesota,27,4644,319
2020-04-29,Mississippi,28,6569,250
2020-04-29,Missouri,29,7426,331
2020-04-29,Montana,30,451,16
2020-04-29,Nebraska,31,3876,67
2020-04-29,Nevada,32,4934,237
2020-04-29,New Hampshire,33,2054,66
2020-04-29,New Jersey,34,116264,6770
2020-04-29,New Mexico,35,3213,112
2020-04-29,New York,36,304994,23287
2020-04-29,North Carolina,37,9947,366
2020-04-29,North Dakota,38,1033,19
2020-04-29,Northern Mariana Islands,69,14,2
2020-04-29,Ohio,39,17303,937
2020-04-29,Oklahoma,40,3473,214
2020-04-29,Oregon,41,2446,101
2020-04-29,Pennsylvania,42,46191,2392
2020-04-29,Puerto Rico,72,1465,86
2020-04-29,Rhode Island,44,8247,251
2020-04-29,South Carolina,45,5881,232
2020-04-29,South Dakota,46,2375,13
2020-04-29,Tennessee,47,10255,196
2020-04-29,Texas,48,27839,776
2020-04-29,Utah,49,4499,45
2020-04-29,Vermont,50,862,46
2020-04-29,Virgin Islands,78,66,4
2020-04-29,Virginia,51,14961,522
2020-04-29,Washington,53,14490,805
2020-04-29,West Virginia,54,1110,40
2020-04-29,Wisconsin,55,6621,308
2020-04-29,Wyoming,56,544,7
2020-04-30,Alabama,01,7068,272
2020-04-30,Alaska,02,353,7
2020-04-30,Arizona,04,7648,320
2020-04-30,Arkansas,05,3281,61
2020-04-30,California,06,50470,2057
2020-04-30,Colorado,08,15207,775
2020-04-30,Connecticut,09,27700,2257
2020-04-30,Delaware,10,4734,152
2020-04-30,District of Columbia,11,4323,224
2020-04-30,Florida,12,33683,1267
2020-04-30,Georgia,13,25431,1121
2020-04-30,Guam,66,1115,6
2020-04-30,Hawaii,15,609,16
2020-04-30,Idaho,16,2016,63
2020-04-30,Illinois,17,52918,2361
2020-04-30,Indiana,18,18099,1114
2020-04-30,Iowa,19,7145,162
2020-04-30,Kansas,20,4305,133
2020-04-30,Kentucky,21,4708,240
2020-04-30,Louisiana,22,28044,1905
2020-04-30,Maine,23,1095,53
2020-04-30,Maryland,24,21825,1139
2020-04-30,Massachusetts,25,62205,3562
2020-04-30,Michigan,26,41348,3788
2020-04-30,Minnesota,27,5136,343
2020-04-30,Mississippi,28,6815,261
2020-04-30,Missouri,29,7563,341
2020-04-30,Montana,30,452,16
2020-04-30,Nebraska,31,4332,70
2020-04-30,Nevada,32,5053,243
2020-04-30,New Hampshire,33,2146,72
2020-04-30,New Jersey,34,118652,7228
2020-04-30,New Mexico,35,3411,123
2020-04-30,New York,36,309696,23616
2020-04-30,North Carolina,37,10507,385
2020-04-30,North Dakota,38,1067,19
2020-04-30,Northern Mariana Islands,69,14,2
2020-04-30,Ohio,39,18027,975
2020-04-30,Oklahoma,40,3618,222
2020-04-30,Oregon,41,2510,103
2020-04-30,Pennsylvania,42,48224,2580
2020-04-30,Puerto Rico,72,1537,92
2020-04-30,Rhode Island,44,8621,266
2020-04-30,South Carolina,45,6095,244
2020-04-30,South Dakota,46,2450,17
2020-04-30,Tennessee,47,10506,200
2020-04-30,Texas,48,29072,828
2020-04-30,Utah,49,4672,46
2020-04-30,Vermont,50,866,48
2020-04-30,Virgin Islands,78,66,4
2020-04-30,Virginia,51,15846,552
2020-04-30,Washington,53,14814,822
2020-04-30,West Virginia,54,1126,44
2020-04-30,Wisconsin,55,6973,316
2020-04-30,Wyoming,56,559,7
2020-05-01,Alabama,01,7294,289
2020-05-01,Alaska,02,362,7
2020-05-01,Arizona,04,7962,330
2020-05-01,Arkansas,05,3310,64
2020-05-01,California,06,52318,2147
2020-05-01,Colorado,08,15661,818
2020-05-01,Connecticut,09,28764,2339
2020-05-01,Delaware,10,4918,159
2020-05-01,District of Columbia,11,4658,231
2020-05-01,Florida,12,34720,1313
2020-05-01,Georgia,13,26436,1153
2020-05-01,Guam,66,1115,6
2020-05-01,Hawaii,15,610,16
2020-05-01,Idaho,16,2035,63
2020-05-01,Illinois,17,56055,2464
2020-05-01,Indiana,18,18941,1175
2020-05-01,Iowa,19,7883,170
2020-05-01,Kansas,20,4510,136
2020-05-01,Kentucky,21,4879,248
2020-05-01,Louisiana,22,28754,1970
2020-05-01,Maine,23,1123,55
2020-05-01,Maryland,24,23566,1192
2020-05-01,Massachusetts,25,64311,3716
2020-05-01,Michigan,26,42348,3866
2020-05-01,Minnesota,27,5730,371
2020-05-01,Mississippi,28,7212,281
2020-05-01,Missouri,29,7840,355
2020-05-01,Montana,30,452,16
2020-05-01,Nebraska,31,4838,72
2020-05-01,Nevada,32,5249,254
2020-05-01,New Hampshire,33,2310,81
2020-05-01,New Jersey,34,121190,7538
2020-05-01,New Mexico,35,3513,131
2020-05-01,New York,36,313575,23841
2020-05-01,North Carolina,37,10922,405
2020-05-01,North Dakota,38,1107,23
2020-05-01,Northern Mariana Islands,69,14,2
2020-05-01,Ohio,39,18743,1002
2020-05-01,Oklahoma,40,3748,230
2020-05-01,Oregon,41,2579,104
2020-05-01,Pennsylvania,42,49764,2671
2020-05-01,Puerto Rico,72,1573,94
2020-05-01,Rhode Island,44,8962,279
2020-05-01,South Carolina,45,6258,256
2020-05-01,South Dakota,46,2525,21
2020-05-01,Tennessee,47,11781,205
2020-05-01,Texas,48,30342,853
2020-05-01,Utah,49,4829,46
2020-05-01,Vermont,50,879,49
2020-05-01,Virgin Islands,78,66,4
2020-05-01,Virginia,51,16901,581
2020-05-01,Washington,53,15134,829
2020-05-01,West Virginia,54,1152,47
2020-05-01,Wisconsin,55,7439,327
2020-05-01,Wyoming,56,566,7
2020-05-02,Alabama,01,7611,288
2020-05-02,Alaska,02,363,7
2020-05-02,Arizona,04,8364,353
2020-05-02,Arkansas,05,3372,72
2020-05-02,California,06,53753,2213
2020-05-02,Colorado,08,16118,830
2020-05-02,Connecticut,09,29287,2436
2020-05-02,Delaware,10,5038,168
2020-05-02,District of Columbia,11,4797,240
2020-05-02,Florida,12,35455,1363
2020-05-02,Georgia,13,27268,1161
2020-05-02,Guam,66,1117,6
2020-05-02,Hawaii,15,611,16
2020-05-02,Idaho,16,2061,64
2020-05-02,Illinois,17,58505,2576
2020-05-02,Indiana,18,19629,1229
2020-05-02,Iowa,19,8641,175
2020-05-02,Kansas,20,4863,140
2020-05-02,Kentucky,21,4881,252
2020-05-02,Louisiana,22,29183,1993
2020-05-02,Maine,23,1152,56
2020-05-02,Maryland,24,24568,1251
2020-05-02,Massachusetts,25,66263,3846
2020-05-02,Michigan,26,43191,4020
2020-05-02,Minnesota,27,6228,395
2020-05-02,Mississippi,28,7441,291
2020-05-02,Missouri,29,8154,373
2020-05-02,Montana,30,454,16
2020-05-02,Nebraska,31,5332,75
2020-05-02,Nevada,32,5390,257
2020-05-02,New Hampshire,33,2429,84
2020-05-02,New Jersey,34,123717,7742
2020-05-02,New Mexico,35,3732,139
2020-05-02,New York,36,318134,24035
2020-05-02,North Carolina,37,11514,428
2020-05-02,North Dakota,38,1153,24
2020-05-02,Northern Mariana Islands,69,14,2
2020-05-02,Ohio,39,19335,1021
2020-05-02,Oklahoma,40,3851,238
2020-05-02,Oregon,41,2635,109
2020-05-02,Pennsylvania,42,51071,2794
2020-05-02,Puerto Rico,72,1755,95
2020-05-02,Rhode Island,44,9289,296
2020-05-02,South Carolina,45,6489,267
2020-05-02,South Dakota,46,2587,21
2020-05-02,Tennessee,47,12376,210
2020-05-02,Texas,48,31433,875
2020-05-02,Utah,49,4981,49
2020-05-02,Vermont,50,886,50
2020-05-02,Virgin Islands,78,66,4
2020-05-02,Virginia,51,17731,616
2020-05-02,Washington,53,15383,833
2020-05-02,West Virginia,54,1185,50
2020-05-02,Wisconsin,55,7785,334
2020-05-02,Wyoming,56,579,7
2020-05-03,Alabama,01,7888,290
2020-05-03,Alaska,02,366,7
2020-05-03,Arizona,04,8640,362
2020-05-03,Arkansas,05,3431,76
2020-05-03,California,06,55072,2235
2020-05-03,Colorado,08,16527,840
2020-05-03,Connecticut,09,29287,2436
2020-05-03,Delaware,10,5208,177
2020-05-03,District of Columbia,11,5016,251
2020-05-03,Florida,12,36070,1378
2020-05-03,Georgia,13,27618,1168
2020-05-03,Guam,66,1118,6
2020-05-03,Hawaii,15,611,17
2020-05-03,Idaho,16,2059,64
2020-05-03,Illinois,17,61499,2632
2020-05-03,Indiana,18,20267,1246
2020-05-03,Iowa,19,9169,184
2020-05-03,Kansas,20,5177,142
2020-05-03,Kentucky,21,5223,256
2020-05-03,Louisiana,22,29383,2012
2020-05-03,Maine,23,1185,57
2020-05-03,Maryland,24,25561,1281
2020-05-03,Massachusetts,25,68087,4004
2020-05-03,Michigan,26,43803,4049
2020-05-03,Minnesota,27,6663,419
2020-05-03,Mississippi,28,7550,303
2020-05-03,Missouri,29,8454,378
2020-05-03,Montana,30,454,16
2020-05-03,Nebraska,31,5686,77
2020-05-03,Nevada,32,5473,262
2020-05-03,New Hampshire,33,2518,86
2020-05-03,New Jersey,34,126744,7871
2020-05-03,New Mexico,35,3850,151
2020-05-03,New York,36,321833,24576
2020-05-03,North Carolina,37,11668,436
2020-05-03,North Dakota,38,1191,25
2020-05-03,Northern Mariana Islands,69,14,2
2020-05-03,Ohio,39,19914,1038
2020-05-03,Oklahoma,40,3972,238
2020-05-03,Oregon,41,2680,109
2020-05-03,Pennsylvania,42,52079,2843
2020-05-03,Puerto Rico,72,1806,97
2020-05-03,Rhode Island,44,9477,320
2020-05-03,South Carolina,45,6626,275
2020-05-03,South Dakota,46,2630,21
2020-05-03,Tennessee,47,12871,211
2020-05-03,Texas,48,32299,890
2020-05-03,Utah,49,5175,50
2020-05-03,Vermont,50,897,52
2020-05-03,Virgin Islands,78,66,4
2020-05-03,Virginia,51,18671,660
2020-05-03,Washington,53,15943,840
2020-05-03,West Virginia,54,1196,50
2020-05-03,Wisconsin,55,8089,339
2020-05-03,Wyoming,56,586,7
2020-05-04,Alabama,01,8112,298
2020-05-04,Alaska,02,368,7
2020-05-04,Arizona,04,8919,362
2020-05-04,Arkansas,05,3469,80
2020-05-04,California,06,56333,2297
2020-05-04,Colorado,08,16799,849
2020-05-04,Connecticut,09,29973,2556
2020-05-04,Delaware,10,5288,182
2020-05-04,District of Columbia,11,5170,258
2020-05-04,Florida,12,36889,1398
2020-05-04,Georgia,13,28350,1228
2020-05-04,Guam,66,1118,6
2020-05-04,Hawaii,15,612,17
2020-05-04,Idaho,16,2106,64
2020-05-04,Illinois,17,63840,2673
2020-05-04,Indiana,18,20855,1264
2020-05-04,Iowa,19,9703,188
2020-05-04,Kansas,20,5385,154
2020-05-04,Kentucky,21,5370,267
2020-05-04,Louisiana,22,29746,2064
2020-05-04,Maine,23,1205,57
2020-05-04,Maryland,24,26509,1317
2020-05-04,Massachusetts,25,69087,4090
2020-05-04,Michigan,26,43996,4135
2020-05-04,Minnesota,27,7234,428
2020-05-04,Mississippi,28,7877,310
2020-05-04,Missouri,29,8776,387
2020-05-04,Montana,30,456,16
2020-05-04,Nebraska,31,6123,78
2020-05-04,Nevada,32,5627,266
2020-05-04,New Hampshire,33,2588,86
2020-05-04,New Jersey,34,128269,7910
2020-05-04,New Mexico,35,4030,156
2020-05-04,New York,36,324357,24788
2020-05-04,North Carolina,37,11871,454
2020-05-04,North Dakota,38,1225,25
2020-05-04,Northern Mariana Islands,69,14,2
2020-05-04,Ohio,39,20474,1056
2020-05-04,Oklahoma,40,4044,238
2020-05-04,Oregon,41,2759,109
2020-05-04,Pennsylvania,42,52992,2880
2020-05-04,Puerto Rico,72,1875,97
2020-05-04,Rhode Island,44,9652,341
2020-05-04,South Carolina,45,6757,283
2020-05-04,South Dakota,46,2667,21
2020-05-04,Tennessee,47,13283,216
2020-05-04,Texas,48,33134,914
2020-05-04,Utah,49,5326,50
2020-05-04,Vermont,50,902,52
2020-05-04,Virgin Islands,78,66,4
2020-05-04,Virginia,51,19492,684
2020-05-04,Washington,53,16047,846
2020-05-04,West Virginia,54,1225,50
2020-05-04,Wisconsin,55,8362,340
2020-05-04,Wyoming,56,596,7
2020-05-05,Alabama,01,8437,315
2020-05-05,Alaska,02,369,7
2020-05-05,Arizona,04,9305,395
2020-05-05,Arkansas,05,3525,83
2020-05-05,California,06,58848,2386
2020-05-05,Colorado,08,17256,901
2020-05-05,Connecticut,09,30621,2633
2020-05-05,Delaware,10,5371,187
2020-05-05,District of Columbia,11,5322,264
2020-05-05,Florida,12,37431,1470
2020-05-05,Georgia,13,28876,1277
2020-05-05,Guam,66,1118,6
2020-05-05,Hawaii,15,615,17
2020-05-05,Idaho,16,2127,66
2020-05-05,Illinois,17,65889,2843
2020-05-05,Indiana,18,21423,1326
2020-05-05,Iowa,19,10111,207
2020-05-05,Kansas,20,5627,160
2020-05-05,Kentucky,21,5822,278
2020-05-05,Louisiana,22,30069,2115
2020-05-05,Maine,23,1226,61
2020-05-05,Maryland,24,27217,1390
2020-05-05,Massachusetts,25,70271,4212
2020-05-05,Michigan,26,44391,4179
2020-05-05,Minnesota,27,7851,455
2020-05-05,Mississippi,28,8207,342
2020-05-05,Missouri,29,8919,408
2020-05-05,Montana,30,456,16
2020-05-05,Nebraska,31,6442,81
2020-05-05,Nevada,32,5665,276
2020-05-05,New Hampshire,33,2636,92
2020-05-05,New Jersey,34,130593,8244
2020-05-05,New Mexico,35,4137,162
2020-05-05,New York,36,326659,25028
2020-05-05,North Carolina,37,12283,477
2020-05-05,North Dakota,38,1266,25
2020-05-05,Northern Mariana Islands,69,14,2
2020-05-05,Ohio,39,20969,1135
2020-05-05,Oklahoma,40,4127,247
2020-05-05,Oregon,41,2839,113
2020-05-05,Pennsylvania,42,53967,3206
2020-05-05,Puerto Rico,72,1924,99
2020-05-05,Rhode Island,44,9933,355
2020-05-05,South Carolina,45,6841,296
2020-05-05,South Dakota,46,2720,24
2020-05-05,Tennessee,47,13555,225
2020-05-05,Texas,48,34286,955
2020-05-05,Utah,49,5449,56
2020-05-05,Vermont,50,907,52
2020-05-05,Virgin Islands,78,66,4
2020-05-05,Virginia,51,20256,713
2020-05-05,Washington,53,16234,863
2020-05-05,West Virginia,54,1243,50
2020-05-05,Wisconsin,55,8696,353
2020-05-05,Wyoming,56,604,7
2020-05-06,Alabama,01,8691,343
2020-05-06,Alaska,02,370,8
2020-05-06,Arizona,04,9707,426
2020-05-06,Arkansas,05,3611,87
2020-05-06,California,06,60787,2478
2020-05-06,Colorado,08,17720,919
2020-05-06,Connecticut,09,30995,2718
2020-05-06,Delaware,10,5778,193
2020-05-06,District of Columbia,11,5461,277
2020-05-06,Florida,12,37994,1538
2020-05-06,Georgia,13,29724,1309
2020-05-06,Guam,66,1118,6
2020-05-06,Hawaii,15,616,17
2020-05-06,Idaho,16,2158,67
2020-05-06,Illinois,17,68164,2977
2020-05-06,Indiana,18,22286,1377
2020-05-06,Iowa,19,10404,219
2020-05-06,Kansas,20,5893,163
2020-05-06,Kentucky,21,5946,286
2020-05-06,Louisiana,22,30472,2167
2020-05-06,Maine,23,1254,62
2020-05-06,Maryland,24,28263,1443
2020-05-06,Massachusetts,25,72025,4420
2020-05-06,Michigan,26,45079,4250
2020-05-06,Minnesota,27,8579,485
2020-05-06,Mississippi,28,8424,374
2020-05-06,Missouri,29,9164,429
2020-05-06,Montana,30,456,16
2020-05-06,Nebraska,31,6771,85
2020-05-06,Nevada,32,5744,286
2020-05-06,New Hampshire,33,2741,111
2020-05-06,New Jersey,34,131890,8549
2020-05-06,New Mexico,35,4290,169
2020-05-06,New York,36,329405,25956
2020-05-06,North Carolina,37,12783,497
2020-05-06,North Dakota,38,1323,31
2020-05-06,Northern Mariana Islands,69,15,2
2020-05-06,Ohio,39,21576,1225
2020-05-06,Oklahoma,40,4201,253
2020-05-06,Oregon,41,2916,115
2020-05-06,Pennsylvania,42,54989,3360
2020-05-06,Puerto Rico,72,1968,99
2020-05-06,Rhode Island,44,10205,370
2020-05-06,South Carolina,45,6936,305
2020-05-06,South Dakota,46,2779,29
2020-05-06,Tennessee,47,13737,237
2020-05-06,Texas,48,35441,985
2020-05-06,Utah,49,5605,59
2020-05-06,Vermont,50,908,52
2020-05-06,Virgin Islands,78,66,4
2020-05-06,Virginia,51,20256,713
2020-05-06,Washington,53,16873,881
2020-05-06,West Virginia,54,1277,51
2020-05-06,Wisconsin,55,9052,362
2020-05-06,Wyoming,56,631,7
2020-05-07,Alabama,01,9046,369
2020-05-07,Alaska,02,373,8
2020-05-07,Arizona,04,9945,450
2020-05-07,Arkansas,05,3694,88
2020-05-07,California,06,62481,2561
2020-05-07,Colorado,08,18264,942
2020-05-07,Connecticut,09,31784,2797
2020-05-07,Delaware,10,5939,202
2020-05-07,District of Columbia,11,5654,285
2020-05-07,Florida,12,38820,1599
2020-05-07,Georgia,13,30524,1332
2020-05-07,Guam,66,1118,6
2020-05-07,Hawaii,15,619,17
2020-05-07,Idaho,16,2178,67
2020-05-07,Illinois,17,70802,3139
2020-05-07,Indiana,18,22942,1414
2020-05-07,Iowa,19,11059,231
2020-05-07,Kansas,20,6240,164
2020-05-07,Kentucky,21,6173,302
2020-05-07,Louisiana,22,30725,2208
2020-05-07,Maine,23,1330,62
2020-05-07,Maryland,24,29476,1503
2020-05-07,Massachusetts,25,73721,4552
2020-05-07,Michigan,26,45643,4343
2020-05-07,Minnesota,27,9364,508
2020-05-07,Mississippi,28,8686,396
2020-05-07,Missouri,29,9409,449
2020-05-07,Montana,30,456,16
2020-05-07,Nebraska,31,7190,91
2020-05-07,Nevada,32,5858,293
2020-05-07,New Hampshire,33,2843,114
2020-05-07,New Jersey,34,133635,8801
2020-05-07,New Mexico,35,4492,172
2020-05-07,New York,36,332931,26206
2020-05-07,North Carolina,37,13431,521
2020-05-07,North Dakota,38,1371,31
2020-05-07,Northern Mariana Islands,69,15,2
2020-05-07,Ohio,39,22131,1271
2020-05-07,Oklahoma,40,4330,260
2020-05-07,Oregon,41,2989,121
2020-05-07,Pennsylvania,42,56149,3599
2020-05-07,Puerto Rico,72,2031,102
2020-05-07,Rhode Island,44,10530,388
2020-05-07,South Carolina,45,7142,316
2020-05-07,South Dakota,46,2905,31
2020-05-07,Tennessee,47,14108,238
2020-05-07,Texas,48,36682,1016
2020-05-07,Utah,49,5724,61
2020-05-07,Vermont,50,916,53
2020-05-07,Virgin Islands,78,68,4
2020-05-07,Virginia,51,21570,769
2020-05-07,Washington,53,17187,903
2020-05-07,West Virginia,54,1298,51
2020-05-07,Wisconsin,55,9369,374
2020-05-07,Wyoming,56,635,7
2020-05-08,Alabama,01,9385,383
2020-05-08,Alaska,02,376,8
2020-05-08,Arizona,04,10526,517
2020-05-08,Arkansas,05,3747,88
2020-05-08,California,06,64616,2650
2020-05-08,Colorado,08,18719,958
2020-05-08,Connecticut,09,32411,2874
2020-05-08,Delaware,10,6083,213
2020-05-08,District of Columbia,11,5899,304
2020-05-08,Florida,12,39191,1668
2020-05-08,Georgia,13,31089,1378
2020-05-08,Guam,66,1120,6
2020-05-08,Hawaii,15,619,17
2020-05-08,Idaho,16,2205,67
2020-05-08,Illinois,17,73688,3262
2020-05-08,Indiana,18,23620,1447
2020-05-08,Iowa,19,11457,243
2020-05-08,Kansas,20,6751,167
2020-05-08,Kentucky,21,6298,304
2020-05-08,Louisiana,22,30928,2227
2020-05-08,Maine,23,1374,63
2020-05-08,Maryland,24,30592,1560
2020-05-08,Massachusetts,25,75333,4702
2020-05-08,Michigan,26,46319,4393
2020-05-08,Minnesota,27,10087,534
2020-05-08,Mississippi,28,9090,409
2020-05-08,Missouri,29,9573,481
2020-05-08,Montana,30,458,16
2020-05-08,Nebraska,31,7830,92
2020-05-08,Nevada,32,5942,301
2020-05-08,New Hampshire,33,2947,121
2020-05-08,New Jersey,34,135454,8952
2020-05-08,New Mexico,35,4673,181
2020-05-08,New York,36,335804,26358
2020-05-08,North Carolina,37,13879,537
2020-05-08,North Dakota,38,1425,33
2020-05-08,Northern Mariana Islands,69,15,2
2020-05-08,Ohio,39,23018,1306
2020-05-08,Oklahoma,40,4424,266
2020-05-08,Oregon,41,3068,124
2020-05-08,Pennsylvania,42,57501,3724
2020-05-08,Puerto Rico,72,2156,107
2020-05-08,Rhode Island,44,10779,399
2020-05-08,South Carolina,45,7367,320
2020-05-08,South Dakota,46,3144,31
2020-05-08,Tennessee,47,14276,240
2020-05-08,Texas,48,37943,1059
2020-05-08,Utah,49,5919,61
2020-05-08,Vermont,50,919,53
2020-05-08,Virgin Islands,78,69,4
2020-05-08,Virginia,51,22342,812
2020-05-08,Washington,53,17477,915
2020-05-08,West Virginia,54,1324,52
2020-05-08,Wisconsin,55,9750,384
2020-05-08,Wyoming,56,644,7
2020-05-09,Alabama,01,9668,390
2020-05-09,Alaska,02,377,8
2020-05-09,Arizona,04,10960,532
2020-05-09,Arkansas,05,3747,88
2020-05-09,California,06,66824,2732
2020-05-09,Colorado,08,19267,965
2020-05-09,Connecticut,09,32984,2932
2020-05-09,Delaware,10,6277,221
2020-05-09,District of Columbia,11,6102,311
2020-05-09,Florida,12,39993,1714
2020-05-09,Georgia,13,31481,1380
2020-05-09,Guam,66,1120,6
2020-05-09,Hawaii,15,620,17
2020-05-09,Idaho,16,2230,67
2020-05-09,Illinois,17,76008,3362
2020-05-09,Indiana,18,24239,1490
2020-05-09,Iowa,19,11671,252
2020-05-09,Kansas,20,6923,172
2020-05-09,Kentucky,21,6469,312
2020-05-09,Louisiana,22,31490,2267
2020-05-09,Maine,23,1408,64
2020-05-09,Maryland,24,31638,1614
2020-05-09,Massachusetts,25,76743,4840
2020-05-09,Michigan,26,46735,4526
2020-05-09,Minnesota,27,10789,558
2020-05-09,Mississippi,28,9378,421
2020-05-09,Missouri,29,9737,492
2020-05-09,Montana,30,458,16
2020-05-09,Nebraska,31,8233,95
2020-05-09,Nevada,32,6046,306
2020-05-09,New Hampshire,33,3011,131
2020-05-09,New Jersey,34,137085,9116
2020-05-09,New Mexico,35,4778,191
2020-05-09,New York,36,338519,26584
2020-05-09,North Carolina,37,14387,554
2020-05-09,North Dakota,38,1464,35
2020-05-09,Northern Mariana Islands,69,16,2
2020-05-09,Ohio,39,23697,1331
2020-05-09,Oklahoma,40,4490,270
2020-05-09,Oregon,41,3160,127
2020-05-09,Pennsylvania,42,58661,3793
2020-05-09,Puerto Rico,72,2173,108
2020-05-09,Rhode Island,44,10989,418
2020-05-09,South Carolina,45,7531,330
2020-05-09,South Dakota,46,3393,34
2020-05-09,Tennessee,47,14675,241
2020-05-09,Texas,48,38849,1086
2020-05-09,Utah,49,6103,66
2020-05-09,Vermont,50,921,53
2020-05-09,Virgin Islands,78,69,4
2020-05-09,Virginia,51,23196,827
2020-05-09,Washington,53,17629,925
2020-05-09,West Virginia,54,1348,53
2020-05-09,Wisconsin,55,10099,398
2020-05-09,Wyoming,56,653,7
2020-05-10,Alabama,01,9889,393
2020-05-10,Alaska,02,378,8
2020-05-10,Arizona,04,11119,536
2020-05-10,Arkansas,05,4012,91
2020-05-10,California,06,68051,2769
2020-05-10,Colorado,08,19595,969
2020-05-10,Connecticut,09,33554,2967
2020-05-10,Delaware,10,6447,224
2020-05-10,District of Columbia,11,6272,323
2020-05-10,Florida,12,40588,1720
2020-05-10,Georgia,13,32267,1383
2020-05-10,Guam,66,1120,6
2020-05-10,Hawaii,15,621,17
2020-05-10,Idaho,16,2232,67
2020-05-10,Illinois,17,77662,3426
2020-05-10,Indiana,18,24633,1508
2020-05-10,Iowa,19,11959,265
2020-05-10,Kansas,20,7045,172
2020-05-10,Kentucky,21,6486,312
2020-05-10,Louisiana,22,31673,2286
2020-05-10,Maine,23,1436,64
2020-05-10,Maryland,24,32693,1644
2020-05-10,Massachusetts,25,77793,4979
2020-05-10,Michigan,26,47116,4551
2020-05-10,Minnesota,27,11270,578
2020-05-10,Mississippi,28,9501,430
2020-05-10,Missouri,29,9906,502
2020-05-10,Montana,30,458,16
2020-05-10,Nebraska,31,8328,97
2020-05-10,Nevada,32,6120,306
2020-05-10,New Hampshire,33,3071,133
2020-05-10,New Jersey,34,138532,9255
2020-05-10,New Mexico,35,4863,200
2020-05-10,New York,36,340657,26798
2020-05-10,North Carolina,37,14783,561
2020-05-10,North Dakota,38,1491,35
2020-05-10,Northern Mariana Islands,69,16,2
2020-05-10,Ohio,39,24086,1341
2020-05-10,Oklahoma,40,4589,272
2020-05-10,Oregon,41,3228,127
2020-05-10,Pennsylvania,42,60037,3819
2020-05-10,Puerto Rico,72,2198,111
2020-05-10,Rhode Island,44,11274,422
2020-05-10,South Carolina,45,7653,331
2020-05-10,South Dakota,46,3517,34
2020-05-10,Tennessee,47,15060,242
2020-05-10,Texas,48,40037,1110
2020-05-10,Utah,49,6251,67
2020-05-10,Vermont,50,926,53
2020-05-10,Virgin Islands,78,69,5
2020-05-10,Virginia,51,24081,839
2020-05-10,Washington,53,17781,939
2020-05-10,West Virginia,54,1363,54
2020-05-10,Wisconsin,55,10379,400
2020-05-10,Wyoming,56,662,7
2020-05-11,Alabama,01,10164,403
2020-05-11,Alaska,02,380,8
2020-05-11,Arizona,04,11380,542
2020-05-11,Arkansas,05,4043,94
2020-05-11,California,06,69514,2820
2020-05-11,Colorado,08,19793,986
2020-05-11,Connecticut,09,33765,3008
2020-05-11,Delaware,10,6565,225
2020-05-11,District of Columbia,11,6389,328
2020-05-11,Florida,12,40974,1734
2020-05-11,Georgia,13,32448,1420
2020-05-11,Guam,66,1120,6
2020-05-11,Hawaii,15,623,17
2020-05-11,Idaho,16,2261,69
2020-05-11,Illinois,17,79123,3480
2020-05-11,Indiana,18,25134,1540
2020-05-11,Iowa,19,12373,271
2020-05-11,Kansas,20,7161,174
2020-05-11,Kentucky,21,6710,325
2020-05-11,Louisiana,22,31881,2308
2020-05-11,Maine,23,1462,65
2020-05-11,Maryland,24,33483,1683
2020-05-11,Massachusetts,25,78462,5108
2020-05-11,Michigan,26,47526,4584
2020-05-11,Minnesota,27,11798,591
2020-05-11,Mississippi,28,9674,435
2020-05-11,Missouri,29,10025,512
2020-05-11,Montana,30,459,16
2020-05-11,Nebraska,31,8575,99
2020-05-11,Nevada,32,6152,312
2020-05-11,New Hampshire,33,3160,133
2020-05-11,New Jersey,34,139945,9310
2020-05-11,New Mexico,35,5069,208
2020-05-11,New York,36,342267,27003
2020-05-11,North Carolina,37,15069,571
2020-05-11,North Dakota,38,1518,36
2020-05-11,Northern Mariana Islands,69,19,2
2020-05-11,Ohio,39,24785,1357
2020-05-11,Oklahoma,40,4613,274
2020-05-11,Oregon,41,3286,130
2020-05-11,Pennsylvania,42,60557,3846
2020-05-11,Puerto Rico,72,2256,113
2020-05-11,Rhode Island,44,11450,430
2020-05-11,South Carolina,45,7792,346
2020-05-11,South Dakota,46,3614,34
2020-05-11,Tennessee,47,15423,248
2020-05-11,Texas,48,40988,1137
2020-05-11,Utah,49,6364,68
2020-05-11,Vermont,50,926,53
2020-05-11,Virgin Islands,78,69,6
2020-05-11,Virginia,51,25070,850
2020-05-11,Washington,53,18172,957
2020-05-11,West Virginia,54,1370,57
2020-05-11,Wisconsin,55,10581,409
2020-05-11,Wyoming,56,669,7
2020-05-12,Alabama,01,10464,435
2020-05-12,Alaska,02,383,8
2020-05-12,Arizona,04,11736,562
2020-05-12,Arkansas,05,4164,95
2020-05-12,California,06,71150,2902
2020-05-12,Colorado,08,20103,1009
2020-05-12,Connecticut,09,34333,3041
2020-05-12,Delaware,10,6741,237
2020-05-12,District of Columbia,11,6485,336
2020-05-12,Florida,12,41915,1778
2020-05-12,Georgia,13,33311,1470
2020-05-12,Guam,66,1121,6
2020-05-12,Hawaii,15,624,17
2020-05-12,Idaho,16,2294,69
2020-05-12,Illinois,17,83168,3617
2020-05-12,Indiana,18,25676,1578
2020-05-12,Iowa,19,12912,289
2020-05-12,Kansas,20,7352,178
2020-05-12,Kentucky,21,7003,333
2020-05-12,Louisiana,22,32116,2347
2020-05-12,Maine,23,1477,65
2020-05-12,Maryland,24,34174,1756
2020-05-12,Massachusetts,25,79332,5141
2020-05-12,Michigan,26,47946,4674
2020-05-12,Minnesota,27,12493,614
2020-05-12,Mississippi,28,9908,457
2020-05-12,Missouri,29,10124,528
2020-05-12,Montana,30,461,16
2020-05-12,Nebraska,31,8732,102
2020-05-12,Nevada,32,6311,321
2020-05-12,New Hampshire,33,3239,142
2020-05-12,New Jersey,34,140743,9508
2020-05-12,New Mexico,35,5212,219
2020-05-12,New York,36,343705,27282
2020-05-12,North Carolina,37,15402,597
2020-05-12,North Dakota,38,1571,38
2020-05-12,Northern Mariana Islands,69,19,2
2020-05-12,Ohio,39,25257,1436
2020-05-12,Oklahoma,40,4731,278
2020-05-12,Oregon,41,3359,130
2020-05-12,Pennsylvania,42,61407,3924
2020-05-12,Puerto Rico,72,2299,114
2020-05-12,Rhode Island,44,11614,444
2020-05-12,South Carolina,45,7927,355
2020-05-12,South Dakota,46,3663,39
2020-05-12,Tennessee,47,15777,264
2020-05-12,Texas,48,42348,1169
2020-05-12,Utah,49,6454,73
2020-05-12,Vermont,50,927,53
2020-05-12,Virgin Islands,78,69,6
2020-05-12,Virginia,51,25800,891
2020-05-12,Washington,53,18382,972
2020-05-12,West Virginia,54,1379,58
2020-05-12,Wisconsin,55,10781,418
2020-05-12,Wyoming,56,675,7
2020-05-13,Alabama,01,10700,450
2020-05-13,Alaska,02,383,8
2020-05-13,Arizona,04,12176,594
2020-05-13,Arkansas,05,4236,97
2020-05-13,California,06,73218,3014
2020-05-13,Colorado,08,20442,1062
2020-05-13,Connecticut,09,34855,3125
2020-05-13,Delaware,10,6952,247
2020-05-13,District of Columbia,11,6584,350
2020-05-13,Florida,12,42394,1826
2020-05-13,Georgia,13,33866,1494
2020-05-13,Guam,66,1121,6
2020-05-13,Hawaii,15,627,17
2020-05-13,Idaho,16,2325,69
2020-05-13,Illinois,17,84874,3815
2020-05-13,Indiana,18,26044,1619
2020-05-13,Iowa,19,13289,306
2020-05-13,Kansas,20,7552,179
2020-05-13,Kentucky,21,7102,334
2020-05-13,Louisiana,22,32728,2381
2020-05-13,Maine,23,1515,66
2020-05-13,Maryland,24,34927,1809
2020-05-13,Massachusetts,25,80497,5315
2020-05-13,Michigan,26,48307,4714
2020-05-13,Minnesota,27,12916,638
2020-05-13,Mississippi,28,10090,465
2020-05-13,Missouri,29,10369,548
2020-05-13,Montana,30,462,16
2020-05-13,Nebraska,31,9072,106
2020-05-13,Nevada,32,6482,331
2020-05-13,New Hampshire,33,3299,150
2020-05-13,New Jersey,34,141560,9702
2020-05-13,New Mexico,35,5364,231
2020-05-13,New York,36,345828,27448
2020-05-13,North Carolina,37,15850,615
2020-05-13,North Dakota,38,1647,40
2020-05-13,Northern Mariana Islands,69,19,2
2020-05-13,Ohio,39,25727,1483
2020-05-13,Oklahoma,40,4852,278
2020-05-13,Oregon,41,3416,134
2020-05-13,Pennsylvania,42,62194,4104
2020-05-13,Puerto Rico,72,2329,115
2020-05-13,Rhode Island,44,11835,462
2020-05-13,South Carolina,45,8030,362
2020-05-13,South Dakota,46,3732,39
2020-05-13,Tennessee,47,16261,271
2020-05-13,Texas,48,43822,1205
2020-05-13,Utah,49,6624,76
2020-05-13,Vermont,50,929,53
2020-05-13,Virgin Islands,78,69,6
2020-05-13,Virginia,51,26746,927
2020-05-13,Washington,53,18492,977
2020-05-13,West Virginia,54,1405,59
2020-05-13,Wisconsin,55,11071,421
2020-05-13,Wyoming,56,688,7
2020-05-14,Alabama,01,11101,473
2020-05-14,Alaska,02,387,8
2020-05-14,Arizona,04,12674,624
2020-05-14,Arkansas,05,4366,98
2020-05-14,California,06,74947,3039
2020-05-14,Colorado,08,20813,1091
2020-05-14,Connecticut,09,35464,3219
2020-05-14,Delaware,10,7223,260
2020-05-14,District of Columbia,11,6736,358
2020-05-14,Florida,12,43202,1874
2020-05-14,Georgia,13,34422,1521
2020-05-14,Guam,66,1121,6
2020-05-14,Hawaii,15,627,17
2020-05-14,Idaho,16,2352,72
2020-05-14,Illinois,17,88081,3945
2020-05-14,Indiana,18,26627,1646
2020-05-14,Iowa,19,13675,318
2020-05-14,Kansas,20,7668,181
2020-05-14,Kentucky,21,7397,341
2020-05-14,Louisiana,22,33555,2417
2020-05-14,Maine,23,1565,69
2020-05-14,Maryland,24,36021,1866
2020-05-14,Massachusetts,25,82182,5482
2020-05-14,Michigan,26,49489,4787
2020-05-14,Minnesota,27,13443,672
2020-05-14,Mississippi,28,10483,480
2020-05-14,Missouri,29,10490,564
2020-05-14,Montana,30,462,16
2020-05-14,Nebraska,31,9411,117
2020-05-14,Nevada,32,6604,339
2020-05-14,New Hampshire,33,3382,151
2020-05-14,New Jersey,34,142704,9946
2020-05-14,New Mexico,35,5503,242
2020-05-14,New York,36,348192,27617
2020-05-14,North Carolina,37,16593,632
2020-05-14,North Dakota,38,1712,40
2020-05-14,Northern Mariana Islands,69,19,2
2020-05-14,Ohio,39,26363,1534
2020-05-14,Oklahoma,40,4962,284
2020-05-14,Oregon,41,3479,137
2020-05-14,Pennsylvania,42,63158,4298
2020-05-14,Puerto Rico,72,2427,117
2020-05-14,Rhode Island,44,12016,468
2020-05-14,South Carolina,45,8189,371
2020-05-14,South Dakota,46,3792,43
2020-05-14,Tennessee,47,16588,284
2020-05-14,Texas,48,45169,1256
2020-05-14,Utah,49,6760,76
2020-05-14,Vermont,50,932,53
2020-05-14,Virgin Islands,78,69,6
2020-05-14,Virginia,51,27813,955
2020-05-14,Washington,53,18861,991
2020-05-14,West Virginia,54,1435,62
2020-05-14,Wisconsin,55,11449,434
2020-05-14,Wyoming,56,701,7
2020-05-15,Alabama,01,11373,483
2020-05-15,Alaska,02,388,8
2020-05-15,Arizona,04,13169,651
2020-05-15,Arkansas,05,4463,98
2020-05-15,California,06,77015,3192
2020-05-15,Colorado,08,21207,1150
2020-05-15,Connecticut,09,36085,3285
2020-05-15,Delaware,10,7373,271
2020-05-15,District of Columbia,11,6871,368
2020-05-15,Florida,12,44130,1916
2020-05-15,Georgia,13,35242,1563
2020-05-15,Guam,66,1123,6
2020-05-15,Hawaii,15,628,17
2020-05-15,Idaho,16,2389,73
2020-05-15,Illinois,17,90528,4075
2020-05-15,Indiana,18,27281,1691
2020-05-15,Iowa,19,14049,336
2020-05-15,Kansas,20,8006,187
2020-05-15,Kentucky,21,7578,343
2020-05-15,Louisiana,22,33903,2448
2020-05-15,Maine,23,1603,69
2020-05-15,Maryland,24,37105,1911
2020-05-15,Massachusetts,25,83421,5592
2020-05-15,Michigan,26,49982,4825
2020-05-15,Minnesota,27,14240,692
2020-05-15,Mississippi,28,10801,493
2020-05-15,Missouri,29,10567,579
2020-05-15,Montana,30,466,16
2020-05-15,Nebraska,31,9766,122
2020-05-15,Nevada,32,6733,345
2020-05-15,New Hampshire,33,3464,159
2020-05-15,New Jersey,34,143905,10138
2020-05-15,New Mexico,35,5662,253
2020-05-15,New York,36,350951,27755
2020-05-15,North Carolina,37,17190,660
2020-05-15,North Dakota,38,1761,42
2020-05-15,Northern Mariana Islands,69,19,2
2020-05-15,Ohio,39,26956,1581
2020-05-15,Oklahoma,40,5086,285
2020-05-15,Oregon,41,3541,137
2020-05-15,Pennsylvania,42,64178,4432
2020-05-15,Puerto Rico,72,2542,122
2020-05-15,Rhode Island,44,12219,479
2020-05-15,South Carolina,45,8407,380
2020-05-15,South Dakota,46,3887,44
2020-05-15,Tennessee,47,16917,288
2020-05-15,Texas,48,46987,1300
2020-05-15,Utah,49,6930,77
2020-05-15,Vermont,50,933,53
2020-05-15,Virgin Islands,78,69,6
2020-05-15,Virginia,51,28672,977
2020-05-15,Washington,53,19131,1008
2020-05-15,West Virginia,54,1448,64
2020-05-15,Wisconsin,55,12037,445
2020-05-15,Wyoming,56,716,7
2020-05-16,Alabama,01,11674,485
2020-05-16,Alaska,02,392,8
2020-05-16,Arizona,04,13631,679
2020-05-16,Arkansas,05,4578,98
2020-05-16,California,06,78933,3254
2020-05-16,Colorado,08,21604,1192
2020-05-16,Connecticut,09,36703,3339
2020-05-16,Delaware,10,7547,286
2020-05-16,District of Columbia,11,7042,375
2020-05-16,Florida,12,44803,1963
2020-05-16,Georgia,13,35655,1573
2020-05-16,Guam,66,1123,6
2020-05-16,Hawaii,15,629,17
2020-05-16,Idaho,16,2419,73
2020-05-16,Illinois,17,92669,4149
2020-05-16,Indiana,18,27919,1741
2020-05-16,Iowa,19,14328,346
2020-05-16,Kansas,20,8059,189
2020-05-16,Kentucky,21,7773,346
2020-05-16,Louisiana,22,34183,2479
2020-05-16,Maine,23,1648,70
2020-05-16,Maryland,24,38083,1957
2020-05-16,Massachusetts,25,84933,5705
2020-05-16,Michigan,26,50416,4880
2020-05-16,Minnesota,27,14969,709
2020-05-16,Mississippi,28,11123,510
2020-05-16,Missouri,29,10794,593
2020-05-16,Montana,30,468,16
2020-05-16,Nebraska,31,10220,129
2020-05-16,Nevada,32,6810,349
2020-05-16,New Hampshire,33,3556,171
2020-05-16,New Jersey,34,145089,10249
2020-05-16,New Mexico,35,5847,259
2020-05-16,New York,36,353136,27953
2020-05-16,North Carolina,37,18009,671
2020-05-16,North Dakota,38,1848,42
2020-05-16,Northern Mariana Islands,69,21,2
2020-05-16,Ohio,39,27476,1610
2020-05-16,Oklahoma,40,5237,288
2020-05-16,Oregon,41,3612,137
2020-05-16,Pennsylvania,42,65228,4490
2020-05-16,Puerto Rico,72,2589,122
2020-05-16,Rhode Island,44,12434,489
2020-05-16,South Carolina,45,8661,380
2020-05-16,South Dakota,46,3959,44
2020-05-16,Tennessee,47,17204,292
2020-05-16,Texas,48,47866,1330
2020-05-16,Utah,49,7068,78
2020-05-16,Vermont,50,934,53
2020-05-16,Virgin Islands,78,69,6
2020-05-16,Virginia,51,29683,1002
2020-05-16,Washington,53,19336,1015
2020-05-16,West Virginia,54,1470,65
2020-05-16,Wisconsin,55,12551,453
2020-05-16,Wyoming,56,741,7
2020-05-17,Alabama,01,11771,488
2020-05-17,Alaska,02,396,8
2020-05-17,Arizona,04,13937,680
2020-05-17,Arkansas,05,4759,98
2020-05-17,California,06,80366,3290
2020-05-17,Colorado,08,21909,1215
2020-05-17,Connecticut,09,37419,3408
2020-05-17,Delaware,10,7670,290
2020-05-17,District of Columbia,11,7123,383
2020-05-17,Florida,12,45580,1972
2020-05-17,Georgia,13,35954,1584
2020-05-17,Guam,66,1123,6
2020-05-17,Hawaii,15,630,17
2020-05-17,Idaho,16,2421,73
2020-05-17,Illinois,17,94360,4198
2020-05-17,Indiana,18,28419,1751
2020-05-17,Iowa,19,14651,351
2020-05-17,Kansas,20,8066,189
2020-05-17,Kentucky,21,7793,346
2020-05-17,Louisiana,22,34498,2491
2020-05-17,Maine,23,1687,70
2020-05-17,Maryland,24,38920,1992
2020-05-17,Massachusetts,25,86010,5797
2020-05-17,Michigan,26,51054,4891
2020-05-17,Minnesota,27,15677,731
2020-05-17,Mississippi,28,11296,521
2020-05-17,Missouri,29,11069,601
2020-05-17,Montana,30,468,16
2020-05-17,Nebraska,31,10348,129
2020-05-17,Nevada,32,6935,350
2020-05-17,New Hampshire,33,3596,172
2020-05-17,New Jersey,34,146334,10356
2020-05-17,New Mexico,35,5938,265
2020-05-17,New York,36,355037,28168
2020-05-17,North Carolina,37,18537,679
2020-05-17,North Dakota,38,1900,43
2020-05-17,Northern Mariana Islands,69,21,2
2020-05-17,Ohio,39,27925,1625
2020-05-17,Oklahoma,40,5310,288
2020-05-17,Oregon,41,3623,137
2020-05-17,Pennsylvania,42,65745,4504
2020-05-17,Puerto Rico,72,2646,123
2020-05-17,Rhode Island,44,12674,499
2020-05-17,South Carolina,45,8816,385
2020-05-17,South Dakota,46,3987,44
2020-05-17,Tennessee,47,17391,293
2020-05-17,Texas,48,48828,1356
2020-05-17,Utah,49,7238,80
2020-05-17,Vermont,50,940,54
2020-05-17,Virgin Islands,78,69,6
2020-05-17,Virginia,51,30388,1009
2020-05-17,Washington,53,19514,1016
2020-05-17,West Virginia,54,1492,67
2020-05-17,Wisconsin,55,12754,453
2020-05-17,Wyoming,56,754,8
2020-05-18,Alabama,01,12086,489
2020-05-18,Alaska,02,399,8
2020-05-18,Arizona,04,14170,686
2020-05-18,Arkansas,05,4813,100
2020-05-18,California,06,81943,3322
2020-05-18,Colorado,08,22174,1224
2020-05-18,Connecticut,09,38116,3449
2020-05-18,Delaware,10,7869,297
2020-05-18,District of Columbia,11,7270,392
2020-05-18,Florida,12,46434,1996
2020-05-18,Georgia,13,36634,1624
2020-05-18,Guam,66,1123,6
2020-05-18,Hawaii,15,630,17
2020-05-18,Idaho,16,2455,74
2020-05-18,Illinois,17,96778,4257
2020-05-18,Indiana,18,28897,1765
2020-05-18,Iowa,19,14955,355
2020-05-18,Kansas,20,8439,190
2020-05-18,Kentucky,21,8041,354
2020-05-18,Louisiana,22,34832,2563
2020-05-18,Maine,23,1713,71
2020-05-18,Maryland,24,39882,2023
2020-05-18,Massachusetts,25,87052,5862
2020-05-18,Michigan,26,51853,4915
2020-05-18,Minnesota,27,16372,740
2020-05-18,Mississippi,28,11432,528
2020-05-18,Missouri,29,11225,609
2020-05-18,Montana,30,470,16
2020-05-18,Nebraska,31,10625,132
2020-05-18,Nevada,32,7059,364
2020-05-18,New Hampshire,33,3652,172
2020-05-18,New Jersey,34,148039,10435
2020-05-18,New Mexico,35,6096,270
2020-05-18,New York,36,356278,28302
2020-05-18,North Carolina,37,19121,684
2020-05-18,North Dakota,38,1931,44
2020-05-18,Northern Mariana Islands,69,21,2
2020-05-18,Ohio,39,28455,1657
2020-05-18,Oklahoma,40,5398,288
2020-05-18,Oregon,41,3687,138
2020-05-18,Pennsylvania,42,66676,4560
2020-05-18,Puerto Rico,72,2710,124
2020-05-18,Rhode Island,44,12795,506
2020-05-18,South Carolina,45,8942,391
2020-05-18,South Dakota,46,4027,44
2020-05-18,Tennessee,47,17767,296
2020-05-18,Texas,48,49788,1362
2020-05-18,Utah,49,7384,80
2020-05-18,Vermont,50,940,54
2020-05-18,Virgin Islands,78,69,6
2020-05-18,Virginia,51,31140,1014
2020-05-18,Washington,53,19756,1020
2020-05-18,West Virginia,54,1502,68
2020-05-18,Wisconsin,55,12912,459
2020-05-18,Wyoming,56,766,10
2020-05-19,Alabama,01,12376,504
2020-05-19,Alaska,02,399,8
2020-05-19,Arizona,04,14566,704
2020-05-19,Arkansas,05,4923,102
2020-05-19,California,06,83981,3422
2020-05-19,Colorado,08,22454,1257
2020-05-19,Connecticut,09,38430,3472
2020-05-19,Delaware,10,8037,304
2020-05-19,District of Columbia,11,7434,400
2020-05-19,Florida,12,46936,2051
2020-05-19,Georgia,13,37214,1650
2020-05-19,Guam,66,1123,6
2020-05-19,Hawaii,15,631,17
2020-05-19,Idaho,16,2476,77
2020-05-19,Illinois,17,98298,4399
2020-05-19,Indiana,18,29402,1824
2020-05-19,Iowa,19,15296,367
2020-05-19,Kansas,20,8488,193
2020-05-19,Kentucky,21,8205,369
2020-05-19,Louisiana,22,35161,2581
2020-05-19,Maine,23,1741,73
2020-05-19,Maryland,24,41664,2081
2020-05-19,Massachusetts,25,87925,5938
2020-05-19,Michigan,26,52337,5017
2020-05-19,Minnesota,27,17038,757
2020-05-19,Mississippi,28,11704,554
2020-05-19,Missouri,29,11369,631
2020-05-19,Montana,30,471,16
2020-05-19,Nebraska,31,10846,136
2020-05-19,Nevada,32,7169,373
2020-05-19,New Hampshire,33,3721,182
2020-05-19,New Jersey,34,149013,10586
2020-05-19,New Mexico,35,6192,276
2020-05-19,New York,36,357757,28437
2020-05-19,North Carolina,37,19762,711
2020-05-19,North Dakota,38,1994,45
2020-05-19,Northern Mariana Islands,69,21,2
2020-05-19,Ohio,39,28953,1720
2020-05-19,Oklahoma,40,5489,294
2020-05-19,Oregon,41,3726,140
2020-05-19,Pennsylvania,42,67404,4675
2020-05-19,Puerto Rico,72,2805,124
2020-05-19,Rhode Island,44,12951,532
2020-05-19,South Carolina,45,9056,399
2020-05-19,South Dakota,46,4085,46
2020-05-19,Tennessee,47,18301,301
2020-05-19,Texas,48,51080,1405
2020-05-19,Utah,49,7530,88
2020-05-19,Vermont,50,944,54
2020-05-19,Virgin Islands,78,69,6
2020-05-19,Virginia,51,32145,1041
2020-05-19,Washington,53,19988,1042
2020-05-19,West Virginia,54,1514,68
2020-05-19,Wisconsin,55,13200,467
2020-05-19,Wyoming,56,776,10
2020-05-20,Alabama,01,13052,522
2020-05-20,Alaska,02,402,8
2020-05-20,Arizona,04,14897,747
2020-05-20,Arkansas,05,5003,107
2020-05-20,California,06,86125,3514
2020-05-20,Colorado,08,22769,1299
2020-05-20,Connecticut,09,39017,3529
2020-05-20,Delaware,10,8194,310
2020-05-20,District of Columbia,11,7551,407
2020-05-20,Florida,12,47463,2095
2020-05-20,Georgia,13,38162,1672
2020-05-20,Guam,66,1134,6
2020-05-20,Hawaii,15,633,17
2020-05-20,Idaho,16,2506,77
2020-05-20,Illinois,17,100713,4547
2020-05-20,Indiana,18,29986,1864
2020-05-20,Iowa,19,15868,400
2020-05-20,Kansas,20,8661,197
2020-05-20,Kentucky,21,8336,381
2020-05-20,Louisiana,22,35439,2608
2020-05-20,Maine,23,1819,73
2020-05-20,Maryland,24,42442,2123
2020-05-20,Massachusetts,25,88970,6066
2020-05-20,Michigan,26,52988,5060
2020-05-20,Minnesota,27,17679,786
2020-05-20,Mississippi,28,11967,570
2020-05-20,Missouri,29,11510,643
2020-05-20,Montana,30,478,16
2020-05-20,Nebraska,31,11119,141
2020-05-20,Nevada,32,7301,378
2020-05-20,New Hampshire,33,3868,190
2020-05-20,New Jersey,34,150399,10747
2020-05-20,New Mexico,35,6338,283
2020-05-20,New York,36,359235,28540
2020-05-20,North Carolina,37,20221,721
2020-05-20,North Dakota,38,2095,49
2020-05-20,Northern Mariana Islands,69,21,2
2020-05-20,Ohio,39,29437,1781
2020-05-20,Oklahoma,40,5532,299
2020-05-20,Oregon,41,3801,144
2020-05-20,Pennsylvania,42,68151,4794
2020-05-20,Puerto Rico,72,2866,125
2020-05-20,Rhode Island,44,13356,538
2020-05-20,South Carolina,45,9175,407
2020-05-20,South Dakota,46,4177,46
2020-05-20,Tennessee,47,18534,309
2020-05-20,Texas,48,52369,1443
2020-05-20,Utah,49,7717,90
2020-05-20,Vermont,50,944,54
2020-05-20,Virgin Islands,78,69,6
2020-05-20,Virginia,51,32908,1074
2020-05-20,Washington,53,20110,1045
2020-05-20,West Virginia,54,1567,69
2020-05-20,Wisconsin,55,13779,481
2020-05-20,Wyoming,56,787,11
2020-05-21,Alabama,01,13414,529
2020-05-21,Alaska,02,402,8
2020-05-21,Arizona,04,15315,763
2020-05-21,Arkansas,05,5458,110
2020-05-21,California,06,88488,3624
2020-05-21,Colorado,08,23161,1310
2020-05-21,Connecticut,09,39208,3582
2020-05-21,Delaware,10,8386,317
2020-05-21,District of Columbia,11,7788,412
2020-05-21,Florida,12,48667,2143
2020-05-21,Georgia,13,38969,1749
2020-05-21,Guam,66,1134,6
2020-05-21,Hawaii,15,637,17
2020-05-21,Idaho,16,2534,77
2020-05-21,Illinois,17,102995,4634
2020-05-21,Indiana,18,30673,1913
2020-05-21,Iowa,19,16170,414
2020-05-21,Kansas,20,8771,199
2020-05-21,Kentucky,21,8475,393
2020-05-21,Louisiana,22,36627,2629
2020-05-21,Maine,23,1877,73
2020-05-21,Maryland,24,43645,2159
2020-05-21,Massachusetts,25,90084,6148
2020-05-21,Michigan,26,53468,5129
2020-05-21,Minnesota,27,18209,818
2020-05-21,Mississippi,28,12222,580
2020-05-21,Missouri,29,11657,670
2020-05-21,Montana,30,479,16
2020-05-21,Nebraska,31,11423,148
2020-05-21,Nevada,32,7404,381
2020-05-21,New Hampshire,33,3935,199
2020-05-21,New Jersey,34,151472,10843
2020-05-21,New Mexico,35,6472,294
2020-05-21,New York,36,361313,28663
2020-05-21,North Carolina,37,20934,734
2020-05-21,North Dakota,38,2229,51
2020-05-21,Northern Mariana Islands,69,22,2
2020-05-21,Ohio,39,30168,1836
2020-05-21,Oklahoma,40,5680,304
2020-05-21,Oregon,41,3817,145
2020-05-21,Pennsylvania,42,69252,4887
2020-05-21,Puerto Rico,72,2913,126
2020-05-21,Rhode Island,44,13571,556
2020-05-21,South Carolina,45,9379,416
2020-05-21,South Dakota,46,4177,47
2020-05-21,Tennessee,47,18970,313
2020-05-21,Texas,48,53441,1480
2020-05-21,Utah,49,7876,92
2020-05-21,Vermont,50,950,54
2020-05-21,Virgin Islands,78,69,6
2020-05-21,Virginia,51,34137,1099
2020-05-21,Washington,53,20280,1054
2020-05-21,West Virginia,54,1603,71
2020-05-21,Wisconsin,55,14172,487
2020-05-21,Wyoming,56,801,12
2020-05-22,Alabama,01,13670,541
2020-05-22,Alaska,02,404,8
2020-05-22,Arizona,04,15608,775
2020-05-22,Arkansas,05,5612,113
2020-05-22,California,06,90801,3690
2020-05-22,Colorado,08,23456,1324
2020-05-22,Connecticut,09,39640,3637
2020-05-22,Delaware,10,8529,322
2020-05-22,District of Columbia,11,7893,418
2020-05-22,Florida,12,49443,2189
2020-05-22,Georgia,13,39734,1779
2020-05-22,Guam,66,1134,6
2020-05-22,Hawaii,15,632,17
2020-05-22,Idaho,16,2595,79
2020-05-22,Illinois,17,105710,4740
2020-05-22,Indiana,18,31165,1941
2020-05-22,Iowa,19,16510,441
2020-05-22,Kansas,20,9068,200
2020-05-22,Kentucky,21,8688,398
2020-05-22,Louisiana,22,37048,2669
2020-05-22,Maine,23,1948,75
2020-05-22,Maryland,24,44539,2207
2020-05-22,Massachusetts,25,90889,6228
2020-05-22,Michigan,26,53865,5158
2020-05-22,Minnesota,27,19014,851
2020-05-22,Mississippi,28,12624,596
2020-05-22,Missouri,29,11797,680
2020-05-22,Montana,30,479,16
2020-05-22,Nebraska,31,11661,149
2020-05-22,Nevada,32,7531,387
2020-05-22,New Hampshire,33,4014,204
2020-05-22,New Jersey,34,152719,10985
2020-05-22,New Mexico,35,6625,302
2020-05-22,New York,36,362991,28802
2020-05-22,North Carolina,37,21661,754
2020-05-22,North Dakota,38,2317,52
2020-05-22,Northern Mariana Islands,69,22,2
2020-05-22,Ohio,39,30795,1872
2020-05-22,Oklahoma,40,5849,307
2020-05-22,Oregon,41,3864,147
2020-05-22,Pennsylvania,42,70305,5032
2020-05-22,Puerto Rico,72,3030,126
2020-05-22,Rhode Island,44,13736,579
2020-05-22,South Carolina,45,9638,419
2020-05-22,South Dakota,46,4356,50
2020-05-22,Tennessee,47,19364,315
2020-05-22,Texas,48,54369,1498
2020-05-22,Utah,49,8057,93
2020-05-22,Vermont,50,952,54
2020-05-22,Virgin Islands,78,69,6
2020-05-22,Virginia,51,34950,1136
2020-05-22,Washington,53,20526,1061
2020-05-22,West Virginia,54,1705,72
2020-05-22,Wisconsin,55,14768,496
2020-05-22,Wyoming,56,803,12
2020-05-23,Alabama,01,14149,549
2020-05-23,Alaska,02,409,8
2020-05-23,Arizona,04,16040,799
2020-05-23,Arkansas,05,5775,115
2020-05-23,California,06,92815,3768
2020-05-23,Colorado,08,23932,1327
2020-05-23,Connecticut,09,40022,3675
2020-05-23,Delaware,10,8690,324
2020-05-23,District of Columbia,11,7966,427
2020-05-23,Florida,12,50119,2232
2020-05-23,Georgia,13,40408,1794
2020-05-23,Guam,66,1134,6
2020-05-23,Hawaii,15,633,17
2020-05-23,Idaho,16,2626,79
2020-05-23,Illinois,17,108100,4817
2020-05-23,Indiana,18,31674,1964
2020-05-23,Iowa,19,16898,446
2020-05-23,Kansas,20,9119,200
2020-05-23,Kentucky,21,8812,399
2020-05-23,Louisiana,22,37165,2683
2020-05-23,Maine,23,2013,77
2020-05-23,Maryland,24,45608,2243
2020-05-23,Massachusetts,25,91662,6304
2020-05-23,Michigan,26,54304,5223
2020-05-23,Minnesota,27,19854,861
2020-05-23,Mississippi,28,13005,616
2020-05-23,Missouri,29,11922,685
2020-05-23,Montana,30,479,16
2020-05-23,Nebraska,31,11988,150
2020-05-23,Nevada,32,7769,392
2020-05-23,New Hampshire,33,4089,208
2020-05-23,New Jersey,34,153104,11081
2020-05-23,New Mexico,35,6795,308
2020-05-23,New York,36,364745,28900
2020-05-23,North Carolina,37,22731,763
2020-05-23,North Dakota,38,2365,52
2020-05-23,Northern Mariana Islands,69,22,2
2020-05-23,Ohio,39,31408,1956
2020-05-23,Oklahoma,40,5960,311
2020-05-23,Oregon,41,3888,147
2020-05-23,Pennsylvania,42,71102,5121
2020-05-23,Puerto Rico,72,3100,127
2020-05-23,Rhode Island,44,13952,597
2020-05-23,South Carolina,45,9895,425
2020-05-23,South Dakota,46,4468,50
2020-05-23,Tennessee,47,19765,325
2020-05-23,Texas,48,55451,1522
2020-05-23,Utah,49,8260,97
2020-05-23,Vermont,50,954,54
2020-05-23,Virgin Islands,78,69,6
2020-05-23,Virginia,51,35749,1159
2020-05-23,Washington,53,20740,1062
2020-05-23,West Virginia,54,1729,72
2020-05-23,Wisconsin,55,15196,507
2020-05-23,Wyoming,56,813,12
2020-05-24,Alabama,01,14478,551
2020-05-24,Alaska,02,409,8
2020-05-24,Arizona,04,16339,800
2020-05-24,Arkansas,05,5922,116
2020-05-24,California,06,94743,3790
2020-05-24,Colorado,08,24140,1332
2020-05-24,Connecticut,09,40468,3693
2020-05-24,Delaware,10,8809,326
2020-05-24,District of Columbia,11,8110,432
2020-05-24,Florida,12,50859,2236
2020-05-24,Georgia,13,40989,1799
2020-05-24,Guam,66,1135,6
2020-05-24,Hawaii,15,633,17
2020-05-24,Idaho,16,2650,79
2020-05-24,Illinois,17,110541,4884
2020-05-24,Indiana,18,32151,1976
2020-05-24,Iowa,19,17434,456
2020-05-24,Kansas,20,9135,200
2020-05-24,Kentucky,21,8842,399
2020-05-24,Louisiana,22,37293,2690
2020-05-24,Maine,23,2055,78
2020-05-24,Maryland,24,46919,2277
2020-05-24,Massachusetts,25,92675,6372
2020-05-24,Michigan,26,54616,5228
2020-05-24,Minnesota,27,20582,878
2020-05-24,Mississippi,28,13252,625
2020-05-24,Missouri,29,12114,689
2020-05-24,Montana,30,479,16
2020-05-24,Nebraska,31,12133,153
2020-05-24,Nevada,32,7886,394
2020-05-24,New Hampshire,33,4149,209
2020-05-24,New Jersey,34,154154,11133
2020-05-24,New Mexico,35,6943,317
2020-05-24,New York,36,366346,29046
2020-05-24,North Carolina,37,23231,771
2020-05-24,North Dakota,38,2418,53
2020-05-24,Northern Mariana Islands,69,22,2
2020-05-24,Ohio,39,31911,1969
2020-05-24,Oklahoma,40,6037,311
2020-05-24,Oregon,41,3927,148
2020-05-24,Pennsylvania,42,71656,5145
2020-05-24,Puerto Rico,72,3189,127
2020-05-24,Rhode Island,44,14065,608
2020-05-24,South Carolina,45,10096,435
2020-05-24,South Dakota,46,4563,50
2020-05-24,Tennessee,47,20116,332
2020-05-24,Texas,48,56050,1533
2020-05-24,Utah,49,8392,97
2020-05-24,Vermont,50,956,54
2020-05-24,Virgin Islands,78,69,6
2020-05-24,Virginia,51,36244,1171
2020-05-24,Washington,53,20989,1069
2020-05-24,West Virginia,54,1771,72
2020-05-24,Wisconsin,55,15573,510
2020-05-24,Wyoming,56,813,12
2020-05-25,Alabama,01,14986,566
2020-05-25,Alaska,02,412,8
2020-05-25,Arizona,04,16561,806
2020-05-25,Arkansas,05,6029,117
2020-05-25,California,06,97017,3808
2020-05-25,Colorado,08,24256,1333
2020-05-25,Connecticut,09,40873,3742
2020-05-25,Delaware,10,8965,332
2020-05-25,District of Columbia,11,8225,440
2020-05-25,Florida,12,51738,2251
2020-05-25,Georgia,13,41414,1820
2020-05-25,Guam,66,1135,6
2020-05-25,Hawaii,15,633,17
2020-05-25,Idaho,16,2664,79
2020-05-25,Illinois,17,112248,4912
2020-05-25,Indiana,18,32489,1984
2020-05-25,Iowa,19,17628,460
2020-05-25,Kansas,20,9272,201
2020-05-25,Kentucky,21,8899,403
2020-05-25,Louisiana,22,37916,2690
2020-05-25,Maine,23,2074,78
2020-05-25,Maryland,24,47754,2302
2020-05-25,Massachusetts,25,93271,6416
2020-05-25,Michigan,26,54816,5240
2020-05-25,Minnesota,27,21324,890
2020-05-25,Mississippi,28,13458,635
2020-05-25,Missouri,29,12296,694
2020-05-25,Montana,30,479,16
2020-05-25,Nebraska,31,12354,155
2020-05-25,Nevada,32,7959,396
2020-05-25,New Hampshire,33,4197,210
2020-05-25,New Jersey,34,155092,11144
2020-05-25,New Mexico,35,7026,320
2020-05-25,New York,36,367625,29138
2020-05-25,North Carolina,37,23997,780
2020-05-25,North Dakota,38,2457,54
2020-05-25,Northern Mariana Islands,69,22,2
2020-05-25,Ohio,39,32477,1987
2020-05-25,Oklahoma,40,6090,313
2020-05-25,Oregon,41,3949,148
2020-05-25,Pennsylvania,42,72356,5159
2020-05-25,Puerto Rico,72,3260,129
2020-05-25,Rhode Island,44,14065,608
2020-05-25,South Carolina,45,10178,440
2020-05-25,South Dakota,46,4586,50
2020-05-25,Tennessee,47,20533,334
2020-05-25,Texas,48,56490,1536
2020-05-25,Utah,49,8521,98
2020-05-25,Vermont,50,962,54
2020-05-25,Virgin Islands,78,69,6
2020-05-25,Virginia,51,37727,1208
2020-05-25,Washington,53,21265,1076
2020-05-25,West Virginia,54,1782,73
2020-05-25,Wisconsin,55,15857,514
2020-05-25,Wyoming,56,843,12
2020-05-26,Alabama,01,15650,580
2020-05-26,Alaska,02,416,8
2020-05-26,Arizona,04,16783,807
2020-05-26,Arkansas,05,6180,119
2020-05-26,California,06,99924,3859
2020-05-26,Colorado,08,24553,1352
2020-05-26,Connecticut,09,41303,3769
2020-05-26,Delaware,10,9066,335
2020-05-26,District of Columbia,11,8334,440
2020-05-26,Florida,12,52247,2258
2020-05-26,Georgia,13,42066,1867
2020-05-26,Guam,66,1139,6
2020-05-26,Hawaii,15,633,17
2020-05-26,Idaho,16,2699,81
2020-05-26,Illinois,17,113486,4960
2020-05-26,Indiana,18,32856,2004
2020-05-26,Iowa,19,17999,480
2020-05-26,Kansas,20,9352,204
2020-05-26,Kentucky,21,9175,407
2020-05-26,Louisiana,22,38252,2701
2020-05-26,Maine,23,2109,79
2020-05-26,Maryland,24,48290,2333
2020-05-26,Massachusetts,25,93693,6473
2020-05-26,Michigan,26,55040,5266
2020-05-26,Minnesota,27,21969,908
2020-05-26,Mississippi,28,13731,652
2020-05-26,Missouri,29,12437,698
2020-05-26,Montana,30,479,17
2020-05-26,Nebraska,31,12618,160
2020-05-26,Nevada,32,8059,396
2020-05-26,New Hampshire,33,4231,214
2020-05-26,New Jersey,34,155764,11191
2020-05-26,New Mexico,35,7130,325
2020-05-26,New York,36,368669,29241
2020-05-26,North Carolina,37,24188,789
2020-05-26,North Dakota,38,2422,54
2020-05-26,Northern Mariana Islands,69,22,2
2020-05-26,Ohio,39,33006,2002
2020-05-26,Oklahoma,40,6137,318
2020-05-26,Oregon,41,3968,148
2020-05-26,Pennsylvania,42,72873,5175
2020-05-26,Puerto Rico,72,3324,129
2020-05-26,Rhode Island,44,14210,634
2020-05-26,South Carolina,45,10416,446
2020-05-26,South Dakota,46,4653,50
2020-05-26,Tennessee,47,20960,339
2020-05-26,Texas,48,57573,1552
2020-05-26,Utah,49,8622,101
2020-05-26,Vermont,50,967,54
2020-05-26,Virgin Islands,78,69,6
2020-05-26,Virginia,51,39342,1236
2020-05-26,Washington,53,21538,1091
2020-05-26,West Virginia,54,1854,74
2020-05-26,Wisconsin,55,16141,517
2020-05-26,Wyoming,56,850,13
2020-05-27,Alabama,01,16032,583
2020-05-27,Alaska,02,417,8
2020-05-27,Arizona,04,17262,831
2020-05-27,Arkansas,05,6277,120
2020-05-27,California,06,101873,3961
2020-05-27,Colorado,08,24775,1393
2020-05-27,Connecticut,09,41288,3803
2020-05-27,Delaware,10,9096,344
2020-05-27,District of Columbia,11,8406,445
2020-05-27,Florida,12,52626,2318
2020-05-27,Georgia,13,42713,1904
2020-05-27,Guam,66,1140,6
2020-05-27,Hawaii,15,634,17
2020-05-27,Idaho,16,2731,82
2020-05-27,Illinois,17,114612,5118
2020-05-27,Indiana,18,33242,2030
2020-05-27,Iowa,19,18446,496
2020-05-27,Kansas,20,9453,207
2020-05-27,Kentucky,21,9313,420
2020-05-27,Louisiana,22,38694,2722
2020-05-27,Maine,23,2137,81
2020-05-27,Maryland,24,49042,2392
2020-05-27,Massachusetts,25,94220,6547
2020-05-27,Michigan,26,55544,5334
2020-05-27,Minnesota,27,22474,942
2020-05-27,Mississippi,28,14044,670
2020-05-27,Missouri,29,12624,705
2020-05-27,Montana,30,481,17
2020-05-27,Nebraska,31,12975,168
2020-05-27,Nevada,32,8150,402
2020-05-27,New Hampshire,33,4286,223
2020-05-27,New Jersey,34,156628,11339
2020-05-27,New Mexico,35,7252,329
2020-05-27,New York,36,369801,29339
2020-05-27,North Carolina,37,24787,827
2020-05-27,North Dakota,38,2442,59
2020-05-27,Northern Mariana Islands,69,22,2
2020-05-27,Ohio,39,33439,2044
2020-05-27,Oklahoma,40,6229,322
2020-05-27,Oregon,41,4041,148
2020-05-27,Pennsylvania,42,73646,5290
2020-05-27,Puerto Rico,72,3397,129
2020-05-27,Rhode Island,44,14353,655
2020-05-27,South Carolina,45,10623,466
2020-05-27,South Dakota,46,4710,54
2020-05-27,Tennessee,47,21360,353
2020-05-27,Texas,48,59105,1598
2020-05-27,Utah,49,8710,105
2020-05-27,Vermont,50,971,54
2020-05-27,Virgin Islands,78,69,6
2020-05-27,Virginia,51,40249,1281
2020-05-27,Washington,53,21825,1106
2020-05-27,West Virginia,54,1899,74
2020-05-27,Wisconsin,55,16786,539
2020-05-27,Wyoming,56,860,14
2020-05-28,Alabama,01,16530,591
2020-05-28,Alaska,02,430,8
2020-05-28,Arizona,04,17763,857
2020-05-28,Arkansas,05,6538,125
2020-05-28,California,06,104071,4042
2020-05-28,Colorado,08,25116,1422
2020-05-28,Connecticut,09,41559,3826
2020-05-28,Delaware,10,9171,345
2020-05-28,District of Columbia,11,8492,453
2020-05-28,Florida,12,53277,2363
2020-05-28,Georgia,13,43363,1942
2020-05-28,Guam,66,1141,6
2020-05-28,Hawaii,15,637,17
2020-05-28,Idaho,16,2770,82
2020-05-28,Illinois,17,116128,5225
2020-05-28,Indiana,18,33885,2068
2020-05-28,Iowa,19,18672,510
2020-05-28,Kansas,20,9513,209
2020-05-28,Kentucky,21,9510,424
2020-05-28,Louisiana,22,38907,2740
2020-05-28,Maine,23,2189,84
2020-05-28,Maryland,24,50334,2428
2020-05-28,Massachusetts,25,94895,6640
2020-05-28,Michigan,26,55944,5372
2020-05-28,Minnesota,27,22957,977
2020-05-28,Mississippi,28,14372,693
2020-05-28,Missouri,29,12815,715
2020-05-28,Montana,30,485,17
2020-05-28,Nebraska,31,13260,170
2020-05-28,Nevada,32,8247,410
2020-05-28,New Hampshire,33,4389,232
2020-05-28,New Jersey,34,157815,11401
2020-05-28,New Mexico,35,7364,335
2020-05-28,New York,36,371559,29438
2020-05-28,North Carolina,37,25616,859
2020-05-28,North Dakota,38,2484,60
2020-05-28,Northern Mariana Islands,69,22,2
2020-05-28,Ohio,39,33915,2098
2020-05-28,Oklahoma,40,6270,326
2020-05-28,Oregon,41,4087,151
2020-05-28,Pennsylvania,42,74312,5397
2020-05-28,Puerto Rico,72,3486,131
2020-05-28,Rhode Island,44,14494,677
2020-05-28,South Carolina,45,10788,470
2020-05-28,South Dakota,46,4793,54
2020-05-28,Tennessee,47,21763,352
2020-05-28,Texas,48,60820,1618
2020-05-28,Utah,49,8953,106
2020-05-28,Vermont,50,974,55
2020-05-28,Virgin Islands,78,69,6
2020-05-28,Virginia,51,41401,1338
2020-05-28,Washington,53,22091,1116
2020-05-28,West Virginia,54,1935,74
2020-05-28,Wisconsin,55,17476,550
2020-05-28,Wyoming,56,876,15
2020-05-29,Alabama,01,17031,610
2020-05-29,Alaska,02,436,8
2020-05-29,Arizona,04,18465,885
2020-05-29,Arkansas,05,6777,132
2020-05-29,California,06,107043,4144
2020-05-29,Colorado,08,25602,1437
2020-05-29,Connecticut,09,41762,3868
2020-05-29,Delaware,10,9236,356
2020-05-29,District of Columbia,11,8538,460
2020-05-29,Florida,12,54489,2412
2020-05-29,Georgia,13,43888,1953
2020-05-29,Guam,66,1141,6
2020-05-29,Hawaii,15,639,17
2020-05-29,Idaho,16,2804,82
2020-05-29,Illinois,17,117794,5308
2020-05-29,Indiana,18,34399,2110
2020-05-29,Iowa,19,19019,525
2020-05-29,Kansas,20,9826,209
2020-05-29,Kentucky,21,9688,434
2020-05-29,Louisiana,22,38907,2766
2020-05-29,Maine,23,2226,85
2020-05-29,Maryland,24,51631,2466
2020-05-29,Massachusetts,25,95512,6718
2020-05-29,Michigan,26,56589,5406
2020-05-29,Minnesota,27,23541,1006
2020-05-29,Mississippi,28,14790,710
2020-05-29,Missouri,29,12949,740
2020-05-29,Montana,30,493,17
2020-05-29,Nebraska,31,13654,177
2020-05-29,Nevada,32,8375,415
2020-05-29,New Hampshire,33,4492,238
2020-05-29,New Jersey,34,158844,11531
2020-05-29,New Mexico,35,7493,344
2020-05-29,New York,36,373108,29535
2020-05-29,North Carolina,37,26735,888
2020-05-29,North Dakota,38,2523,62
2020-05-29,Northern Mariana Islands,69,22,2
2020-05-29,Ohio,39,34566,2131
2020-05-29,Oklahoma,40,6338,329
2020-05-29,Oregon,41,4133,151
2020-05-29,Pennsylvania,42,75073,5467
2020-05-29,Puerto Rico,72,3647,132
2020-05-29,Rhode Island,44,14635,693
2020-05-29,South Carolina,45,11131,483
2020-05-29,South Dakota,46,4866,59
2020-05-29,Tennessee,47,22199,356
2020-05-29,Texas,48,62073,1645
2020-05-29,Utah,49,9282,107
2020-05-29,Vermont,50,975,55
2020-05-29,Virgin Islands,78,69,6
2020-05-29,Virginia,51,42533,1358
2020-05-29,Washington,53,22377,1120
2020-05-29,West Virginia,54,1972,74
2020-05-29,Wisconsin,55,18050,569
2020-05-29,Wyoming,56,891,15
2020-05-30,Alabama,01,17359,618
2020-05-30,Alaska,02,441,8
2020-05-30,Arizona,04,19255,903
2020-05-30,Arkansas,05,7013,133
2020-05-30,California,06,110100,4214
2020-05-30,Colorado,08,26084,1443
2020-05-30,Connecticut,09,42022,3912
2020-05-30,Delaware,10,9422,361
2020-05-30,District of Columbia,11,8717,462
2020-05-30,Florida,12,55416,2446
2020-05-30,Georgia,13,44336,1973
2020-05-30,Guam,66,1141,6
2020-05-30,Hawaii,15,641,17
2020-05-30,Idaho,16,2840,82
2020-05-30,Illinois,17,119290,5368
2020-05-30,Indiana,18,35064,2125
2020-05-30,Iowa,19,19336,531
2020-05-30,Kansas,20,9847,209
2020-05-30,Kentucky,21,9887,441
2020-05-30,Louisiana,22,39682,2785
2020-05-30,Maine,23,2282,89
2020-05-30,Maryland,24,52662,2509
2020-05-30,Massachusetts,25,96301,6768
2020-05-30,Michigan,26,56848,5463
2020-05-30,Minnesota,27,24200,1036
2020-05-30,Mississippi,28,15229,723
2020-05-30,Missouri,29,13118,782
2020-05-30,Montana,30,505,17
2020-05-30,Nebraska,31,13905,177
2020-05-30,Nevada,32,8519,417
2020-05-30,New Hampshire,33,4545,242
2020-05-30,New Jersey,34,159608,11634
2020-05-30,New Mexico,35,7624,351
2020-05-30,New York,36,374471,29612
2020-05-30,North Carolina,37,27761,903
2020-05-30,North Dakota,38,2557,63
2020-05-30,Northern Mariana Islands,69,22,2
2020-05-30,Ohio,39,35034,2149
2020-05-30,Oklahoma,40,6418,334
2020-05-30,Oregon,41,4185,153
2020-05-30,Pennsylvania,42,75789,5537
2020-05-30,Puerto Rico,72,3718,133
2020-05-30,Rhode Island,44,14819,711
2020-05-30,South Carolina,45,11394,487
2020-05-30,South Dakota,46,4960,62
2020-05-30,Tennessee,47,22676,360
2020-05-30,Texas,48,63396,1676
2020-05-30,Utah,49,9551,112
2020-05-30,Vermont,50,977,55
2020-05-30,Virgin Islands,78,70,6
2020-05-30,Virginia,51,43611,1370
2020-05-30,Washington,53,22618,1126
2020-05-30,West Virginia,54,1989,75
2020-05-30,Wisconsin,55,18515,588
2020-05-30,Wyoming,56,898,16
2020-05-31,Alabama,01,17952,630
2020-05-31,Alaska,02,469,8
2020-05-31,Arizona,04,19936,906
2020-05-31,Arkansas,05,7253,133
2020-05-31,California,06,113114,4242
2020-05-31,Colorado,08,26364,1445
2020-05-31,Connecticut,09,42201,3944
2020-05-31,Delaware,10,9498,366
2020-05-31,District of Columbia,11,8801,466
2020-05-31,Florida,12,56155,2450
2020-05-31,Georgia,13,45051,2019
2020-05-31,Guam,66,1144,6
2020-05-31,Hawaii,15,642,17
2020-05-31,Idaho,16,2855,82
2020-05-31,Illinois,17,120588,5426
2020-05-31,Indiana,18,35429,2134
2020-05-31,Iowa,19,19621,537
2020-05-31,Kansas,20,9878,211
2020-05-31,Kentucky,21,9937,441
2020-05-31,Louisiana,22,40021,2791
2020-05-31,Maine,23,2325,89
2020-05-31,Maryland,24,53456,2532
2020-05-31,Massachusetts,25,96965,6846
2020-05-31,Michigan,26,57355,5491
2020-05-31,Minnesota,27,24860,1050
2020-05-31,Mississippi,28,15501,734
2020-05-31,Missouri,29,13297,784
2020-05-31,Montana,30,515,17
2020-05-31,Nebraska,31,14101,178
2020-05-31,Nevada,32,8628,419
2020-05-31,New Hampshire,33,4651,245
2020-05-31,New Jersey,34,160445,11698
2020-05-31,New Mexico,35,7689,356
2020-05-31,New York,36,375575,29699
2020-05-31,North Carolina,37,28686,911
2020-05-31,North Dakota,38,2580,64
2020-05-31,Northern Mariana Islands,69,22,2
2020-05-31,Ohio,39,35513,2155
2020-05-31,Oklahoma,40,6506,334
2020-05-31,Oregon,41,4243,153
2020-05-31,Pennsylvania,42,76218,5555
2020-05-31,Puerto Rico,72,3776,136
2020-05-31,Rhode Island,44,14928,718
2020-05-31,South Carolina,45,11861,494
2020-05-31,South Dakota,46,4993,62
2020-05-31,Tennessee,47,22832,360
2020-05-31,Texas,48,64974,1683
2020-05-31,Utah,49,9829,113
2020-05-31,Vermont,50,981,55
2020-05-31,Virgin Islands,78,70,6
2020-05-31,Virginia,51,44607,1375
2020-05-31,Washington,53,22814,1126
2020-05-31,West Virginia,54,2010,75
2020-05-31,Wisconsin,55,18684,594
2020-05-31,Wyoming,56,903,16
2020-06-01,Alabama,01,18534,646
2020-06-01,Alaska,02,476,8
2020-06-01,Arizona,04,20123,918
2020-06-01,Arkansas,05,7443,133
2020-06-01,California,06,115643,4287
2020-06-01,Colorado,08,26563,1458
2020-06-01,Connecticut,09,42740,3964
2020-06-01,Delaware,10,9605,368
2020-06-01,District of Columbia,11,8857,468
2020-06-01,Florida,12,56822,2459
2020-06-01,Georgia,13,45757,2057
2020-06-01,Guam,66,1144,6
2020-06-01,Hawaii,15,642,17
2020-06-01,Idaho,16,2908,83
2020-06-01,Illinois,17,121666,5458
2020-06-01,Indiana,18,35684,2142
2020-06-01,Iowa,19,19789,558
2020-06-01,Kansas,20,10103,217
2020-06-01,Kentucky,21,10150,445
2020-06-01,Louisiana,22,40452,2801
2020-06-01,Maine,23,2349,89
2020-06-01,Maryland,24,54035,2552
2020-06-01,Massachusetts,25,100805,7035
2020-06-01,Michigan,26,58435,5525
2020-06-01,Minnesota,27,25218,1060
2020-06-01,Mississippi,28,15752,739
2020-06-01,Missouri,29,13523,786
2020-06-01,Montana,30,519,17
2020-06-01,Nebraska,31,14345,183
2020-06-01,Nevada,32,8701,420
2020-06-01,New Hampshire,33,4685,245
2020-06-01,New Jersey,34,160918,11721
2020-06-01,New Mexico,35,7800,362
2020-06-01,New York,36,376520,29766
2020-06-01,North Carolina,37,29368,923
2020-06-01,North Dakota,38,2628,64
2020-06-01,Northern Mariana Islands,69,22,2
2020-06-01,Ohio,39,35984,2206
2020-06-01,Oklahoma,40,6573,334
2020-06-01,Oregon,41,4303,154
2020-06-01,Pennsylvania,42,76734,5574
2020-06-01,Puerto Rico,72,3873,136
2020-06-01,Rhode Island,44,14991,720
2020-06-01,South Carolina,45,12148,500
2020-06-01,South Dakota,46,5034,62
2020-06-01,Tennessee,47,23242,361
2020-06-01,Texas,48,66081,1695
2020-06-01,Utah,49,10026,113
2020-06-01,Vermont,50,983,55
2020-06-01,Virgin Islands,78,70,6
2020-06-01,Virginia,51,45398,1392
2020-06-01,Washington,53,23272,1133
2020-06-01,West Virginia,54,2028,76
2020-06-01,Wisconsin,55,18825,597
2020-06-01,Wyoming,56,910,17
2020-06-02,Alabama,01,18771,653
2020-06-02,Alaska,02,497,8
2020-06-02,Arizona,04,21250,943
2020-06-02,Arkansas,05,7818,136
2020-06-02,California,06,118081,4360
2020-06-02,Colorado,08,26774,1474
2020-06-02,Connecticut,09,42979,3972
2020-06-02,Delaware,10,9685,373
2020-06-02,District of Columbia,11,8886,470
2020-06-02,Florida,12,57439,2529
2020-06-02,Georgia,13,46063,2070
2020-06-02,Guam,66,1146,6
2020-06-02,Hawaii,15,643,17
2020-06-02,Idaho,16,2935,83
2020-06-02,Illinois,17,123244,5567
2020-06-02,Indiana,18,36129,2197
2020-06-02,Iowa,19,20017,564
2020-06-02,Kansas,20,10143,227
2020-06-02,Kentucky,21,10287,451
2020-06-02,Louisiana,22,40857,2835
2020-06-02,Maine,23,2377,94
2020-06-02,Maryland,24,54831,2597
2020-06-02,Massachusetts,25,101163,7085
2020-06-02,Michigan,26,58680,5562
2020-06-02,Minnesota,27,25518,1082
2020-06-02,Mississippi,28,16020,767
2020-06-02,Missouri,29,13822,797
2020-06-02,Montana,30,523,17
2020-06-02,Nebraska,31,14611,187
2020-06-02,Nevada,32,8858,420
2020-06-02,New Hampshire,33,4749,256
2020-06-02,New Jersey,34,161545,11770
2020-06-02,New Mexico,35,8024,367
2020-06-02,New York,36,377881,29847
2020-06-02,North Carolina,37,30052,950
2020-06-02,North Dakota,38,2649,68
2020-06-02,Northern Mariana Islands,69,23,2
2020-06-02,Ohio,39,36350,2258
2020-06-02,Oklahoma,40,6692,339
2020-06-02,Oregon,41,4338,157
2020-06-02,Pennsylvania,42,77315,5670
2020-06-02,Puerto Rico,72,3935,138
2020-06-02,Rhode Island,44,15112,732
2020-06-02,South Carolina,45,12415,501
2020-06-02,South Dakota,46,5066,62
2020-06-02,Tennessee,47,24498,378
2020-06-02,Texas,48,67966,1732
2020-06-02,Utah,49,10237,113
2020-06-02,Vermont,50,988,55
2020-06-02,Virgin Islands,78,70,6
2020-06-02,Virginia,51,46239,1407
2020-06-02,Washington,53,23608,1139
2020-06-02,West Virginia,54,2056,78
2020-06-02,Wisconsin,55,19223,610
2020-06-02,Wyoming,56,912,17
2020-06-03,Alabama,01,18851,653
2020-06-03,Alaska,02,516,8
2020-06-03,Arizona,04,22245,983
2020-06-03,Arkansas,05,8067,142
2020-06-03,California,06,120407,4422
2020-06-03,Colorado,08,27046,1494
2020-06-03,Connecticut,09,43091,3989
2020-06-03,Delaware,10,9712,375
2020-06-03,District of Columbia,11,9016,473
2020-06-03,Florida,12,58756,2565
2020-06-03,Georgia,13,46711,2092
2020-06-03,Guam,66,1146,6
2020-06-03,Hawaii,15,643,17
2020-06-03,Idaho,16,2990,83
2020-06-03,Illinois,17,124279,5665
2020-06-03,Indiana,18,36609,2207
2020-06-03,Iowa,19,20376,574
2020-06-03,Kansas,20,10281,227
2020-06-03,Kentucky,21,10485,458
2020-06-03,Louisiana,22,41244,2870
2020-06-03,Maine,23,2418,95
2020-06-03,Maryland,24,55617,2641
2020-06-03,Massachusetts,25,101592,7152
2020-06-03,Michigan,26,58990,5579
2020-06-03,Minnesota,27,25881,1097
2020-06-03,Mississippi,28,16322,782
2020-06-03,Missouri,29,14020,801
2020-06-03,Montana,30,525,17
2020-06-03,Nebraska,31,14866,189
2020-06-03,Nevada,32,8950,429
2020-06-03,New Hampshire,33,4795,265
2020-06-03,New Jersey,34,162068,11880
2020-06-03,New Mexico,35,8140,375
2020-06-03,New York,36,378924,29918
2020-06-03,North Carolina,37,31013,971
2020-06-03,North Dakota,38,2682,69
2020-06-03,Northern Mariana Islands,69,24,2
2020-06-03,Ohio,39,36792,2299
2020-06-03,Oklahoma,40,6805,341
2020-06-03,Oregon,41,4399,159
2020-06-03,Pennsylvania,42,77871,5742
2020-06-03,Puerto Rico,72,4023,140
2020-06-03,Rhode Island,44,15219,742
2020-06-03,South Carolina,45,12651,518
2020-06-03,South Dakota,46,5161,62
2020-06-03,Tennessee,47,25024,386
2020-06-03,Texas,48,69546,1766
2020-06-03,Utah,49,10558,117
2020-06-03,Vermont,50,990,55
2020-06-03,Virgin Islands,78,71,6
2020-06-03,Virginia,51,46905,1428
2020-06-03,Washington,53,23776,1145
2020-06-03,West Virginia,54,2077,78
2020-06-03,Wisconsin,55,19896,618
2020-06-03,Wyoming,56,915,17
2020-06-04,Alabama,01,19072,653
2020-06-04,Alaska,02,542,8
2020-06-04,Arizona,04,22818,1000
2020-06-04,Arkansas,05,8425,151
2020-06-04,California,06,122917,4484
2020-06-04,Colorado,08,27346,1512
2020-06-04,Connecticut,09,43239,4007
2020-06-04,Delaware,10,9746,386
2020-06-04,District of Columbia,11,9120,475
2020-06-04,Florida,12,60175,2606
2020-06-04,Georgia,13,47528,2116
2020-06-04,Guam,66,1148,6
2020-06-04,Hawaii,15,644,17
2020-06-04,Idaho,16,3054,83
2020-06-04,Illinois,17,125149,5772
2020-06-04,Indiana,18,37005,2231
2020-06-04,Iowa,19,20943,590
2020-06-04,Kansas,20,10332,230
2020-06-04,Kentucky,21,10781,469
2020-06-04,Louisiana,22,41673,2883
2020-06-04,Maine,23,2446,95
2020-06-04,Maryland,24,56490,2668
2020-06-04,Massachusetts,25,102063,7201
2020-06-04,Michigan,26,59215,5604
2020-06-04,Minnesota,27,26284,1126
2020-06-04,Mississippi,28,16560,794
2020-06-04,Missouri,29,14286,806
2020-06-04,Montana,30,537,17
2020-06-04,Nebraska,31,15117,193
2020-06-04,Nevada,32,9118,429
2020-06-04,New Hampshire,33,4876,273
2020-06-04,New Jersey,34,162530,11970
2020-06-04,New Mexico,35,8353,383
2020-06-04,New York,36,379977,30011
2020-06-04,North Carolina,37,32276,993
2020-06-04,North Dakota,38,2709,69
2020-06-04,Northern Mariana Islands,69,26,2
2020-06-04,Ohio,39,37282,2339
2020-06-04,Oklahoma,40,6907,344
2020-06-04,Oregon,41,4475,159
2020-06-04,Pennsylvania,42,78428,5862
2020-06-04,Puerto Rico,72,4508,140
2020-06-04,Rhode Island,44,15325,756
2020-06-04,South Carolina,45,13005,525
2020-06-04,South Dakota,46,5247,64
2020-06-04,Tennessee,47,25374,401
2020-06-04,Texas,48,71330,1793
2020-06-04,Utah,49,10858,117
2020-06-04,Vermont,50,1026,55
2020-06-04,Virgin Islands,78,71,6
2020-06-04,Virginia,51,47856,1445
2020-06-04,Washington,53,23999,1150
2020-06-04,West Virginia,54,2102,79
2020-06-04,Wisconsin,55,20359,627
2020-06-04,Wyoming,56,921,17
2020-06-05,Alabama,01,19387,676
2020-06-05,Alaska,02,565,8
2020-06-05,Arizona,04,24369,1016
2020-06-05,Arkansas,05,8651,152
2020-06-05,California,06,126510,4550
2020-06-05,Colorado,08,27601,1524
2020-06-05,Connecticut,09,43460,4038
2020-06-05,Delaware,10,9773,388
2020-06-05,District of Columbia,11,9199,479
2020-06-05,Florida,12,61480,2659
2020-06-05,Georgia,13,48280,2143
2020-06-05,Guam,66,1148,6
2020-06-05,Hawaii,15,653,17
2020-06-05,Idaho,16,3111,83
2020-06-05,Illinois,17,126317,5834
2020-06-05,Indiana,18,37499,2258
2020-06-05,Iowa,19,21332,597
2020-06-05,Kansas,20,10493,233
2020-06-05,Kentucky,21,11051,476
2020-06-05,Louisiana,22,42100,2912
2020-06-05,Maine,23,2482,98
2020-06-05,Maryland,24,57407,2702
2020-06-05,Massachusetts,25,102557,7235
2020-06-05,Michigan,26,63744,5854
2020-06-05,Minnesota,27,26991,1159
2020-06-05,Mississippi,28,16769,803
2020-06-05,Missouri,29,14515,816
2020-06-05,Montana,30,539,18
2020-06-05,Nebraska,31,15379,193
2020-06-05,Nevada,32,9306,436
2020-06-05,New Hampshire,33,4953,278
2020-06-05,New Jersey,34,163336,12049
2020-06-05,New Mexico,35,8672,387
2020-06-05,New York,36,381019,30066
2020-06-05,North Carolina,37,33417,1001
2020-06-05,North Dakota,38,2748,74
2020-06-05,Northern Mariana Islands,69,26,2
2020-06-05,Ohio,39,37758,2355
2020-06-05,Oklahoma,40,7004,345
2020-06-05,Oregon,41,4585,161
2020-06-05,Pennsylvania,42,78908,5952
2020-06-05,Puerto Rico,72,4620,141
2020-06-05,Rhode Island,44,15441,772
2020-06-05,South Carolina,45,13453,538
2020-06-05,South Dakota,46,5277,65
2020-06-05,Tennessee,47,25799,405
2020-06-05,Texas,48,73323,1821
2020-06-05,Utah,49,11344,120
2020-06-05,Vermont,50,1027,55
2020-06-05,Virgin Islands,78,71,6
2020-06-05,Virginia,51,48532,1453
2020-06-05,Washington,53,24546,1160
2020-06-05,West Virginia,54,2119,84
2020-06-05,Wisconsin,55,20723,634
2020-06-05,Wyoming,56,933,17
2020-06-06,Alabama,01,20043,689
2020-06-06,Alaska,02,579,8
2020-06-06,Arizona,04,25517,1046
2020-06-06,Arkansas,05,9101,154
2020-06-06,California,06,129147,4626
2020-06-06,Colorado,08,27834,1527
2020-06-06,Connecticut,09,43818,4055
2020-06-06,Delaware,10,9845,390
2020-06-06,District of Columbia,11,9269,483
2020-06-06,Florida,12,62750,2687
2020-06-06,Georgia,13,48943,2147
2020-06-06,Guam,66,1148,6
2020-06-06,Hawaii,15,661,17
2020-06-06,Idaho,16,3139,83
2020-06-06,Illinois,17,127251,5898
2020-06-06,Indiana,18,37928,2292
2020-06-06,Iowa,19,21527,602
2020-06-06,Kansas,20,10517,234
2020-06-06,Kentucky,21,11359,480
2020-06-06,Louisiana,22,42597,2925
2020-06-06,Maine,23,2524,98
2020-06-06,Maryland,24,58099,2740
2020-06-06,Massachusetts,25,103132,7289
2020-06-06,Michigan,26,64196,5894
2020-06-06,Minnesota,27,27512,1181
2020-06-06,Mississippi,28,17034,811
2020-06-06,Missouri,29,14659,823
2020-06-06,Montana,30,540,18
2020-06-06,Nebraska,31,15543,196
2020-06-06,Nevada,32,9494,437
2020-06-06,New Hampshire,33,5019,283
2020-06-06,New Jersey,34,163893,12106
2020-06-06,New Mexico,35,8800,392
2020-06-06,New York,36,382102,30123
2020-06-06,North Carolina,37,34809,1020
2020-06-06,North Dakota,38,2819,75
2020-06-06,Northern Mariana Islands,69,26,2
2020-06-06,Ohio,39,38111,2370
2020-06-06,Oklahoma,40,7060,347
2020-06-06,Oregon,41,4672,163
2020-06-06,Pennsylvania,42,79507,5986
2020-06-06,Puerto Rico,72,4915,142
2020-06-06,Rhode Island,44,15441,772
2020-06-06,South Carolina,45,13916,545
2020-06-06,South Dakota,46,5367,65
2020-06-06,Tennessee,47,26359,413
2020-06-06,Texas,48,75077,1840
2020-06-06,Utah,49,11866,121
2020-06-06,Vermont,50,1046,55
2020-06-06,Virgin Islands,78,71,6
2020-06-06,Virginia,51,49397,1460
2020-06-06,Washington,53,24767,1163
2020-06-06,West Virginia,54,2136,84
2020-06-06,Wisconsin,55,20997,646
2020-06-06,Wyoming,56,939,17
2020-06-07,Alabama,01,20500,692
2020-06-07,Alaska,02,588,8
2020-06-07,Arizona,04,26924,1048
2020-06-07,Arkansas,05,9426,154
2020-06-07,California,06,131997,4653
2020-06-07,Colorado,08,27987,1527
2020-06-07,Connecticut,09,43968,4071
2020-06-07,Delaware,10,9942,398
2020-06-07,District of Columbia,11,9332,489
2020-06-07,Florida,12,63930,2699
2020-06-07,Georgia,13,49371,2148
2020-06-07,Guam,66,1148,6
2020-06-07,Hawaii,15,663,17
2020-06-07,Idaho,16,3153,83
2020-06-07,Illinois,17,128070,5939
2020-06-07,Indiana,18,38328,2303
2020-06-07,Iowa,19,21794,606
2020-06-07,Kansas,20,10549,234
2020-06-07,Kentucky,21,11393,481
2020-06-07,Louisiana,22,42927,2936
2020-06-07,Maine,23,2570,99
2020-06-07,Maryland,24,58593,2749
2020-06-07,Massachusetts,25,103436,7316
2020-06-07,Michigan,26,64615,5898
2020-06-07,Minnesota,27,27897,1197
2020-06-07,Mississippi,28,17270,817
2020-06-07,Missouri,29,14985,823
2020-06-07,Montana,30,545,18
2020-06-07,Nebraska,31,15634,196
2020-06-07,Nevada,32,9673,438
2020-06-07,New Hampshire,33,5043,286
2020-06-07,New Jersey,34,164164,12176
2020-06-07,New Mexico,35,8940,396
2020-06-07,New York,36,382879,30183
2020-06-07,North Carolina,37,35663,1024
2020-06-07,North Dakota,38,2864,75
2020-06-07,Northern Mariana Islands,69,27,2
2020-06-07,Ohio,39,38476,2377
2020-06-07,Oklahoma,40,7151,348
2020-06-07,Oregon,41,4809,164
2020-06-07,Pennsylvania,42,80001,5997
2020-06-07,Puerto Rico,72,4985,142
2020-06-07,Rhode Island,44,15441,772
2020-06-07,South Carolina,45,14286,546
2020-06-07,South Dakota,46,5438,65
2020-06-07,Tennessee,47,26811,414
2020-06-07,Texas,48,75948,1846
2020-06-07,Utah,49,12084,121
2020-06-07,Vermont,50,1063,55
2020-06-07,Virgin Islands,78,71,6
2020-06-07,Virginia,51,50681,1472
2020-06-07,Washington,53,25064,1163
2020-06-07,West Virginia,54,2144,84
2020-06-07,Wisconsin,55,21246,648
2020-06-07,Wyoming,56,947,17
2020-06-08,Alabama,01,20925,718
2020-06-08,Alaska,02,607,8
2020-06-08,Arizona,04,27761,1052
2020-06-08,Arkansas,05,9740,155
2020-06-08,California,06,134287,4679
2020-06-08,Colorado,08,28169,1543
2020-06-08,Connecticut,09,44092,4084
2020-06-08,Delaware,10,9972,398
2020-06-08,District of Columbia,11,9389,491
2020-06-08,Florida,12,64896,2711
2020-06-08,Georgia,13,49995,2176
2020-06-08,Guam,66,1149,6
2020-06-08,Hawaii,15,664,17
2020-06-08,Idaho,16,3197,83
2020-06-08,Illinois,17,129543,6142
2020-06-08,Indiana,18,38553,2316
2020-06-08,Iowa,19,22111,623
2020-06-08,Kansas,20,10724,237
2020-06-08,Kentucky,21,11701,487
2020-06-08,Louisiana,22,43163,2944
2020-06-08,Maine,23,2588,99
2020-06-08,Maryland,24,59024,2776
2020-06-08,Massachusetts,25,103626,7353
2020-06-08,Michigan,26,64911,5916
2020-06-08,Minnesota,27,28235,1208
2020-06-08,Mississippi,28,17768,837
2020-06-08,Missouri,29,15159,832
2020-06-08,Montana,30,548,18
2020-06-08,Nebraska,31,15752,196
2020-06-08,Nevada,32,9815,442
2020-06-08,New Hampshire,33,5079,286
2020-06-08,New Jersey,34,164497,12214
2020-06-08,New Mexico,35,9062,400
2020-06-08,New York,36,383591,30239
2020-06-08,North Carolina,37,36581,1041
2020-06-08,North Dakota,38,2883,75
2020-06-08,Northern Mariana Islands,69,28,2
2020-06-08,Ohio,39,38837,2404
2020-06-08,Oklahoma,40,7206,348
2020-06-08,Oregon,41,4927,164
2020-06-08,Pennsylvania,42,80432,6007
2020-06-08,Puerto Rico,72,5046,142
2020-06-08,Rhode Island,44,15642,799
2020-06-08,South Carolina,45,14800,557
2020-06-08,South Dakota,46,5471,65
2020-06-08,Tennessee,47,27217,417
2020-06-08,Texas,48,77326,1856
2020-06-08,Utah,49,12378,124
2020-06-08,Vermont,50,1075,55
2020-06-08,Virgin Islands,78,71,6
2020-06-08,Virginia,51,51251,1477
2020-06-08,Washington,53,25593,1168
2020-06-08,West Virginia,54,2161,84
2020-06-08,Wisconsin,55,21463,650
2020-06-08,Wyoming,56,960,17
2020-06-09,Alabama,01,21422,729
2020-06-09,Alaska,02,620,9
2020-06-09,Arizona,04,28396,1074
2020-06-09,Arkansas,05,10080,161
2020-06-09,California,06,137245,4775
2020-06-09,Colorado,08,28333,1553
2020-06-09,Connecticut,09,44179,4097
2020-06-09,Delaware,10,10020,410
2020-06-09,District of Columbia,11,9474,495
2020-06-09,Florida,12,65992,2764
2020-06-09,Georgia,13,50769,2250
2020-06-09,Guam,66,1149,6
2020-06-09,Hawaii,15,670,17
2020-06-09,Idaho,16,3226,85
2020-06-09,Illinois,17,130321,6237
2020-06-09,Indiana,18,38985,2339
2020-06-09,Iowa,19,22271,629
2020-06-09,Kansas,20,10786,238
2020-06-09,Kentucky,21,11891,494
2020-06-09,Louisiana,22,43725,2957
2020-06-09,Maine,23,2606,100
2020-06-09,Maryland,24,59543,2811
2020-06-09,Massachusetts,25,103889,7408
2020-06-09,Michigan,26,65190,5946
2020-06-09,Minnesota,27,28534,1228
2020-06-09,Mississippi,28,18109,847
2020-06-09,Missouri,29,15396,854
2020-06-09,Montana,30,554,18
2020-06-09,Nebraska,31,15888,199
2020-06-09,Nevada,32,10046,445
2020-06-09,New Hampshire,33,5132,294
2020-06-09,New Jersey,34,164796,12303
2020-06-09,New Mexico,35,9105,404
2020-06-09,New York,36,384281,30309
2020-06-09,North Carolina,37,37393,1069
2020-06-09,North Dakota,38,2904,75
2020-06-09,Northern Mariana Islands,69,30,2
2020-06-09,Ohio,39,39162,2421
2020-06-09,Oklahoma,40,7364,353
2020-06-09,Oregon,41,5027,169
2020-06-09,Pennsylvania,42,80964,6070
2020-06-09,Puerto Rico,72,5185,142
2020-06-09,Rhode Island,44,15691,808
2020-06-09,South Carolina,45,15228,568
2020-06-09,South Dakota,46,5523,68
2020-06-09,Tennessee,47,27865,430
2020-06-09,Texas,48,79271,1886
2020-06-09,Utah,49,12639,127
2020-06-09,Vermont,50,1084,55
2020-06-09,Virgin Islands,78,72,6
2020-06-09,Virginia,51,51738,1496
2020-06-09,Washington,53,25796,1181
2020-06-09,West Virginia,54,2179,84
2020-06-09,Wisconsin,55,21738,662
2020-06-09,Wyoming,56,970,17
2020-06-10,Alabama,01,21989,744
2020-06-10,Alaska,02,642,9
2020-06-10,Arizona,04,29981,1100
2020-06-10,Arkansas,05,10368,165
2020-06-10,California,06,140139,4869
2020-06-10,Colorado,08,28484,1573
2020-06-10,Connecticut,09,44347,4120
2020-06-10,Delaware,10,10056,413
2020-06-10,District of Columbia,11,9537,499
2020-06-10,Florida,12,67363,2800
2020-06-10,Georgia,13,51465,2292
2020-06-10,Guam,66,1149,6
2020-06-10,Hawaii,15,673,17
2020-06-10,Idaho,16,3262,85
2020-06-10,Illinois,17,130889,6302
2020-06-10,Indiana,18,39297,2355
2020-06-10,Iowa,19,22733,638
2020-06-10,Kansas,20,10931,241
2020-06-10,Kentucky,21,12029,498
2020-06-10,Louisiana,22,44143,2968
2020-06-10,Maine,23,2637,100
2020-06-10,Maryland,24,60114,2844
2020-06-10,Massachusetts,25,104156,7454
2020-06-10,Michigan,26,65377,5958
2020-06-10,Minnesota,27,28900,1267
2020-06-10,Mississippi,28,18483,868
2020-06-10,Missouri,29,15662,861
2020-06-10,Montana,30,561,18
2020-06-10,Nebraska,31,16025,209
2020-06-10,Nevada,32,10216,449
2020-06-10,New Hampshire,33,5178,301
2020-06-10,New Jersey,34,165346,12377
2020-06-10,New Mexico,35,9250,410
2020-06-10,New York,36,384945,30376
2020-06-10,North Carolina,37,38305,1096
2020-06-10,North Dakota,38,2944,76
2020-06-10,Northern Mariana Islands,69,30,2
2020-06-10,Ohio,39,39575,2457
2020-06-10,Oklahoma,40,7480,355
2020-06-10,Oregon,41,5099,169
2020-06-10,Pennsylvania,42,81410,6143
2020-06-10,Puerto Rico,72,5329,143
2020-06-10,Rhode Island,44,15756,812
2020-06-10,South Carolina,45,15759,575
2020-06-10,South Dakota,46,5604,69
2020-06-10,Tennessee,47,28379,436
2020-06-10,Texas,48,81771,1916
2020-06-10,Utah,49,12982,128
2020-06-10,Vermont,50,1095,55
2020-06-10,Virgin Islands,78,72,6
2020-06-10,Virginia,51,52177,1514
2020-06-10,Washington,53,25940,1183
2020-06-10,West Virginia,54,2193,85
2020-06-10,Wisconsin,55,24091,679
2020-06-10,Wyoming,56,980,18
2020-06-11,Alabama,01,22845,755
2020-06-11,Alaska,02,666,9
2020-06-11,Arizona,04,31525,1130
2020-06-11,Arkansas,05,10816,171
2020-06-11,California,06,143709,4941
2020-06-11,Colorado,08,28632,1583
2020-06-11,Connecticut,09,44461,4146
2020-06-11,Delaware,10,10106,414
2020-06-11,District of Columbia,11,9589,502
2020-06-11,Florida,12,69061,2847
2020-06-11,Georgia,13,52332,2337
2020-06-11,Guam,66,1152,6
2020-06-11,Hawaii,15,680,17
2020-06-11,Idaho,16,3303,86
2020-06-11,Illinois,17,131731,6388
2020-06-11,Indiana,18,39714,2380
2020-06-11,Iowa,19,23103,641
2020-06-11,Kansas,20,10984,242
2020-06-11,Kentucky,21,12128,513
2020-06-11,Louisiana,22,44585,2987
2020-06-11,Maine,23,2667,100
2020-06-11,Maryland,24,60823,2875
2020-06-11,Massachusetts,25,104667,7492
2020-06-11,Michigan,26,65627,5985
2020-06-11,Minnesota,27,29347,1280
2020-06-11,Mississippi,28,18483,868
2020-06-11,Missouri,29,15924,873
2020-06-11,Montana,30,563,18
2020-06-11,Nebraska,31,16315,217
2020-06-11,Nevada,32,10464,460
2020-06-11,New Hampshire,33,5209,308
2020-06-11,New Jersey,34,165816,12443
2020-06-11,New Mexico,35,9368,421
2020-06-11,New York,36,385669,30431
2020-06-11,North Carolina,37,39735,1114
2020-06-11,North Dakota,38,2983,77
2020-06-11,Northern Mariana Islands,69,30,2
2020-06-11,Ohio,39,40004,2490
2020-06-11,Oklahoma,40,7626,357
2020-06-11,Oregon,41,5252,171
2020-06-11,Pennsylvania,42,81944,6187
2020-06-11,Puerto Rico,72,5352,144
2020-06-11,Rhode Island,44,15862,823
2020-06-11,South Carolina,45,16441,588
2020-06-11,South Dakota,46,5665,73
2020-06-11,Tennessee,47,28766,441
2020-06-11,Texas,48,83772,1942
2020-06-11,Utah,49,13366,131
2020-06-11,Vermont,50,1110,55
2020-06-11,Virgin Islands,78,72,6
2020-06-11,Virginia,51,52647,1520
2020-06-11,Washington,53,26172,1198
2020-06-11,West Virginia,54,2217,86
2020-06-11,Wisconsin,55,24411,691
2020-06-11,Wyoming,56,1009,18
2020-06-12,Alabama,01,23710,769
2020-06-12,Alaska,02,688,10
2020-06-12,Arizona,04,33167,1157
2020-06-12,Arkansas,05,11547,176
2020-06-12,California,06,147285,4986
2020-06-12,Colorado,08,28807,1595
2020-06-12,Connecticut,09,44689,4159
2020-06-12,Delaware,10,10173,414
2020-06-12,District of Columbia,11,9654,506
2020-06-12,Florida,12,70963,2876
2020-06-12,Georgia,13,53201,2384
2020-06-12,Guam,66,1153,6
2020-06-12,Hawaii,15,694,17
2020-06-12,Idaho,16,3354,87
2020-06-12,Illinois,17,132489,6469
2020-06-12,Indiana,18,40114,2396
2020-06-12,Iowa,19,23455,650
2020-06-12,Kansas,20,11152,243
2020-06-12,Kentucky,21,12352,525
2020-06-12,Louisiana,22,45108,2996
2020-06-12,Maine,23,2721,100
2020-06-12,Maryland,24,61262,2900
2020-06-12,Massachusetts,25,105059,7538
2020-06-12,Michigan,26,65881,5994
2020-06-12,Minnesota,27,29826,1305
2020-06-12,Mississippi,28,19091,881
2020-06-12,Missouri,29,16111,884
2020-06-12,Montana,30,573,18
2020-06-12,Nebraska,31,16513,221
2020-06-12,Nevada,32,10704,462
2020-06-12,New Hampshire,33,5251,315
2020-06-12,New Jersey,34,166164,12489
2020-06-12,New Mexico,35,9526,426
2020-06-12,New York,36,386490,30511
2020-06-12,North Carolina,37,41467,1128
2020-06-12,North Dakota,38,3019,77
2020-06-12,Northern Mariana Islands,69,30,2
2020-06-12,Ohio,39,40424,2508
2020-06-12,Oklahoma,40,7848,359
2020-06-12,Oregon,41,5388,174
2020-06-12,Pennsylvania,42,82578,6229
2020-06-12,Puerto Rico,72,5536,146
2020-06-12,Rhode Island,44,15947,833
2020-06-12,South Carolina,45,17170,593
2020-06-12,South Dakota,46,5742,74
2020-06-12,Tennessee,47,29218,461
2020-06-12,Texas,48,86031,1965
2020-06-12,Utah,49,13681,139
2020-06-12,Vermont,50,1119,55
2020-06-12,Virgin Islands,78,72,6
2020-06-12,Virginia,51,53211,1534
2020-06-12,Washington,53,26576,1207
2020-06-12,West Virginia,54,2249,88
2020-06-12,Wisconsin,55,24733,698
2020-06-12,Wyoming,56,1027,18
2020-06-13,Alabama,01,24601,773
2020-06-13,Alaska,02,722,10
2020-06-13,Arizona,04,34773,1190
2020-06-13,Arkansas,05,12095,177
2020-06-13,California,06,150434,5059
2020-06-13,Colorado,08,29002,1598
2020-06-13,Connecticut,09,44994,4186
2020-06-13,Delaware,10,10229,419
2020-06-13,District of Columbia,11,9709,511
2020-06-13,Florida,12,73544,2924
2020-06-13,Georgia,13,54178,2411
2020-06-13,Guam,66,1154,6
2020-06-13,Hawaii,15,711,17
2020-06-13,Idaho,16,3399,87
2020-06-13,Illinois,17,133117,6491
2020-06-13,Indiana,18,40535,2413
2020-06-13,Iowa,19,23792,651
2020-06-13,Kansas,20,11195,244
2020-06-13,Kentucky,21,12605,527
2020-06-13,Louisiana,22,46396,3004
2020-06-13,Maine,23,2757,100
2020-06-13,Maryland,24,61935,2926
2020-06-13,Massachusetts,25,105395,7576
2020-06-13,Michigan,26,66024,6017
2020-06-13,Minnesota,27,30203,1314
2020-06-13,Mississippi,28,19348,889
2020-06-13,Missouri,29,16327,890
2020-06-13,Montana,30,588,18
2020-06-13,Nebraska,31,16634,221
2020-06-13,Nevada,32,10992,463
2020-06-13,New Hampshire,33,5299,318
2020-06-13,New Jersey,34,166605,12589
2020-06-13,New Mexico,35,9621,431
2020-06-13,New York,36,387402,30565
2020-06-13,North Carolina,37,42911,1135
2020-06-13,North Dakota,38,3061,77
2020-06-13,Northern Mariana Islands,69,30,2
2020-06-13,Ohio,39,40848,2554
2020-06-13,Oklahoma,40,8073,359
2020-06-13,Oregon,41,5543,175
2020-06-13,Pennsylvania,42,82988,6264
2020-06-13,Puerto Rico,72,5690,146
2020-06-13,Rhode Island,44,15947,833
2020-06-13,South Carolina,45,17955,599
2020-06-13,South Dakota,46,5833,75
2020-06-13,Tennessee,47,29616,465
2020-06-13,Texas,48,88120,1989
2020-06-13,Utah,49,14061,139
2020-06-13,Vermont,50,1125,55
2020-06-13,Virgin Islands,78,72,6
2020-06-13,Virginia,51,53869,1541
2020-06-13,Washington,53,26920,1216
2020-06-13,West Virginia,54,2274,88
2020-06-13,Wisconsin,55,25026,700
2020-06-13,Wyoming,56,1050,18
2020-06-14,Alabama,01,25615,773
2020-06-14,Alaska,02,734,10
2020-06-14,Arizona,04,35953,1194
2020-06-14,Arkansas,05,12501,179
2020-06-14,California,06,152953,5089
2020-06-14,Colorado,08,29115,1599
2020-06-14,Connecticut,09,45088,4201
2020-06-14,Delaware,10,10264,422
2020-06-14,District of Columbia,11,9767,515
2020-06-14,Florida,12,75560,2930
2020-06-14,Georgia,13,54874,2416
2020-06-14,Guam,66,1154,6
2020-06-14,Hawaii,15,716,17
2020-06-14,Idaho,16,3413,88
2020-06-14,Illinois,17,133719,6512
2020-06-14,Indiana,18,40901,2422
2020-06-14,Iowa,19,23959,652
2020-06-14,Kansas,20,11247,244
2020-06-14,Kentucky,21,12652,527
2020-06-14,Louisiana,22,46732,3014
2020-06-14,Maine,23,2793,100
2020-06-14,Maryland,24,62328,2939
2020-06-14,Massachusetts,25,105603,7624
2020-06-14,Michigan,26,66246,6020
2020-06-14,Minnesota,27,30502,1329
2020-06-14,Mississippi,28,19516,891
2020-06-14,Missouri,29,16384,890
2020-06-14,Montana,30,601,19
2020-06-14,Nebraska,31,16735,221
2020-06-14,Nevada,32,11199,464
2020-06-14,New Hampshire,33,5318,320
2020-06-14,New Jersey,34,166881,12625
2020-06-14,New Mexico,35,9723,435
2020-06-14,New York,36,388096,30605
2020-06-14,North Carolina,37,44199,1139
2020-06-14,North Dakota,38,3083,77
2020-06-14,Northern Mariana Islands,69,30,2
2020-06-14,Ohio,39,41148,2557
2020-06-14,Oklahoma,40,8231,359
2020-06-14,Oregon,41,5644,176
2020-06-14,Pennsylvania,42,83301,6275
2020-06-14,Puerto Rico,72,5811,147
2020-06-14,Rhode Island,44,15947,833
2020-06-14,South Carolina,45,18796,600
2020-06-14,South Dakota,46,5898,75
2020-06-14,Tennessee,47,30174,467
2020-06-14,Texas,48,89542,1995
2020-06-14,Utah,49,14313,139
2020-06-14,Vermont,50,1127,55
2020-06-14,Virgin Islands,78,73,6
2020-06-14,Virginia,51,54506,1546
2020-06-14,Washington,53,27135,1220
2020-06-14,West Virginia,54,2290,88
2020-06-14,Wisconsin,55,25307,702
2020-06-14,Wyoming,56,1060,18
2020-06-15,Alabama,01,26272,774
2020-06-15,Alaska,02,738,10
2020-06-15,Arizona,04,37005,1204
2020-06-15,Arkansas,05,12917,182
2020-06-15,California,06,155662,5120
2020-06-15,Colorado,08,29284,1605
2020-06-15,Connecticut,09,45235,4204
2020-06-15,Delaware,10,10340,423
2020-06-15,District of Columbia,11,9799,515
2020-06-15,Florida,12,77318,2937
2020-06-15,Georgia,13,55505,2457
2020-06-15,Guam,66,1155,6
2020-06-15,Hawaii,15,724,17
2020-06-15,Idaho,16,3472,89
2020-06-15,Illinois,17,134247,6543
2020-06-15,Indiana,18,41422,2433
2020-06-15,Iowa,19,24110,661
2020-06-15,Kansas,20,11516,246
2020-06-15,Kentucky,21,12863,524
2020-06-15,Louisiana,22,47284,3018
2020-06-15,Maine,23,2810,101
2020-06-15,Maryland,24,62653,2947
2020-06-15,Massachusetts,25,105690,7646
2020-06-15,Michigan,26,66302,6025
2020-06-15,Minnesota,27,30724,1335
2020-06-15,Mississippi,28,19799,895
2020-06-15,Missouri,29,16712,895
2020-06-15,Montana,30,609,19
2020-06-15,Nebraska,31,16860,226
2020-06-15,Nevada,32,11316,466
2020-06-15,New Hampshire,33,5345,320
2020-06-15,New Jersey,34,167103,12676
2020-06-15,New Mexico,35,9845,440
2020-06-15,New York,36,388719,30645
2020-06-15,North Carolina,37,45257,1156
2020-06-15,North Dakota,38,3104,77
2020-06-15,Northern Mariana Islands,69,30,2
2020-06-15,Ohio,39,41576,2573
2020-06-15,Oklahoma,40,8417,359
2020-06-15,Oregon,41,5831,180
2020-06-15,Pennsylvania,42,83687,6307
2020-06-15,Puerto Rico,72,5890,147
2020-06-15,Rhode Island,44,16093,851
2020-06-15,South Carolina,45,19381,602
2020-06-15,South Dakota,46,5928,75
2020-06-15,Tennessee,47,30945,477
2020-06-15,Texas,48,91726,2018
2020-06-15,Utah,49,14757,143
2020-06-15,Vermont,50,1130,55
2020-06-15,Virgin Islands,78,73,6
2020-06-15,Virginia,51,54886,1552
2020-06-15,Washington,53,27577,1223
2020-06-15,West Virginia,54,2322,88
2020-06-15,Wisconsin,55,25530,703
2020-06-15,Wyoming,56,1079,18
2020-06-16,Alabama,01,26912,785
2020-06-16,Alaska,02,751,10
2020-06-16,Arizona,04,39298,1228
2020-06-16,Arkansas,05,13191,188
2020-06-16,California,06,159131,5202
2020-06-16,Colorado,08,29427,1617
2020-06-16,Connecticut,09,45349,4210
2020-06-16,Delaware,10,10403,424
2020-06-16,District of Columbia,11,9818,520
2020-06-16,Florida,12,80101,2992
2020-06-16,Georgia,13,56302,2492
2020-06-16,Guam,66,1155,6
2020-06-16,Hawaii,15,728,17
2020-06-16,Idaho,16,3543,89
2020-06-16,Illinois,17,134866,6608
2020-06-16,Indiana,18,41780,2447
2020-06-16,Iowa,19,24263,670
2020-06-16,Kansas,20,11569,246
2020-06-16,Kentucky,21,12899,530
2020-06-16,Louisiana,22,47818,3042
2020-06-16,Maine,23,2819,101
2020-06-16,Maryland,24,63004,2982
2020-06-16,Massachusetts,25,105885,7664
2020-06-16,Michigan,26,66466,6039
2020-06-16,Minnesota,27,30913,1344
2020-06-16,Mississippi,28,20152,915
2020-06-16,Missouri,29,16930,903
2020-06-16,Montana,30,614,19
2020-06-16,Nebraska,31,17031,236
2020-06-16,Nevada,32,11673,467
2020-06-16,New Hampshire,33,5364,326
2020-06-16,New Jersey,34,167426,12727
2020-06-16,New Mexico,35,9933,447
2020-06-16,New York,36,389349,30683
2020-06-16,North Carolina,37,46105,1185
2020-06-16,North Dakota,38,3127,77
2020-06-16,Northern Mariana Islands,69,30,2
2020-06-16,Ohio,39,42010,2597
2020-06-16,Oklahoma,40,8645,363
2020-06-16,Oregon,41,6111,182
2020-06-16,Pennsylvania,42,84077,6337
2020-06-16,Puerto Rico,72,5951,147
2020-06-16,Rhode Island,44,16164,865
2020-06-16,South Carolina,45,19995,607
2020-06-16,South Dakota,46,5966,77
2020-06-16,Tennessee,47,31623,487
2020-06-16,Texas,48,95973,2057
2020-06-16,Utah,49,15077,145
2020-06-16,Vermont,50,1130,55
2020-06-16,Virgin Islands,78,73,6
2020-06-16,Virginia,51,55331,1570
2020-06-16,Washington,53,27949,1234
2020-06-16,West Virginia,54,2341,88
2020-06-16,Wisconsin,55,25829,710
2020-06-16,Wyoming,56,1089,18
2020-06-17,Alabama,01,27312,790
2020-06-17,Alaska,02,776,10
2020-06-17,Arizona,04,41159,1252
2020-06-17,Arkansas,05,13606,197
2020-06-17,California,06,163381,5283
2020-06-17,Colorado,08,29658,1631
2020-06-17,Connecticut,09,45429,4219
2020-06-17,Delaware,10,10444,426
2020-06-17,District of Columbia,11,9847,523
2020-06-17,Florida,12,82711,3017
2020-06-17,Georgia,13,57217,2536
2020-06-17,Guam,66,1157,6
2020-06-17,Hawaii,15,732,17
2020-06-17,Idaho,16,3634,89
2020-06-17,Illinois,17,135416,6687
2020-06-17,Indiana,18,42036,2475
2020-06-17,Iowa,19,24616,677
2020-06-17,Kansas,20,11801,248
2020-06-17,Kentucky,21,13190,536
2020-06-17,Louisiana,22,48746,3062
2020-06-17,Maine,23,2836,102
2020-06-17,Maryland,24,63565,2996
2020-06-17,Massachusetts,25,106151,7733
2020-06-17,Michigan,26,66694,6041
2020-06-17,Minnesota,27,31328,1357
2020-06-17,Mississippi,28,20641,938
2020-06-17,Missouri,29,17151,924
2020-06-17,Montana,30,630,20
2020-06-17,Nebraska,31,17226,239
2020-06-17,Nevada,32,11852,473
2020-06-17,New Hampshire,33,5436,330
2020-06-17,New Jersey,34,167703,12769
2020-06-17,New Mexico,35,10065,452
2020-06-17,New York,36,389910,30722
2020-06-17,North Carolina,37,47142,1198
2020-06-17,North Dakota,38,3170,78
2020-06-17,Northern Mariana Islands,69,30,2
2020-06-17,Ohio,39,42422,2611
2020-06-17,Oklahoma,40,8903,364
2020-06-17,Oregon,41,6235,183
2020-06-17,Pennsylvania,42,84387,6376
2020-06-17,Puerto Rico,72,6003,147
2020-06-17,Rhode Island,44,16213,876
2020-06-17,South Carolina,45,20556,617
2020-06-17,South Dakota,46,6050,78
2020-06-17,Tennessee,47,32112,493
2020-06-17,Texas,48,99466,2099
2020-06-17,Utah,49,15464,149
2020-06-17,Vermont,50,1130,55
2020-06-17,Virgin Islands,78,73,6
2020-06-17,Virginia,51,55775,1583
2020-06-17,Washington,53,28270,1229
2020-06-17,West Virginia,54,2376,88
2020-06-17,Wisconsin,55,26167,719
2020-06-17,Wyoming,56,1114,18
2020-06-18,Alabama,01,28206,810
2020-06-18,Alaska,02,795,10
2020-06-18,Arizona,04,43731,1287
2020-06-18,Arkansas,05,13928,208
2020-06-18,California,06,167135,5359
2020-06-18,Colorado,08,29886,1638
2020-06-18,Connecticut,09,45440,4226
2020-06-18,Delaware,10,10499,431
2020-06-18,District of Columbia,11,9903,527
2020-06-18,Florida,12,85918,3060
2020-06-18,Georgia,13,58040,2565
2020-06-18,Guam,66,1162,6
2020-06-18,Hawaii,15,750,17
2020-06-18,Idaho,16,3744,90
2020-06-18,Illinois,17,136081,6737
2020-06-18,Indiana,18,42480,2491
2020-06-18,Iowa,19,24959,680
2020-06-18,Kansas,20,11886,252
2020-06-18,Kentucky,21,13391,540
2020-06-18,Louisiana,22,49506,3069
2020-06-18,Maine,23,2878,102
2020-06-18,Maryland,24,63839,3016
2020-06-18,Massachusetts,25,106422,7769
2020-06-18,Michigan,26,66980,6064
2020-06-18,Minnesota,27,31707,1376
2020-06-18,Mississippi,28,21022,943
2020-06-18,Missouri,29,17488,963
2020-06-18,Montana,30,655,20
2020-06-18,Nebraska,31,17415,244
2020-06-18,Nevada,32,12164,475
2020-06-18,New Hampshire,33,5450,331
2020-06-18,New Jersey,34,168107,12800
2020-06-18,New Mexico,35,10153,456
2020-06-18,New York,36,390536,30767
2020-06-18,North Carolina,37,48426,1209
2020-06-18,North Dakota,38,3199,81
2020-06-18,Northern Mariana Islands,69,30,2
2020-06-18,Ohio,39,43122,2633
2020-06-18,Oklahoma,40,9354,366
2020-06-18,Oregon,41,6390,187
2020-06-18,Pennsylvania,42,84780,6417
2020-06-18,Puerto Rico,72,6111,147
2020-06-18,Rhode Island,44,16269,885
2020-06-18,South Carolina,45,21548,621
2020-06-18,South Dakota,46,6109,78
2020-06-18,Tennessee,47,32604,504
2020-06-18,Texas,48,102677,2137
2020-06-18,Utah,49,16015,152
2020-06-18,Vermont,50,1135,56
2020-06-18,Virgin Islands,78,74,6
2020-06-18,Virginia,51,56238,1586
2020-06-18,Washington,53,28663,1246
2020-06-18,West Virginia,54,2418,88
2020-06-18,Wisconsin,55,26611,725
2020-06-18,Wyoming,56,1144,18
2020-06-19,Alabama,01,29002,822
2020-06-19,Alaska,02,821,10
2020-06-19,Arizona,04,46914,1322
2020-06-19,Arkansas,05,14631,214
2020-06-19,California,06,170843,5425
2020-06-19,Colorado,08,30172,1643
2020-06-19,Connecticut,09,45557,4238
2020-06-19,Delaware,10,10611,433
2020-06-19,District of Columbia,11,9952,530
2020-06-19,Florida,12,89740,3103
2020-06-19,Georgia,13,59117,2596
2020-06-19,Guam,66,1169,6
2020-06-19,Hawaii,15,777,17
2020-06-19,Idaho,16,3871,90
2020-06-19,Illinois,17,136917,6801
2020-06-19,Indiana,18,42801,2516
2020-06-19,Iowa,19,25424,681
2020-06-19,Kansas,20,12168,254
2020-06-19,Kentucky,21,13629,542
2020-06-19,Louisiana,22,48627,3084
2020-06-19,Maine,23,2913,102
2020-06-19,Maryland,24,64150,3030
2020-06-19,Massachusetts,25,106650,7799
2020-06-19,Michigan,26,67300,6071
2020-06-19,Minnesota,27,32063,1393
2020-06-19,Mississippi,28,21022,943
2020-06-19,Missouri,29,17780,973
2020-06-19,Montana,30,666,20
2020-06-19,Nebraska,31,17591,249
2020-06-19,Nevada,32,12525,479
2020-06-19,New Hampshire,33,5486,337
2020-06-19,New Jersey,34,168496,12835
2020-06-19,New Mexico,35,10260,464
2020-06-19,New York,36,391330,30816
2020-06-19,North Carolina,37,50014,1223
2020-06-19,North Dakota,38,3232,82
2020-06-19,Northern Mariana Islands,69,30,2
2020-06-19,Ohio,39,43731,2667
2020-06-19,Oklahoma,40,9706,367
2020-06-19,Oregon,41,6592,188
2020-06-19,Pennsylvania,42,85288,6446
2020-06-19,Puerto Rico,72,6195,147
2020-06-19,Rhode Island,44,16337,894
2020-06-19,South Carolina,45,22631,639
2020-06-19,South Dakota,46,6158,81
2020-06-19,Tennessee,47,33603,508
2020-06-19,Texas,48,107322,2168
2020-06-19,Utah,49,16585,155
2020-06-19,Vermont,50,1144,56
2020-06-19,Virgin Islands,78,74,6
2020-06-19,Virginia,51,56793,1602
2020-06-19,Washington,53,29045,1258
2020-06-19,West Virginia,54,2468,88
2020-06-19,Wisconsin,55,26913,736
2020-06-19,Wyoming,56,1173,20
2020-06-20,Alabama,01,29549,838
2020-06-20,Alaska,02,845,10
2020-06-20,Arizona,04,50198,1347
2020-06-20,Arkansas,05,15142,224
2020-06-20,California,06,174854,5495
2020-06-20,Colorado,08,30334,1647
2020-06-20,Connecticut,09,45715,4251
2020-06-20,Delaware,10,10681,434
2020-06-20,District of Columbia,11,9984,531
2020-06-20,Florida,12,93789,3143
2020-06-20,Georgia,13,60669,2602
2020-06-20,Guam,66,1191,6
2020-06-20,Hawaii,15,791,17
2020-06-20,Idaho,16,4006,90
2020-06-20,Illinois,17,137535,6846
2020-06-20,Indiana,18,43135,2536
2020-06-20,Iowa,19,25552,685
2020-06-20,Kansas,20,12218,257
2020-06-20,Kentucky,21,13800,542
2020-06-20,Louisiana,22,49497,3104
2020-06-20,Maine,23,2938,102
2020-06-20,Maryland,24,64565,3052
2020-06-20,Massachusetts,25,106936,7827
2020-06-20,Michigan,26,67721,6091
2020-06-20,Minnesota,27,32499,1404
2020-06-20,Mississippi,28,21022,943
2020-06-20,Missouri,29,18155,975
2020-06-20,Montana,30,698,20
2020-06-20,Nebraska,31,17707,249
2020-06-20,Nevada,32,12977,486
2020-06-20,New Hampshire,33,5518,339
2020-06-20,New Jersey,34,168834,12857
2020-06-20,New Mexico,35,10430,466
2020-06-20,New York,36,392037,30839
2020-06-20,North Carolina,37,51640,1239
2020-06-20,North Dakota,38,3257,82
2020-06-20,Northern Mariana Islands,69,30,2
2020-06-20,Ohio,39,44262,2697
2020-06-20,Oklahoma,40,10037,368
2020-06-20,Oregon,41,6682,188
2020-06-20,Pennsylvania,42,85678,6467
2020-06-20,Puerto Rico,72,6463,147
2020-06-20,Rhode Island,44,16337,894
2020-06-20,South Carolina,45,23786,644
2020-06-20,South Dakota,46,6225,81
2020-06-20,Tennessee,47,34223,516
2020-06-20,Texas,48,111594,2186
2020-06-20,Utah,49,17173,155
2020-06-20,Vermont,50,1147,56
2020-06-20,Virgin Islands,78,76,6
2020-06-20,Virginia,51,57443,1607
2020-06-20,Washington,53,29466,1268
2020-06-20,West Virginia,54,2500,88
2020-06-20,Wisconsin,55,27314,751
2020-06-20,Wyoming,56,1179,20
2020-06-21,Alabama,01,30021,839
2020-06-21,Alaska,02,859,10
2020-06-21,Arizona,04,52666,1350
2020-06-21,Arkansas,05,15561,225
2020-06-21,California,06,178807,5517
2020-06-21,Colorado,08,30524,1647
2020-06-21,Connecticut,09,45755,4260
2020-06-21,Delaware,10,10775,435
2020-06-21,District of Columbia,11,10020,533
2020-06-21,Florida,12,97283,3160
2020-06-21,Georgia,13,61493,2603
2020-06-21,Guam,66,1191,6
2020-06-21,Hawaii,15,802,17
2020-06-21,Idaho,16,4025,90
2020-06-21,Illinois,17,138154,6865
2020-06-21,Indiana,18,43496,2540
2020-06-21,Iowa,19,26020,686
2020-06-21,Kansas,20,12258,258
2020-06-21,Kentucky,21,13919,544
2020-06-21,Louisiana,22,49890,3105
2020-06-21,Maine,23,2957,102
2020-06-21,Maryland,24,64903,3066
2020-06-21,Massachusetts,25,107061,7857
2020-06-21,Michigan,26,67873,6094
2020-06-21,Minnesota,27,32952,1412
2020-06-21,Mississippi,28,21022,943
2020-06-21,Missouri,29,18552,975
2020-06-21,Montana,30,717,20
2020-06-21,Nebraska,31,17810,252
2020-06-21,Nevada,32,13236,487
2020-06-21,New Hampshire,33,5544,339
2020-06-21,New Jersey,34,169142,12870
2020-06-21,New Mexico,35,10565,469
2020-06-21,New York,36,392702,30884
2020-06-21,North Carolina,37,52854,1245
2020-06-21,North Dakota,38,3294,83
2020-06-21,Northern Mariana Islands,69,30,2
2020-06-21,Ohio,39,44808,2700
2020-06-21,Oklahoma,40,10515,369
2020-06-21,Oregon,41,6945,190
2020-06-21,Pennsylvania,42,86024,6472
2020-06-21,Puerto Rico,72,6525,149
2020-06-21,Rhode Island,44,16337,894
2020-06-21,South Carolina,45,24693,653
2020-06-21,South Dakota,46,6297,81
2020-06-21,Tennessee,47,34719,519
2020-06-21,Texas,48,114886,2195
2020-06-21,Utah,49,17567,158
2020-06-21,Vermont,50,1159,56
2020-06-21,Virgin Islands,78,76,6
2020-06-21,Virginia,51,57994,1611
2020-06-21,Washington,53,29797,1271
2020-06-21,West Virginia,54,2543,89
2020-06-21,Wisconsin,55,27598,751
2020-06-21,Wyoming,56,1197,20
2020-06-22,Alabama,01,30454,841
2020-06-22,Alaska,02,869,10
2020-06-22,Arizona,04,54767,1354
2020-06-22,Arkansas,05,16083,227
2020-06-22,California,06,184620,5561
2020-06-22,Colorado,08,30689,1651
2020-06-22,Connecticut,09,45782,4263
2020-06-22,Delaware,10,10820,435
2020-06-22,District of Columbia,11,10058,535
2020-06-22,Florida,12,100209,3172
2020-06-22,Georgia,13,62705,2607
2020-06-22,Guam,66,1191,6
2020-06-22,Hawaii,15,804,17
2020-06-22,Idaho,16,4267,90
2020-06-22,Illinois,17,138615,6889
2020-06-22,Indiana,18,43709,2553
2020-06-22,Iowa,19,26217,687
2020-06-22,Kansas,20,12576,260
2020-06-22,Kentucky,21,14073,549
2020-06-22,Louisiana,22,50352,3117
2020-06-22,Maine,23,2971,102
2020-06-22,Maryland,24,65202,3074
2020-06-22,Massachusetts,25,107210,7873
2020-06-22,Michigan,26,68144,6101
2020-06-22,Minnesota,27,33259,1416
2020-06-22,Mississippi,28,22287,978
2020-06-22,Missouri,29,18733,980
2020-06-22,Montana,30,734,21
2020-06-22,Nebraska,31,17957,255
2020-06-22,Nevada,32,13575,490
2020-06-22,New Hampshire,33,5558,339
2020-06-22,New Jersey,34,169415,12895
2020-06-22,New Mexico,35,10694,469
2020-06-22,New York,36,393257,30934
2020-06-22,North Carolina,37,53840,1250
2020-06-22,North Dakota,38,3319,83
2020-06-22,Northern Mariana Islands,69,30,2
2020-06-22,Ohio,39,45537,2704
2020-06-22,Oklahoma,40,10733,369
2020-06-22,Oregon,41,7115,192
2020-06-22,Pennsylvania,42,86666,6475
2020-06-22,Puerto Rico,72,6564,149
2020-06-22,Rhode Island,44,16459,903
2020-06-22,South Carolina,45,25701,659
2020-06-22,South Dakota,46,6326,81
2020-06-22,Tennessee,47,35255,525
2020-06-22,Texas,48,119646,2213
2020-06-22,Utah,49,18035,158
2020-06-22,Vermont,50,1163,56
2020-06-22,Virgin Islands,78,76,6
2020-06-22,Virginia,51,58465,1620
2020-06-22,Washington,53,30443,1277
2020-06-22,West Virginia,54,2571,90
2020-06-22,Wisconsin,55,27849,751
2020-06-22,Wyoming,56,1230,20
2020-06-23,Alabama,01,31097,864
2020-06-23,Alaska,02,905,10
2020-06-23,Arizona,04,58397,1398
2020-06-23,Arkansas,05,16678,237
2020-06-23,California,06,191039,5637
2020-06-23,Colorado,08,30877,1665
2020-06-23,Connecticut,09,45899,4277
2020-06-23,Delaware,10,10847,504
2020-06-23,District of Columbia,11,10094,537
2020-06-23,Florida,12,103495,3237
2020-06-23,Georgia,13,64577,2646
2020-06-23,Guam,66,1194,6
2020-06-23,Hawaii,15,807,17
2020-06-23,Idaho,16,4412,90
2020-06-23,Illinois,17,139282,6925
2020-06-23,Indiana,18,43967,2569
2020-06-23,Iowa,19,26470,690
2020-06-23,Kansas,20,12659,261
2020-06-23,Kentucky,21,14323,559
2020-06-23,Louisiana,22,51708,3134
2020-06-23,Maine,23,2994,102
2020-06-23,Maryland,24,65602,3092
2020-06-23,Massachusetts,25,107439,7889
2020-06-23,Michigan,26,68373,6113
2020-06-23,Minnesota,27,33501,1425
2020-06-23,Mississippi,28,22898,989
2020-06-23,Missouri,29,19148,993
2020-06-23,Montana,30,743,21
2020-06-23,Nebraska,31,18091,262
2020-06-23,Nevada,32,14058,492
2020-06-23,New Hampshire,33,5571,343
2020-06-23,New Jersey,34,169734,12949
2020-06-23,New Mexico,35,10838,476
2020-06-23,New York,36,393855,30970
2020-06-23,North Carolina,37,54826,1276
2020-06-23,North Dakota,38,3326,84
2020-06-23,Northern Mariana Islands,69,30,2
2020-06-23,Ohio,39,46127,2735
2020-06-23,Oklahoma,40,11028,371
2020-06-23,Oregon,41,7317,192
2020-06-23,Pennsylvania,42,87283,6511
2020-06-23,Puerto Rico,72,6685,149
2020-06-23,Rhode Island,44,16533,906
2020-06-23,South Carolina,45,26613,673
2020-06-23,South Dakota,46,6353,83
2020-06-23,Tennessee,47,36018,535
2020-06-23,Texas,48,124726,2246
2020-06-23,Utah,49,18454,163
2020-06-23,Vermont,50,1164,56
2020-06-23,Virgin Islands,78,78,6
2020-06-23,Virginia,51,58994,1645
2020-06-23,Washington,53,30778,1285
2020-06-23,West Virginia,54,2593,92
2020-06-23,Wisconsin,55,28187,758
2020-06-23,Wyoming,56,1254,20
2020-06-24,Alabama,01,32064,891
2020-06-24,Alaska,02,926,10
2020-06-24,Arizona,04,60207,1467
2020-06-24,Arkansas,05,17375,240
2020-06-24,California,06,195889,5728
2020-06-24,Colorado,08,31139,1667
2020-06-24,Connecticut,09,45913,4287
2020-06-24,Delaware,10,10889,505
2020-06-24,District of Columbia,11,10128,541
2020-06-24,Florida,12,109006,3280
2020-06-24,Georgia,13,66290,2658
2020-06-24,Guam,66,1200,6
2020-06-24,Hawaii,15,821,17
2020-06-24,Idaho,16,4650,91
2020-06-24,Illinois,17,140025,6986
2020-06-24,Indiana,18,44260,2578
2020-06-24,Iowa,19,26897,694
2020-06-24,Kansas,20,13110,262
2020-06-24,Kentucky,21,14522,561
2020-06-24,Louisiana,22,52590,3152
2020-06-24,Maine,23,3017,103
2020-06-24,Maryland,24,65934,3108
2020-06-24,Massachusetts,25,107611,7937
2020-06-24,Michigan,26,68711,6118
2020-06-24,Minnesota,27,33798,1432
2020-06-24,Mississippi,28,23424,1011
2020-06-24,Missouri,29,19478,1001
2020-06-24,Montana,30,766,21
2020-06-24,Nebraska,31,18220,263
2020-06-24,Nevada,32,14460,494
2020-06-24,New Hampshire,33,5598,347
2020-06-24,New Jersey,34,169892,12995
2020-06-24,New Mexico,35,10990,480
2020-06-24,New York,36,394430,31001
2020-06-24,North Carolina,37,56263,1295
2020-06-24,North Dakota,38,3370,86
2020-06-24,Northern Mariana Islands,69,30,2
2020-06-24,Ohio,39,46759,2755
2020-06-24,Oklahoma,40,11509,372
2020-06-24,Oregon,41,7462,195
2020-06-24,Pennsylvania,42,87775,6568
2020-06-24,Puerto Rico,72,6820,149
2020-06-24,Rhode Island,44,16606,912
2020-06-24,South Carolina,45,27897,683
2020-06-24,South Dakota,46,6419,84
2020-06-24,Tennessee,47,36822,548
2020-06-24,Texas,48,131310,2292
2020-06-24,Utah,49,18915,163
2020-06-24,Vermont,50,1184,56
2020-06-24,Virgin Islands,78,80,6
2020-06-24,Virginia,51,59514,1661
2020-06-24,Washington,53,31400,1294
2020-06-24,West Virginia,54,2629,92
2020-06-24,Wisconsin,55,28652,769
2020-06-24,Wyoming,56,1282,20
2020-06-25,Alabama,01,33206,896
2020-06-25,Alaska,02,971,10
2020-06-25,Arizona,04,63297,1495
2020-06-25,Arkansas,05,18062,240
2020-06-25,California,06,201413,5810
2020-06-25,Colorado,08,31463,1669
2020-06-25,Connecticut,09,45994,4298
2020-06-25,Delaware,10,10980,507
2020-06-25,District of Columbia,11,10159,543
2020-06-25,Florida,12,114010,3326
2020-06-25,Georgia,13,67796,2704
2020-06-25,Guam,66,1214,6
2020-06-25,Hawaii,15,836,17
2020-06-25,Idaho,16,4869,91
2020-06-25,Illinois,17,140935,7024
2020-06-25,Indiana,18,44779,2586
2020-06-25,Iowa,19,27384,702
2020-06-25,Kansas,20,13207,263
2020-06-25,Kentucky,21,14793,569
2020-06-25,Louisiana,22,53528,3164
2020-06-25,Maine,23,3070,103
2020-06-25,Maryland,24,66397,3129
2020-06-25,Massachusetts,25,107837,7962
2020-06-25,Michigan,26,69159,6137
2020-06-25,Minnesota,27,34158,1441
2020-06-25,Mississippi,28,24516,1016
2020-06-25,Missouri,29,20076,1006
2020-06-25,Montana,30,803,21
2020-06-25,Nebraska,31,18346,266
2020-06-25,Nevada,32,14911,495
2020-06-25,New Hampshire,33,5638,357
2020-06-25,New Jersey,34,172050,14872
2020-06-25,New Mexico,35,11192,485
2020-06-25,New York,36,395168,31029
2020-06-25,North Carolina,37,57540,1305
2020-06-25,North Dakota,38,3402,87
2020-06-25,Northern Mariana Islands,69,30,2
2020-06-25,Ohio,39,47651,2772
2020-06-25,Oklahoma,40,11947,375
2020-06-25,Oregon,41,7605,199
2020-06-25,Pennsylvania,42,88230,6602
2020-06-25,Puerto Rico,72,6877,151
2020-06-25,Rhode Island,44,16640,920
2020-06-25,South Carolina,45,29022,693
2020-06-25,South Dakota,46,6479,87
2020-06-25,Tennessee,47,37695,558
2020-06-25,Texas,48,136783,2321
2020-06-25,Utah,49,19544,164
2020-06-25,Vermont,50,1191,56
2020-06-25,Virgin Islands,78,81,6
2020-06-25,Virginia,51,59946,1675
2020-06-25,Washington,53,31998,1301
2020-06-25,West Virginia,54,2693,92
2020-06-25,Wisconsin,55,29204,775
2020-06-25,Wyoming,56,1326,20
2020-06-26,Alabama,01,34183,907
2020-06-26,Alaska,02,1001,12
2020-06-26,Arizona,04,66676,1537
2020-06-26,Arkansas,05,18740,249
2020-06-26,California,06,207027,5872
2020-06-26,Colorado,08,31780,1673
2020-06-26,Connecticut,09,46059,4307
2020-06-26,Delaware,10,11017,507
2020-06-26,District of Columbia,11,10185,546
2020-06-26,Florida,12,122952,3365
2020-06-26,Georgia,13,69542,2727
2020-06-26,Guam,66,1217,6
2020-06-26,Hawaii,15,850,17
2020-06-26,Idaho,16,5149,91
2020-06-26,Illinois,17,141812,7059
2020-06-26,Indiana,18,45269,2595
2020-06-26,Iowa,19,27828,704
2020-06-26,Kansas,20,13729,266
2020-06-26,Kentucky,21,15033,575
2020-06-26,Louisiana,22,54882,3190
2020-06-26,Maine,23,3102,103
2020-06-26,Maryland,24,66704,3142
2020-06-26,Massachusetts,25,108070,8012
2020-06-26,Michigan,26,69473,6138
2020-06-26,Minnesota,27,34651,1446
2020-06-26,Mississippi,28,25066,1022
2020-06-26,Missouri,29,20567,1019
2020-06-26,Montana,30,829,22
2020-06-26,Nebraska,31,18524,270
2020-06-26,Nevada,32,15359,498
2020-06-26,New Hampshire,33,5671,365
2020-06-26,New Jersey,34,172438,14914
2020-06-26,New Mexico,35,11408,489
2020-06-26,New York,36,395972,31075
2020-06-26,North Carolina,37,59257,1319
2020-06-26,North Dakota,38,3430,87
2020-06-26,Northern Mariana Islands,69,30,2
2020-06-26,Ohio,39,48638,2788
2020-06-26,Oklahoma,40,12343,377
2020-06-26,Oregon,41,8008,204
2020-06-26,Pennsylvania,42,88950,6625
2020-06-26,Puerto Rico,72,6922,151
2020-06-26,Rhode Island,44,16661,927
2020-06-26,South Carolina,45,30335,694
2020-06-26,South Dakota,46,6535,88
2020-06-26,Tennessee,47,38802,569
2020-06-26,Texas,48,142582,2362
2020-06-26,Utah,49,20218,166
2020-06-26,Vermont,50,1198,56
2020-06-26,Virgin Islands,78,81,6
2020-06-26,Virginia,51,60570,1700
2020-06-26,Washington,53,32489,1305
2020-06-26,West Virginia,54,2729,92
2020-06-26,Wisconsin,55,29718,775
2020-06-26,Wyoming,56,1368,20
2020-06-27,Alabama,01,35083,919
2020-06-27,Alaska,02,1027,12
2020-06-27,Arizona,04,70152,1581
2020-06-27,Arkansas,05,19310,259
2020-06-27,California,06,211453,5902
2020-06-27,Colorado,08,32006,1674
2020-06-27,Connecticut,09,46206,4311
2020-06-27,Delaware,10,11091,507
2020-06-27,District of Columbia,11,10216,548
2020-06-27,Florida,12,132537,3389
2020-06-27,Georgia,13,71066,2733
2020-06-27,Guam,66,1217,6
2020-06-27,Hawaii,15,856,18
2020-06-27,Idaho,16,5319,92
2020-06-27,Illinois,17,142536,7083
2020-06-27,Indiana,18,45707,2616
2020-06-27,Iowa,19,28203,704
2020-06-27,Kansas,20,13767,269
2020-06-27,Kentucky,21,15337,575
2020-06-27,Louisiana,22,54882,3190
2020-06-27,Maine,23,3154,104
2020-06-27,Maryland,24,67032,3157
2020-06-27,Massachusetts,25,108443,8040
2020-06-27,Michigan,26,69802,6157
2020-06-27,Minnesota,27,35068,1452
2020-06-27,Mississippi,28,25531,1035
2020-06-27,Missouri,29,20909,1021
2020-06-27,Montana,30,852,22
2020-06-27,Nebraska,31,18775,271
2020-06-27,Nevada,32,16400,500
2020-06-27,New Hampshire,33,5717,367
2020-06-27,New Jersey,34,172727,14948
2020-06-27,New Mexico,35,11619,491
2020-06-27,New York,36,396669,31105
2020-06-27,North Carolina,37,60709,1334
2020-06-27,North Dakota,38,3467,87
2020-06-27,Northern Mariana Islands,69,30,2
2020-06-27,Ohio,39,49455,2804
2020-06-27,Oklahoma,40,12642,384
2020-06-27,Oregon,41,8110,204
2020-06-27,Pennsylvania,42,89400,6652
2020-06-27,Puerto Rico,72,7066,152
2020-06-27,Rhode Island,44,16661,927
2020-06-27,South Carolina,45,31939,711
2020-06-27,South Dakota,46,6626,91
2020-06-27,Tennessee,47,39813,577
2020-06-27,Texas,48,148639,2398
2020-06-27,Utah,49,20735,167
2020-06-27,Vermont,50,1200,56
2020-06-27,Virgin Islands,78,81,6
2020-06-27,Virginia,51,61247,1724
2020-06-27,Washington,53,33031,1311
2020-06-27,West Virginia,54,2781,93
2020-06-27,Wisconsin,55,30235,786
2020-06-27,Wyoming,56,1392,20
2020-06-28,Alabama,01,35441,919
2020-06-28,Alaska,02,1060,12
2020-06-28,Arizona,04,73961,1594
2020-06-28,Arkansas,05,19818,264
2020-06-28,California,06,216955,5937
2020-06-28,Colorado,08,32290,1676
2020-06-28,Connecticut,09,46303,4316
2020-06-28,Delaware,10,11226,507
2020-06-28,District of Columbia,11,10248,550
2020-06-28,Florida,12,141067,3418
2020-06-28,Georgia,13,72800,2735
2020-06-28,Guam,66,1217,6
2020-06-28,Hawaii,15,883,18
2020-06-28,Idaho,16,5543,91
2020-06-28,Illinois,17,143117,7098
2020-06-28,Indiana,18,46071,2619
2020-06-28,Iowa,19,28520,706
2020-06-28,Kansas,20,14016,272
2020-06-28,Kentucky,21,15480,577
2020-06-28,Louisiana,22,56349,3199
2020-06-28,Maine,23,3191,104
2020-06-28,Maryland,24,67360,3168
2020-06-28,Massachusetts,25,108667,8060
2020-06-28,Michigan,26,70042,6161
2020-06-28,Minnesota,27,35584,1460
2020-06-28,Mississippi,28,25899,1039
2020-06-28,Missouri,29,21254,1023
2020-06-28,Montana,30,863,22
2020-06-28,Nebraska,31,18900,271
2020-06-28,Nevada,32,17187,500
2020-06-28,New Hampshire,33,5747,367
2020-06-28,New Jersey,34,173036,14975
2020-06-28,New Mexico,35,11809,492
2020-06-28,New York,36,397293,31137
2020-06-28,North Carolina,37,62178,1338
2020-06-28,North Dakota,38,3504,88
2020-06-28,Northern Mariana Islands,69,30,2
2020-06-28,Ohio,39,50309,2807
2020-06-28,Oklahoma,40,12944,385
2020-06-28,Oregon,41,8348,204
2020-06-28,Pennsylvania,42,89785,6655
2020-06-28,Puerto Rico,72,7189,153
2020-06-28,Rhode Island,44,16661,927
2020-06-28,South Carolina,45,33320,716
2020-06-28,South Dakota,46,6681,91
2020-06-28,Tennessee,47,39945,577
2020-06-28,Texas,48,152866,2408
2020-06-28,Utah,49,21155,167
2020-06-28,Vermont,50,1202,56
2020-06-28,Virgin Islands,78,81,6
2020-06-28,Virginia,51,61736,1732
2020-06-28,Washington,53,33341,1311
2020-06-28,West Virginia,54,2831,93
2020-06-28,Wisconsin,55,30716,786
2020-06-28,Wyoming,56,1417,20
2020-06-29,Alabama,01,37175,929
2020-06-29,Alaska,02,1085,12
2020-06-29,Arizona,04,74602,1598
2020-06-29,Arkansas,05,20257,265
2020-06-29,California,06,223995,5979
2020-06-29,Colorado,08,32495,1682
2020-06-29,Connecticut,09,46362,4320
2020-06-29,Delaware,10,11376,507
2020-06-29,District of Columbia,11,10292,551
2020-06-29,Florida,12,146333,3446
2020-06-29,Georgia,13,74816,2739
2020-06-29,Guam,66,1224,6
2020-06-29,Hawaii,15,884,18
2020-06-29,Idaho,16,5770,91
2020-06-29,Illinois,17,143885,7115
2020-06-29,Indiana,18,46370,2624
2020-06-29,Iowa,19,28874,712
2020-06-29,Kansas,20,14568,276
2020-06-29,Kentucky,21,15657,584
2020-06-29,Louisiana,22,57189,3199
2020-06-29,Maine,23,3219,105
2020-06-29,Maryland,24,67837,3175
2020-06-29,Massachusetts,25,108768,8095
2020-06-29,Michigan,26,70356,6165
2020-06-29,Minnesota,27,35896,1470
2020-06-29,Mississippi,28,26568,1059
2020-06-29,Missouri,29,21748,1026
2020-06-29,Montana,30,919,22
2020-06-29,Nebraska,31,19064,273
2020-06-29,Nevada,32,17971,505
2020-06-29,New Hampshire,33,5760,367
2020-06-29,New Jersey,34,173126,14992
2020-06-29,New Mexico,35,11982,493
2020-06-29,New York,36,397684,31143
2020-06-29,North Carolina,37,63692,1341
2020-06-29,North Dakota,38,3548,88
2020-06-29,Northern Mariana Islands,69,30,2
2020-06-29,Ohio,39,51046,2818
2020-06-29,Oklahoma,40,13172,385
2020-06-29,Oregon,41,8509,207
2020-06-29,Pennsylvania,42,90553,6663
2020-06-29,Puerto Rico,72,7250,153
2020-06-29,Rhode Island,44,16764,946
2020-06-29,South Carolina,45,34644,720
2020-06-29,South Dakota,46,6716,91
2020-06-29,Tennessee,47,41388,585
2020-06-29,Texas,48,158756,2430
2020-06-29,Utah,49,21818,168
2020-06-29,Vermont,50,1208,56
2020-06-29,Virgin Islands,78,84,6
2020-06-29,Virginia,51,62189,1740
2020-06-29,Washington,53,34036,1321
2020-06-29,West Virginia,54,2869,93
2020-06-29,Wisconsin,55,31103,786
2020-06-29,Wyoming,56,1450,20
2020-06-30,Alabama,01,38045,950
2020-06-30,Alaska,02,1132,12
2020-06-30,Arizona,04,79399,1645
2020-06-30,Arkansas,05,20777,270
2020-06-30,California,06,232153,6083
2020-06-30,Colorado,08,32698,1690
2020-06-30,Connecticut,09,46514,4322
2020-06-30,Delaware,10,11474,509
2020-06-30,District of Columbia,11,10327,551
2020-06-30,Florida,12,152426,3504
2020-06-30,Georgia,13,77280,2758
2020-06-30,Guam,66,1228,6
2020-06-30,Hawaii,15,901,18
2020-06-30,Idaho,16,6124,92
2020-06-30,Illinois,17,144661,7136
2020-06-30,Indiana,18,46740,2640
2020-06-30,Iowa,19,29152,717
2020-06-30,Kansas,20,14629,276
2020-06-30,Kentucky,21,15916,588
2020-06-30,Louisiana,22,58203,3221
2020-06-30,Maine,23,3253,105
2020-06-30,Maryland,24,68152,3190
2020-06-30,Massachusetts,25,108882,8054
2020-06-30,Michigan,26,70850,6197
2020-06-30,Minnesota,27,36338,1476
2020-06-30,Mississippi,28,27248,1073
2020-06-30,Missouri,29,22275,1037
2020-06-30,Montana,30,967,22
2020-06-30,Nebraska,31,19194,279
2020-06-30,Nevada,32,18582,507
2020-06-30,New Hampshire,33,5782,371
2020-06-30,New Jersey,34,173521,15035
2020-06-30,New Mexico,35,12147,497
2020-06-30,New York,36,398142,31776
2020-06-30,North Carolina,37,65064,1362
2020-06-30,North Dakota,38,3585,88
2020-06-30,Northern Mariana Islands,69,30,2
2020-06-30,Ohio,39,51789,2863
2020-06-30,Oklahoma,40,13757,387
2020-06-30,Oregon,41,8695,210
2020-06-30,Pennsylvania,42,91226,6695
2020-06-30,Puerto Rico,72,7465,153
2020-06-30,Rhode Island,44,16813,950
2020-06-30,South Carolina,45,36399,739
2020-06-30,South Dakota,46,6764,91
2020-06-30,Tennessee,47,42815,597
2020-06-30,Texas,48,166703,2482
2020-06-30,Utah,49,22364,172
2020-06-30,Vermont,50,1208,56
2020-06-30,Virgin Islands,78,90,6
2020-06-30,Virginia,51,62787,1763
2020-06-30,Washington,53,34541,1333
2020-06-30,West Virginia,54,2904,93
2020-06-30,Wisconsin,55,31723,793
2020-06-30,Wyoming,56,1487,20
2020-07-01,Alabama,01,38962,972
2020-07-01,Alaska,02,1174,12
2020-07-01,Arizona,04,84152,1726
2020-07-01,Arkansas,05,21197,277
2020-07-01,California,06,239764,6168
2020-07-01,Colorado,08,33012,1697
2020-07-01,Connecticut,09,46572,4324
2020-07-01,Delaware,10,11510,509
2020-07-01,District of Columbia,11,10365,553
2020-07-01,Florida,12,158989,3549
2020-07-01,Georgia,13,79589,2779
2020-07-01,Guam,66,1240,6
2020-07-01,Hawaii,15,909,18
2020-07-01,Idaho,16,6379,92
2020-07-01,Illinois,17,145541,7160
2020-07-01,Indiana,18,47116,2650
2020-07-01,Iowa,19,29618,717
2020-07-01,Kansas,20,15142,280
2020-07-01,Kentucky,21,16114,597
2020-07-01,Louisiana,22,60286,3238
2020-07-01,Maine,23,3294,105
2020-07-01,Maryland,24,68502,3205
2020-07-01,Massachusetts,25,109143,8081
2020-07-01,Michigan,26,71279,6202
2020-07-01,Minnesota,27,36753,1482
2020-07-01,Mississippi,28,27900,1082
2020-07-01,Missouri,29,22595,1049
2020-07-01,Montana,30,1016,22
2020-07-01,Nebraska,31,19325,282
2020-07-01,Nevada,32,19151,512
2020-07-01,New Hampshire,33,5802,373
2020-07-01,New Jersey,34,173782,15078
2020-07-01,New Mexico,35,12276,500
2020-07-01,New York,36,398770,31791
2020-07-01,North Carolina,37,66815,1389
2020-07-01,North Dakota,38,3624,89
2020-07-01,Northern Mariana Islands,69,30,2
2020-07-01,Ohio,39,52865,2876
2020-07-01,Oklahoma,40,14112,389
2020-07-01,Oregon,41,9019,211
2020-07-01,Pennsylvania,42,91864,6704
2020-07-01,Puerto Rico,72,7537,153
2020-07-01,Rhode Island,44,16853,956
2020-07-01,South Carolina,45,37919,766
2020-07-01,South Dakota,46,6826,93
2020-07-01,Tennessee,47,44360,602
2020-07-01,Texas,48,174826,2518
2020-07-01,Utah,49,22864,173
2020-07-01,Vermont,50,1210,56
2020-07-01,Virgin Islands,78,92,6
2020-07-01,Virginia,51,63203,1786
2020-07-01,Washington,53,35258,1340
2020-07-01,West Virginia,54,2979,93
2020-07-01,Wisconsin,55,32307,794
2020-07-01,Wyoming,56,1514,20
2020-07-02,Alabama,01,40111,985
2020-07-02,Alaska,02,1224,12
2020-07-02,Arizona,04,87495,1766
2020-07-02,Arkansas,05,22075,279
2020-07-02,California,06,248198,6263
2020-07-02,Colorado,08,33335,1701
2020-07-02,Connecticut,09,46646,4326
2020-07-02,Delaware,10,11731,510
2020-07-02,District of Columbia,11,10390,554
2020-07-02,Florida,12,169098,3616
2020-07-02,Georgia,13,82475,2801
2020-07-02,Guam,66,1249,6
2020-07-02,Hawaii,15,929,18
2020-07-02,Idaho,16,6688,93
2020-07-02,Illinois,17,146407,7197
2020-07-02,Indiana,18,47553,2662
2020-07-02,Iowa,19,30259,719
2020-07-02,Kansas,20,15226,282
2020-07-02,Kentucky,21,16370,605
2020-07-02,Louisiana,22,61669,3255
2020-07-02,Maine,23,3328,105
2020-07-02,Maryland,24,69015,3212
2020-07-02,Massachusetts,25,109338,8132
2020-07-02,Michigan,26,71853,6216
2020-07-02,Minnesota,27,37247,1495
2020-07-02,Mississippi,28,28770,1092
2020-07-02,Missouri,29,23085,1056
2020-07-02,Montana,30,1083,22
2020-07-02,Nebraska,31,19476,284
2020-07-02,Nevada,32,19871,525
2020-07-02,New Hampshire,33,5822,375
2020-07-02,New Jersey,34,174212,15107
2020-07-02,New Mexico,35,12520,503
2020-07-02,New York,36,399642,31814
2020-07-02,North Carolina,37,68512,1402
2020-07-02,North Dakota,38,3666,89
2020-07-02,Northern Mariana Islands,69,30,2
2020-07-02,Ohio,39,54166,2903
2020-07-02,Oklahoma,40,14539,395
2020-07-02,Oregon,41,9344,212
2020-07-02,Pennsylvania,42,92703,6758
2020-07-02,Puerto Rico,72,7608,153
2020-07-02,Rhode Island,44,16941,959
2020-07-02,South Carolina,45,39701,784
2020-07-02,South Dakota,46,6893,97
2020-07-02,Tennessee,47,46176,612
2020-07-02,Texas,48,182260,2562
2020-07-02,Utah,49,23466,176
2020-07-02,Vermont,50,1227,56
2020-07-02,Virgin Islands,78,98,6
2020-07-02,Virginia,51,63735,1816
2020-07-02,Washington,53,35921,1343
2020-07-02,West Virginia,54,3053,93
2020-07-02,Wisconsin,55,32876,801
2020-07-02,Wyoming,56,1550,20
2020-07-03,Alabama,01,41865,1006
2020-07-03,Alaska,02,1284,13
2020-07-03,Arizona,04,91894,1802
2020-07-03,Arkansas,05,22622,281
2020-07-03,California,06,256298,6315
2020-07-03,Colorado,08,33607,1701
2020-07-03,Connecticut,09,46717,4335
2020-07-03,Delaware,10,11923,512
2020-07-03,District of Columbia,11,10435,555
2020-07-03,Florida,12,178586,3683
2020-07-03,Georgia,13,85079,2808
2020-07-03,Guam,66,1255,6
2020-07-03,Hawaii,15,957,19
2020-07-03,Idaho,16,7034,94
2020-07-03,Illinois,17,147293,7222
2020-07-03,Indiana,18,48099,2682
2020-07-03,Iowa,19,30631,721
2020-07-03,Kansas,20,16015,283
2020-07-03,Kentucky,21,16655,608
2020-07-03,Louisiana,22,63397,3278
2020-07-03,Maine,23,3373,105
2020-07-03,Maryland,24,69422,3223
2020-07-03,Massachusetts,25,109628,8149
2020-07-03,Michigan,26,72306,6219
2020-07-03,Minnesota,27,37661,1503
2020-07-03,Mississippi,28,29684,1103
2020-07-03,Missouri,29,23620,1060
2020-07-03,Montana,30,1128,23
2020-07-03,Nebraska,31,19660,285
2020-07-03,Nevada,32,20878,530
2020-07-03,New Hampshire,33,5857,376
2020-07-03,New Jersey,34,174598,15164
2020-07-03,New Mexico,35,12776,511
2020-07-03,New York,36,400561,31836
2020-07-03,North Carolina,37,70451,1413
2020-07-03,North Dakota,38,3731,89
2020-07-03,Northern Mariana Islands,69,31,2
2020-07-03,Ohio,39,55257,2903
2020-07-03,Oklahoma,40,15065,398
2020-07-03,Oregon,41,9643,215
2020-07-03,Pennsylvania,42,93418,6790
2020-07-03,Puerto Rico,72,7683,154
2020-07-03,Rhode Island,44,16991,960
2020-07-03,South Carolina,45,41532,793
2020-07-03,South Dakota,46,6978,97
2020-07-03,Tennessee,47,47882,626
2020-07-03,Texas,48,190049,2609
2020-07-03,Utah,49,24070,181
2020-07-03,Vermont,50,1236,56
2020-07-03,Virgin Islands,78,111,6
2020-07-03,Virginia,51,64393,1845
2020-07-03,Washington,53,36417,1353
2020-07-03,West Virginia,54,3126,93
2020-07-03,Wisconsin,55,33565,804
2020-07-03,Wyoming,56,1582,20
2020-07-04,Alabama,01,42862,1007
2020-07-04,Alaska,02,1339,14
2020-07-04,Arizona,04,94616,1821
2020-07-04,Arkansas,05,23209,286
2020-07-04,California,06,265176,6329
2020-07-04,Colorado,08,33900,1703
2020-07-04,Connecticut,09,46717,4335
2020-07-04,Delaware,10,11996,512
2020-07-04,District of Columbia,11,10447,557
2020-07-04,Florida,12,190044,3701
2020-07-04,Georgia,13,87592,2809
2020-07-04,Guam,66,1257,6
2020-07-04,Hawaii,15,981,19
2020-07-04,Idaho,16,7431,94
2020-07-04,Illinois,17,148151,7234
2020-07-04,Indiana,18,48628,2687
2020-07-04,Iowa,19,31167,721
2020-07-04,Kansas,20,16165,284
2020-07-04,Kentucky,21,16709,608
2020-07-04,Louisiana,22,63397,3278
2020-07-04,Maine,23,3397,107
2020-07-04,Maryland,24,69724,3236
2020-07-04,Massachusetts,25,109838,8172
2020-07-04,Michigan,26,72702,6222
2020-07-04,Minnesota,27,37661,1503
2020-07-04,Mississippi,28,30674,1107
2020-07-04,Missouri,29,24061,1062
2020-07-04,Montana,30,1167,23
2020-07-04,Nebraska,31,19826,285
2020-07-04,Nevada,32,21671,530
2020-07-04,New Hampshire,33,5871,380
2020-07-04,New Jersey,34,174889,15189
2020-07-04,New Mexico,35,13063,513
2020-07-04,New York,36,401286,31860
2020-07-04,North Carolina,37,71735,1414
2020-07-04,North Dakota,38,3788,89
2020-07-04,Northern Mariana Islands,69,31,2
2020-07-04,Ohio,39,56183,2907
2020-07-04,Oklahoma,40,15645,398
2020-07-04,Oregon,41,9937,216
2020-07-04,Pennsylvania,42,93922,6793
2020-07-04,Puerto Rico,72,7787,155
2020-07-04,Rhode Island,44,16991,960
2020-07-04,South Carolina,45,43386,813
2020-07-04,South Dakota,46,7028,97
2020-07-04,Tennessee,47,49232,630
2020-07-04,Texas,48,195707,2646
2020-07-04,Utah,49,24717,181
2020-07-04,Vermont,50,1238,56
2020-07-04,Virgin Islands,78,112,6
2020-07-04,Virginia,51,65109,1849
2020-07-04,Washington,53,36799,1355
2020-07-04,West Virginia,54,3205,94
2020-07-04,Wisconsin,55,34243,804
2020-07-04,Wyoming,56,1606,20
2020-07-05,Alabama,01,43953,1007
2020-07-05,Alaska,02,1371,14
2020-07-05,Arizona,04,98126,1829
2020-07-05,Arkansas,05,23814,287
2020-07-05,California,06,271587,6369
2020-07-05,Colorado,08,34100,1703
2020-07-05,Connecticut,09,46717,4335
2020-07-05,Delaware,10,12128,512
2020-07-05,District of Columbia,11,10482,559
2020-07-05,Florida,12,200103,3730
2020-07-05,Georgia,13,89489,2812
2020-07-05,Guam,66,1257,6
2020-07-05,Hawaii,15,1005,19
2020-07-05,Idaho,16,7799,94
2020-07-05,Illinois,17,148730,7241
2020-07-05,Indiana,18,49203,2693
2020-07-05,Iowa,19,31612,721
2020-07-05,Kansas,20,16289,287
2020-07-05,Kentucky,21,16712,608
2020-07-05,Louisiana,22,65334,3288
2020-07-05,Maine,23,3415,109
2020-07-05,Maryland,24,69957,3243
2020-07-05,Massachusetts,25,109974,8183
2020-07-05,Michigan,26,73027,6222
2020-07-05,Minnesota,27,38173,1508
2020-07-05,Mississippi,28,30900,1111
2020-07-05,Missouri,29,24334,1062
2020-07-05,Montana,30,1212,23
2020-07-05,Nebraska,31,19937,285
2020-07-05,Nevada,32,22518,537
2020-07-05,New Hampshire,33,5897,381
2020-07-05,New Jersey,34,175258,15211
2020-07-05,New Mexico,35,13256,513
2020-07-05,New York,36,401822,31895
2020-07-05,North Carolina,37,73096,1414
2020-07-05,North Dakota,38,3825,89
2020-07-05,Northern Mariana Islands,69,31,2
2020-07-05,Ohio,39,57151,2911
2020-07-05,Oklahoma,40,15928,398
2020-07-05,Oregon,41,10237,218
2020-07-05,Pennsylvania,42,94403,6797
2020-07-05,Puerto Rico,72,7916,155
2020-07-05,Rhode Island,44,16991,960
2020-07-05,South Carolina,45,44847,820
2020-07-05,South Dakota,46,7063,97
2020-07-05,Tennessee,47,50365,639
2020-07-05,Texas,48,200137,2666
2020-07-05,Utah,49,25005,184
2020-07-05,Vermont,50,1249,56
2020-07-05,Virgin Islands,78,112,6
2020-07-05,Virginia,51,65748,1853
2020-07-05,Washington,53,37468,1360
2020-07-05,West Virginia,54,3335,95
2020-07-05,Wisconsin,55,34750,804
2020-07-05,Wyoming,56,1634,20
2020-07-06,Alabama,01,44878,1007
2020-07-06,Alaska,02,1401,14
2020-07-06,Arizona,04,101542,1832
2020-07-06,Arkansas,05,24253,292
2020-07-06,California,06,277869,6452
2020-07-06,Colorado,08,34316,1704
2020-07-06,Connecticut,09,46976,4338
2020-07-06,Delaware,10,12293,512
2020-07-06,District of Columbia,11,10515,561
2020-07-06,Florida,12,206439,3777
2020-07-06,Georgia,13,91015,2829
2020-07-06,Guam,66,1270,6
2020-07-06,Hawaii,15,1012,19
2020-07-06,Idaho,16,8222,94
2020-07-06,Illinois,17,149428,7250
2020-07-06,Indiana,18,49560,2698
2020-07-06,Iowa,19,31764,725
2020-07-06,Kansas,20,17082,288
2020-07-06,Kentucky,21,17464,621
2020-07-06,Louisiana,22,66435,3296
2020-07-06,Maine,23,3423,109
2020-07-06,Maryland,24,70497,3246
2020-07-06,Massachusetts,25,110137,8198
2020-07-06,Michigan,26,73403,6225
2020-07-06,Minnesota,27,38606,1511
2020-07-06,Mississippi,28,31257,1114
2020-07-06,Missouri,29,24850,1068
2020-07-06,Montana,30,1249,23
2020-07-06,Nebraska,31,20052,286
2020-07-06,Nevada,32,22930,537
2020-07-06,New Hampshire,33,5914,382
2020-07-06,New Jersey,34,175467,15229
2020-07-06,New Mexico,35,13507,515
2020-07-06,New York,36,402338,31911
2020-07-06,North Carolina,37,74933,1424
2020-07-06,North Dakota,38,3858,89
2020-07-06,Northern Mariana Islands,69,31,2
2020-07-06,Ohio,39,57956,2927
2020-07-06,Oklahoma,40,16362,399
2020-07-06,Oregon,41,10413,218
2020-07-06,Pennsylvania,42,95187,6798
2020-07-06,Puerto Rico,72,8585,155
2020-07-06,Rhode Island,44,16991,960
2020-07-06,South Carolina,45,46380,827
2020-07-06,South Dakota,46,7105,97
2020-07-06,Tennessee,47,51509,646
2020-07-06,Texas,48,209350,2726
2020-07-06,Utah,49,25653,190
2020-07-06,Vermont,50,1251,56
2020-07-06,Virgin Islands,78,116,6
2020-07-06,Virginia,51,66102,1853
2020-07-06,Washington,53,38517,1370
2020-07-06,West Virginia,54,3442,95
2020-07-06,Wisconsin,55,35318,805
2020-07-06,Wyoming,56,1675,20
2020-07-07,Alabama,01,45785,1033
2020-07-07,Alaska,02,1423,15
2020-07-07,Arizona,04,105159,1933
2020-07-07,Arkansas,05,24512,301
2020-07-07,California,06,287766,6563
2020-07-07,Colorado,08,34717,1709
2020-07-07,Connecticut,09,47033,4338
2020-07-07,Delaware,10,12414,514
2020-07-07,District of Columbia,11,10569,561
2020-07-07,Florida,12,213786,3840
2020-07-07,Georgia,13,93707,2850
2020-07-07,Guam,66,1272,6
2020-07-07,Hawaii,15,1053,19
2020-07-07,Idaho,16,8582,94
2020-07-07,Illinois,17,150110,7281
2020-07-07,Indiana,18,49859,2717
2020-07-07,Iowa,19,32153,732
2020-07-07,Kansas,20,17157,290
2020-07-07,Kentucky,21,17820,630
2020-07-07,Louisiana,22,68371,3319
2020-07-07,Maine,23,3440,110
2020-07-07,Maryland,24,70986,3266
2020-07-07,Massachusetts,25,110338,8213
2020-07-07,Michigan,26,74011,6256
2020-07-07,Minnesota,27,39170,1514
2020-07-07,Mississippi,28,32214,1158
2020-07-07,Missouri,29,25566,1083
2020-07-07,Montana,30,1327,23
2020-07-07,Nebraska,31,20205,287
2020-07-07,Nevada,32,23848,549
2020-07-07,New Hampshire,33,5932,384
2020-07-07,New Jersey,34,175734,15281
2020-07-07,New Mexico,35,13727,519
2020-07-07,New York,36,402928,31934
2020-07-07,North Carolina,37,76188,1446
2020-07-07,North Dakota,38,3903,89
2020-07-07,Northern Mariana Islands,69,31,2
2020-07-07,Ohio,39,58904,2970
2020-07-07,Oklahoma,40,17220,404
2020-07-07,Oregon,41,10654,224
2020-07-07,Pennsylvania,42,95986,6835
2020-07-07,Puerto Rico,72,8714,157
2020-07-07,Rhode Island,44,17154,969
2020-07-07,South Carolina,45,47352,846
2020-07-07,South Dakota,46,7163,98
2020-07-07,Tennessee,47,52643,657
2020-07-07,Texas,48,219164,2816
2020-07-07,Utah,49,26203,194
2020-07-07,Vermont,50,1254,56
2020-07-07,Virgin Islands,78,122,6
2020-07-07,Virginia,51,66740,1881
2020-07-07,Washington,53,39063,1385
2020-07-07,West Virginia,54,3505,95
2020-07-07,Wisconsin,55,35834,817
2020-07-07,Wyoming,56,1711,21
2020-07-08,Alabama,01,46962,1058
2020-07-08,Alaska,02,1472,15
2020-07-08,Arizona,04,108710,1973
2020-07-08,Arkansas,05,25246,305
2020-07-08,California,06,296304,6708
2020-07-08,Colorado,08,35185,1707
2020-07-08,Connecticut,09,47108,4343
2020-07-08,Delaware,10,12462,515
2020-07-08,District of Columbia,11,10642,564
2020-07-08,Florida,12,223775,3888
2020-07-08,Georgia,13,96538,2871
2020-07-08,Guam,66,1276,6
2020-07-08,Hawaii,15,1076,19
2020-07-08,Idaho,16,9004,98
2020-07-08,Illinois,17,151055,7315
2020-07-08,Indiana,18,50309,2732
2020-07-08,Iowa,19,32716,739
2020-07-08,Kansas,20,17807,291
2020-07-08,Kentucky,21,18204,634
2020-07-08,Louisiana,22,70259,3339
2020-07-08,Maine,23,3460,110
2020-07-08,Maryland,24,71455,3275
2020-07-08,Massachusetts,25,110602,8243
2020-07-08,Michigan,26,74660,6266
2020-07-08,Minnesota,27,39627,1523
2020-07-08,Mississippi,28,32888,1188
2020-07-08,Missouri,29,26343,1089
2020-07-08,Montana,30,1371,23
2020-07-08,Nebraska,31,20437,291
2020-07-08,Nevada,32,24378,556
2020-07-08,New Hampshire,33,5952,386
2020-07-08,New Jersey,34,175986,15423
2020-07-08,New Mexico,35,14017,527
2020-07-08,New York,36,403619,31945
2020-07-08,North Carolina,37,77661,1470
2020-07-08,North Dakota,38,3975,89
2020-07-08,Northern Mariana Islands,69,31,2
2020-07-08,Ohio,39,60181,2991
2020-07-08,Oklahoma,40,17893,407
2020-07-08,Oregon,41,10872,228
2020-07-08,Pennsylvania,42,96817,6864
2020-07-08,Puerto Rico,72,8745,159
2020-07-08,Rhode Island,44,17204,971
2020-07-08,South Carolina,45,48909,884
2020-07-08,South Dakota,46,7242,98
2020-07-08,Tennessee,47,54756,678
2020-07-08,Texas,48,229116,2935
2020-07-08,Utah,49,26921,201
2020-07-08,Vermont,50,1256,56
2020-07-08,Virgin Islands,78,144,6
2020-07-08,Virginia,51,67375,1905
2020-07-08,Washington,53,39661,1395
2020-07-08,West Virginia,54,3707,95
2020-07-08,Wisconsin,55,36526,818
2020-07-08,Wyoming,56,1740,21
2020-07-09,Alabama,01,49174,1068
2020-07-09,Alaska,02,1521,15
2020-07-09,Arizona,04,112783,2047
2020-07-09,Arkansas,05,26052,309
2020-07-09,California,06,303516,6825
2020-07-09,Colorado,08,35604,1707
2020-07-09,Connecticut,09,47209,4348
2020-07-09,Delaware,10,12531,517
2020-07-09,District of Columbia,11,10679,568
2020-07-09,Florida,12,232710,4008
2020-07-09,Georgia,13,98693,2880
2020-07-09,Guam,66,1278,6
2020-07-09,Hawaii,15,1112,19
2020-07-09,Idaho,16,9598,101
2020-07-09,Illinois,17,152188,7333
2020-07-09,Indiana,18,50829,2739
2020-07-09,Iowa,19,33316,742
2020-07-09,Kansas,20,18031,294
2020-07-09,Kentucky,21,18576,640
2020-07-09,Louisiana,22,72102,3355
2020-07-09,Maine,23,3486,111
2020-07-09,Maryland,24,72037,3288
2020-07-09,Massachusetts,25,110897,8268
2020-07-09,Michigan,26,75247,6275
2020-07-09,Minnesota,27,40201,1528
2020-07-09,Mississippi,28,33591,1204
2020-07-09,Missouri,29,27301,1095
2020-07-09,Montana,30,1466,25
2020-07-09,Nebraska,31,20658,294
2020-07-09,Nevada,32,25055,574
2020-07-09,New Hampshire,33,5973,387
2020-07-09,New Jersey,34,176217,15448
2020-07-09,New Mexico,35,14251,533
2020-07-09,New York,36,404207,31979
2020-07-09,North Carolina,37,79564,1487
2020-07-09,North Dakota,38,4074,89
2020-07-09,Northern Mariana Islands,69,31,2
2020-07-09,Ohio,39,61331,3006
2020-07-09,Oklahoma,40,18496,410
2020-07-09,Oregon,41,11247,233
2020-07-09,Pennsylvania,42,97634,6895
2020-07-09,Puerto Rico,72,8862,159
2020-07-09,Rhode Island,44,17243,974
2020-07-09,South Carolina,45,50691,905
2020-07-09,South Dakota,46,7336,101
2020-07-09,Tennessee,47,56531,700
2020-07-09,Texas,48,240025,3037
2020-07-09,Utah,49,27632,205
2020-07-09,Vermont,50,1272,56
2020-07-09,Virgin Islands,78,153,6
2020-07-09,Virginia,51,67988,1937
2020-07-09,Washington,53,40369,1410
2020-07-09,West Virginia,54,3826,95
2020-07-09,Wisconsin,55,37358,821
2020-07-09,Wyoming,56,1774,21
2020-07-10,Alabama,01,50508,1104
2020-07-10,Alaska,02,1579,15
2020-07-10,Arizona,04,116947,2093
2020-07-10,Arkansas,05,26803,313
2020-07-10,California,06,311505,6936
2020-07-10,Colorado,08,36210,1724
2020-07-10,Connecticut,09,47287,4348
2020-07-10,Delaware,10,12652,517
2020-07-10,District of Columbia,11,10743,568
2020-07-10,Florida,12,244143,4101
2020-07-10,Georgia,13,103597,2915
2020-07-10,Guam,66,1279,6
2020-07-10,Hawaii,15,1139,19
2020-07-10,Idaho,16,10073,101
2020-07-10,Illinois,17,153406,7349
2020-07-10,Indiana,18,51567,2748
2020-07-10,Iowa,19,34232,748
2020-07-10,Kansas,20,18799,294
2020-07-10,Kentucky,21,19076,647
2020-07-10,Louisiana,22,74744,3380
2020-07-10,Maine,23,3499,111
2020-07-10,Maryland,24,72503,3303
2020-07-10,Massachusetts,25,111110,8296
2020-07-10,Michigan,26,75871,6288
2020-07-10,Minnesota,27,40805,1533
2020-07-10,Mississippi,28,34622,1215
2020-07-10,Missouri,29,28060,1107
2020-07-10,Montana,30,1593,28
2020-07-10,Nebraska,31,20834,294
2020-07-10,Nevada,32,25961,581
2020-07-10,New Hampshire,33,5991,390
2020-07-10,New Jersey,34,176575,15479
2020-07-10,New Mexico,35,14549,539
2020-07-10,New York,36,404997,32004
2020-07-10,North Carolina,37,81737,1503
2020-07-10,North Dakota,38,4158,89
2020-07-10,Northern Mariana Islands,69,31,2
2020-07-10,Ohio,39,62856,3032
2020-07-10,Oklahoma,40,19092,416
2020-07-10,Oregon,41,11501,235
2020-07-10,Pennsylvania,42,98574,6929
2020-07-10,Puerto Rico,72,9137,159
2020-07-10,Rhode Island,44,17312,976
2020-07-10,South Carolina,45,52419,929
2020-07-10,South Dakota,46,7401,107
2020-07-10,Tennessee,47,58224,713
2020-07-10,Texas,48,249948,3129
2020-07-10,Utah,49,28452,207
2020-07-10,Vermont,50,1277,56
2020-07-10,Virgin Islands,78,167,6
2020-07-10,Virginia,51,68931,1958
2020-07-10,Washington,53,41090,1426
2020-07-10,West Virginia,54,3983,95
2020-07-10,Wisconsin,55,38414,825
2020-07-10,Wyoming,56,1790,21
2020-07-11,Alabama,01,51947,1114
2020-07-11,Alaska,02,1656,15
2020-07-11,Arizona,04,119991,2158
2020-07-11,Arkansas,05,27864,319
2020-07-11,California,06,320030,7012
2020-07-11,Colorado,08,36633,1725
2020-07-11,Connecticut,09,47287,4348
2020-07-11,Delaware,10,12743,517
2020-07-11,District of Columbia,11,10801,568
2020-07-11,Florida,12,254503,4196
2020-07-11,Georgia,13,106574,2946
2020-07-11,Guam,66,1281,6
2020-07-11,Hawaii,15,1181,19
2020-07-11,Idaho,16,10584,102
2020-07-11,Illinois,17,154530,7372
2020-07-11,Indiana,18,52358,2756
2020-07-11,Iowa,19,34695,748
2020-07-11,Kansas,20,18983,294
2020-07-11,Kentucky,21,19530,647
2020-07-11,Louisiana,22,76911,3403
2020-07-11,Maine,23,3520,112
2020-07-11,Maryland,24,73060,3310
2020-07-11,Massachusetts,25,111398,8310
2020-07-11,Michigan,26,76499,6316
2020-07-11,Minnesota,27,41609,1537
2020-07-11,Mississippi,28,35419,1230
2020-07-11,Missouri,29,28649,1112
2020-07-11,Montana,30,1677,29
2020-07-11,Nebraska,31,21035,296
2020-07-11,Nevada,32,26912,592
2020-07-11,New Hampshire,33,6024,391
2020-07-11,New Jersey,34,176906,15525
2020-07-11,New Mexico,35,14773,543
2020-07-11,New York,36,405724,32019
2020-07-11,North Carolina,37,83996,1520
2020-07-11,North Dakota,38,4247,91
2020-07-11,Northern Mariana Islands,69,33,2
2020-07-11,Ohio,39,64214,3036
2020-07-11,Oklahoma,40,19779,421
2020-07-11,Oregon,41,11851,235
2020-07-11,Pennsylvania,42,99252,6945
2020-07-11,Puerto Rico,72,9366,167
2020-07-11,Rhode Island,44,17312,976
2020-07-11,South Carolina,45,54699,951
2020-07-11,South Dakota,46,7454,109
2020-07-11,Tennessee,47,59981,728
2020-07-11,Texas,48,258280,3206
2020-07-11,Utah,49,29071,212
2020-07-11,Vermont,50,1283,56
2020-07-11,Virgin Islands,78,181,6
2020-07-11,Virginia,51,69782,1962
2020-07-11,Washington,53,41326,1426
2020-07-11,West Virginia,54,4146,96
2020-07-11,Wisconsin,55,39095,829
2020-07-11,Wyoming,56,1839,21
2020-07-12,Alabama,01,53587,1121
2020-07-12,Alaska,02,1772,15
2020-07-12,Arizona,04,122479,2239
2020-07-12,Arkansas,05,28367,321
2020-07-12,California,06,327676,7042
2020-07-12,Colorado,08,36933,1726
2020-07-12,Connecticut,09,47287,4348
2020-07-12,Delaware,10,12804,517
2020-07-12,District of Columbia,11,10847,568
2020-07-12,Florida,12,269803,4241
2020-07-12,Georgia,13,108389,2951
2020-07-12,Guam,66,1281,6
2020-07-12,Hawaii,15,1201,19
2020-07-12,Idaho,16,10971,102
2020-07-12,Illinois,17,155355,7391
2020-07-12,Indiana,18,52892,2760
2020-07-12,Iowa,19,35410,752
2020-07-12,Kansas,20,19295,300
2020-07-12,Kentucky,21,19762,649
2020-07-12,Louisiana,22,78230,3416
2020-07-12,Maine,23,3539,114
2020-07-12,Maryland,24,73705,3319
2020-07-12,Massachusetts,25,111597,8325
2020-07-12,Michigan,26,76936,6317
2020-07-12,Minnesota,27,42319,1540
2020-07-12,Mississippi,28,36287,1249
2020-07-12,Missouri,29,29173,1113
2020-07-12,Montana,30,1758,29
2020-07-12,Nebraska,31,21214,296
2020-07-12,Nevada,32,27745,593
2020-07-12,New Hampshire,33,6054,391
2020-07-12,New Jersey,34,177245,15525
2020-07-12,New Mexico,35,15028,545
2020-07-12,New York,36,406403,32029
2020-07-12,North Carolina,37,85831,1532
2020-07-12,North Dakota,38,4338,91
2020-07-12,Northern Mariana Islands,69,33,2
2020-07-12,Ohio,39,65592,3058
2020-07-12,Oklahoma,40,20235,422
2020-07-12,Oregon,41,12170,237
2020-07-12,Pennsylvania,42,99794,6950
2020-07-12,Puerto Rico,72,9654,167
2020-07-12,Rhode Island,44,17312,976
2020-07-12,South Carolina,45,56648,961
2020-07-12,South Dakota,46,7499,109
2020-07-12,Tennessee,47,61106,731
2020-07-12,Texas,48,264811,3246
2020-07-12,Utah,49,29552,215
2020-07-12,Vermont,50,1296,56
2020-07-12,Virgin Islands,78,206,6
2020-07-12,Virginia,51,70670,1966
2020-07-12,Washington,53,42181,1438
2020-07-12,West Virginia,54,4244,96
2020-07-12,Wisconsin,55,39901,828
2020-07-12,Wyoming,56,1862,21
2020-07-13,Alabama,01,55545,1124
2020-07-13,Alaska,02,1843,15
2020-07-13,Arizona,04,123917,2250
2020-07-13,Arkansas,05,28939,323
2020-07-13,California,06,336206,7086
2020-07-13,Colorado,08,37303,1728
2020-07-13,Connecticut,09,47510,4371
2020-07-13,Delaware,10,12879,517
2020-07-13,District of Columbia,11,10906,568
2020-07-13,Florida,12,282427,4276
2020-07-13,Georgia,13,111937,2972
2020-07-13,Guam,66,1281,6
2020-07-13,Hawaii,15,1222,21
2020-07-13,Idaho,16,11531,102
2020-07-13,Illinois,17,156288,7398
2020-07-13,Indiana,18,53327,2762
2020-07-13,Iowa,19,35631,755
2020-07-13,Kansas,20,20265,301
2020-07-13,Kentucky,21,20127,656
2020-07-13,Louisiana,22,79935,3423
2020-07-13,Maine,23,3558,114
2020-07-13,Maryland,24,74124,3325
2020-07-13,Massachusetts,25,111827,8330
2020-07-13,Michigan,26,77354,6324
2020-07-13,Minnesota,27,42810,1542
2020-07-13,Mississippi,28,36680,1250
2020-07-13,Missouri,29,29781,1126
2020-07-13,Montana,30,1908,32
2020-07-13,Nebraska,31,21444,298
2020-07-13,Nevada,32,28597,596
2020-07-13,New Hampshire,33,6068,391
2020-07-13,New Jersey,34,177469,15560
2020-07-13,New Mexico,35,15291,548
2020-07-13,New York,36,406962,32075
2020-07-13,North Carolina,37,87653,1547
2020-07-13,North Dakota,38,4446,91
2020-07-13,Northern Mariana Islands,69,33,2
2020-07-13,Ohio,39,66853,3064
2020-07-13,Oklahoma,40,20745,424
2020-07-13,Oregon,41,12511,240
2020-07-13,Pennsylvania,42,100378,6955
2020-07-13,Puerto Rico,72,10010,167
2020-07-13,Rhode Island,44,17487,984
2020-07-13,South Carolina,45,58168,972
2020-07-13,South Dakota,46,7524,109
2020-07-13,Tennessee,47,63615,738
2020-07-13,Texas,48,273732,3313
2020-07-13,Utah,49,30282,216
2020-07-13,Vermont,50,1301,56
2020-07-13,Virgin Islands,78,217,6
2020-07-13,Virginia,51,71642,1968
2020-07-13,Washington,53,43538,1439
2020-07-13,West Virginia,54,4313,97
2020-07-13,Wisconsin,55,40603,828
2020-07-13,Wyoming,56,1903,21
2020-07-14,Alabama,01,57255,1164
2020-07-14,Alaska,02,1897,15
2020-07-14,Arizona,04,128126,2341
2020-07-14,Arkansas,05,29733,331
2020-07-14,California,06,346593,7227
2020-07-14,Colorado,08,37761,1739
2020-07-14,Connecticut,09,47530,4372
2020-07-14,Delaware,10,12969,518
2020-07-14,District of Columbia,11,10946,568
2020-07-14,Florida,12,291621,4408
2020-07-14,Georgia,13,114579,2996
2020-07-14,Guam,66,1281,6
2020-07-14,Hawaii,15,1243,21
2020-07-14,Idaho,16,11962,103
2020-07-14,Illinois,17,157055,7425
2020-07-14,Indiana,18,54001,2775
2020-07-14,Iowa,19,35942,759
2020-07-14,Kansas,20,20347,303
2020-07-14,Kentucky,21,20702,665
2020-07-14,Louisiana,22,82150,3445
2020-07-14,Maine,23,3566,114
2020-07-14,Maryland,24,74836,3334
2020-07-14,Massachusetts,25,112130,8340
2020-07-14,Michigan,26,78045,6330
2020-07-14,Minnesota,27,43208,1548
2020-07-14,Mississippi,28,37542,1272
2020-07-14,Missouri,29,30817,1136
2020-07-14,Montana,30,2038,34
2020-07-14,Nebraska,31,21717,299
2020-07-14,Nevada,32,29669,613
2020-07-14,New Hampshire,33,6091,392
2020-07-14,New Jersey,34,177862,15582
2020-07-14,New Mexico,35,15514,551
2020-07-14,New York,36,407875,32092
2020-07-14,North Carolina,37,89767,1582
2020-07-14,North Dakota,38,4497,92
2020-07-14,Northern Mariana Islands,69,36,2
2020-07-14,Ohio,39,67995,3069
2020-07-14,Oklahoma,40,21738,428
2020-07-14,Oregon,41,12834,247
2020-07-14,Pennsylvania,42,101360,6973
2020-07-14,Puerto Rico,72,10123,169
2020-07-14,Rhode Island,44,17588,985
2020-07-14,South Carolina,45,60389,993
2020-07-14,South Dakota,46,7572,109
2020-07-14,Tennessee,47,65412,757
2020-07-14,Texas,48,284638,3449
2020-07-14,Utah,49,30774,226
2020-07-14,Vermont,50,1305,56
2020-07-14,Virgin Islands,78,243,6
2020-07-14,Virginia,51,72443,1977
2020-07-14,Washington,53,44257,1465
2020-07-14,West Virginia,54,4407,97
2020-07-14,Wisconsin,55,41516,834
2020-07-14,Wyoming,56,1951,22
2020-07-15,Alabama,01,59067,1211
2020-07-15,Alaska,02,1958,15
2020-07-15,Arizona,04,131411,2442
2020-07-15,Arkansas,05,30297,335
2020-07-15,California,06,355497,7368
2020-07-15,Colorado,08,38240,1745
2020-07-15,Connecticut,09,47636,4380
2020-07-15,Delaware,10,13050,521
2020-07-15,District of Columbia,11,11026,571
2020-07-15,Florida,12,301802,4520
2020-07-15,Georgia,13,118147,3030
2020-07-15,Guam,66,1282,6
2020-07-15,Hawaii,15,1271,21
2020-07-15,Idaho,16,12599,111
2020-07-15,Illinois,17,158451,7435
2020-07-15,Indiana,18,54698,2785
2020-07-15,Iowa,19,36536,777
2020-07-15,Kansas,20,21157,308
2020-07-15,Kentucky,21,21148,668
2020-07-15,Louisiana,22,84241,3461
2020-07-15,Maine,23,3578,114
2020-07-15,Maryland,24,75576,3341
2020-07-15,Massachusetts,25,112347,8368
2020-07-15,Michigan,26,79081,6333
2020-07-15,Minnesota,27,43782,1558
2020-07-15,Mississippi,28,38567,1290
2020-07-15,Missouri,29,31737,1141
2020-07-15,Montana,30,2149,34
2020-07-15,Nebraska,31,21979,302
2020-07-15,Nevada,32,30587,619
2020-07-15,New Hampshire,33,6113,394
2020-07-15,New Jersey,34,178252,15634
2020-07-15,New Mexico,35,15841,557
2020-07-15,New York,36,408709,32115
2020-07-15,North Carolina,37,91573,1598
2020-07-15,North Dakota,38,4569,92
2020-07-15,Northern Mariana Islands,69,36,2
2020-07-15,Ohio,39,69311,3075
2020-07-15,Oklahoma,40,22813,432
2020-07-15,Oregon,41,13129,249
2020-07-15,Pennsylvania,42,102361,7011
2020-07-15,Puerto Rico,72,10379,171
2020-07-15,Rhode Island,44,17640,987
2020-07-15,South Carolina,45,62245,998
2020-07-15,South Dakota,46,7652,111
2020-07-15,Tennessee,47,67515,773
2020-07-15,Texas,48,296478,3590
2020-07-15,Utah,49,31228,233
2020-07-15,Vermont,50,1318,56
2020-07-15,Virgin Islands,78,249,6
2020-07-15,Virginia,51,73527,1992
2020-07-15,Washington,53,45004,1486
2020-07-15,West Virginia,54,4557,98
2020-07-15,Wisconsin,55,42409,835
2020-07-15,Wyoming,56,1985,22
2020-07-16,Alabama,01,61088,1230
2020-07-16,Alaska,02,2034,15
2020-07-16,Arizona,04,134730,2506
2020-07-16,Arkansas,05,31114,341
2020-07-16,California,06,364761,7490
2020-07-16,Colorado,08,38817,1746
2020-07-16,Connecticut,09,47750,4389
2020-07-16,Delaware,10,13114,521
2020-07-16,District of Columbia,11,11076,574
2020-07-16,Florida,12,315767,4676
2020-07-16,Georgia,13,120848,3043
2020-07-16,Guam,66,1283,6
2020-07-16,Hawaii,15,1290,21
2020-07-16,Idaho,16,13261,114
2020-07-16,Illinois,17,159676,7457
2020-07-16,Indiana,18,55413,2795
2020-07-16,Iowa,19,37414,781
2020-07-16,Kansas,20,21273,309
2020-07-16,Kentucky,21,21617,675
2020-07-16,Louisiana,22,86521,3485
2020-07-16,Maine,23,3598,114
2020-07-16,Maryland,24,76237,3347
2020-07-16,Massachusetts,25,112581,8380
2020-07-16,Michigan,26,79977,6351
2020-07-16,Minnesota,27,44387,1566
2020-07-16,Mississippi,28,39797,1308
2020-07-16,Missouri,29,32596,1145
2020-07-16,Montana,30,2265,35
2020-07-16,Nebraska,31,22178,307
2020-07-16,Nevada,32,32024,627
2020-07-16,New Hampshire,33,6139,395
2020-07-16,New Jersey,34,178475,15665
2020-07-16,New Mexico,35,16138,562
2020-07-16,New York,36,409476,32133
2020-07-16,North Carolina,37,93657,1617
2020-07-16,North Dakota,38,4672,93
2020-07-16,Northern Mariana Islands,69,37,2
2020-07-16,Ohio,39,70601,3103
2020-07-16,Oklahoma,40,23441,438
2020-07-16,Oregon,41,13541,252
2020-07-16,Pennsylvania,42,103169,7039
2020-07-16,Puerto Rico,72,10574,172
2020-07-16,Rhode Island,44,17711,988
2020-07-16,South Carolina,45,64083,1070
2020-07-16,South Dakota,46,7694,115
2020-07-16,Tennessee,47,69827,786
2020-07-16,Texas,48,311516,3744
2020-07-16,Utah,49,31908,234
2020-07-16,Vermont,50,1325,56
2020-07-16,Virgin Islands,78,263,6
2020-07-16,Virginia,51,74431,2007
2020-07-16,Washington,53,46268,1492
2020-07-16,West Virginia,54,4657,99
2020-07-16,Wisconsin,55,43361,839
2020-07-16,Wyoming,56,2026,24
2020-07-17,Alabama,01,63091,1265
2020-07-17,Alaska,02,2083,15
2020-07-17,Arizona,04,138575,2597
2020-07-17,Arkansas,05,31762,353
2020-07-17,California,06,374922,7607
2020-07-17,Colorado,08,39409,1753
2020-07-17,Connecticut,09,47893,4396
2020-07-17,Delaware,10,13337,521
2020-07-17,District of Columbia,11,11115,577
2020-07-17,Florida,12,327233,4804
2020-07-17,Georgia,13,124267,3071
2020-07-17,Guam,66,1283,6
2020-07-17,Hawaii,15,1312,22
2020-07-17,Idaho,16,13879,119
2020-07-17,Illinois,17,161042,7468
2020-07-17,Indiana,18,56160,2803
2020-07-17,Iowa,19,37903,785
2020-07-17,Kansas,20,22199,310
2020-07-17,Kentucky,21,22162,687
2020-07-17,Louisiana,22,88700,3509
2020-07-17,Maine,23,3636,115
2020-07-17,Maryland,24,76941,3359
2020-07-17,Massachusetts,25,112879,8402
2020-07-17,Michigan,26,80752,6358
2020-07-17,Minnesota,27,45053,1573
2020-07-17,Mississippi,28,40829,1332
2020-07-17,Missouri,29,33536,1151
2020-07-17,Montana,30,2383,37
2020-07-17,Nebraska,31,22361,308
2020-07-17,Nevada,32,33372,638
2020-07-17,New Hampshire,33,6165,395
2020-07-17,New Jersey,34,178525,15684
2020-07-17,New Mexico,35,16456,565
2020-07-17,New York,36,410254,32147
2020-07-17,North Carolina,37,95633,1638
2020-07-17,North Dakota,38,4796,94
2020-07-17,Northern Mariana Islands,69,37,2
2020-07-17,Ohio,39,72280,3112
2020-07-17,Oklahoma,40,24140,445
2020-07-17,Oregon,41,13842,256
2020-07-17,Pennsylvania,42,104172,7057
2020-07-17,Puerto Rico,72,11120,177
2020-07-17,Rhode Island,44,17793,990
2020-07-17,South Carolina,45,66060,1096
2020-07-17,South Dakota,46,7789,116
2020-07-17,Tennessee,47,72072,805
2020-07-17,Texas,48,321254,3889
2020-07-17,Utah,49,32572,238
2020-07-17,Vermont,50,1334,56
2020-07-17,Virgin Islands,78,283,6
2020-07-17,Virginia,51,75433,2013
2020-07-17,Washington,53,47226,1498
2020-07-17,West Virginia,54,4783,100
2020-07-17,Wisconsin,55,44243,842
2020-07-17,Wyoming,56,2069,24
2020-07-18,Alabama,01,65234,1286
2020-07-18,Alaska,02,2157,16
2020-07-18,Arizona,04,141333,2733
2020-07-18,Arkansas,05,32533,357
2020-07-18,California,06,383194,7697
2020-07-18,Colorado,08,39811,1753
2020-07-18,Connecticut,09,47893,4396
2020-07-18,Delaware,10,13429,523
2020-07-18,District of Columbia,11,11194,578
2020-07-18,Florida,12,337561,4894
2020-07-18,Georgia,13,128341,3105
2020-07-18,Guam,66,1284,6
2020-07-18,Hawaii,15,1332,23
2020-07-18,Idaho,16,14433,120
2020-07-18,Illinois,17,162299,7486
2020-07-18,Indiana,18,57045,2820
2020-07-18,Iowa,19,38314,790
2020-07-18,Kansas,20,22238,312
2020-07-18,Kentucky,21,22750,688
2020-07-18,Louisiana,22,88700,3509
2020-07-18,Maine,23,3646,117
2020-07-18,Maryland,24,77773,3368
2020-07-18,Massachusetts,25,113238,8419
2020-07-18,Michigan,26,81384,6367
2020-07-18,Minnesota,27,45510,1578
2020-07-18,Mississippi,28,41846,1346
2020-07-18,Missouri,29,34363,1158
2020-07-18,Montana,30,2471,37
2020-07-18,Nebraska,31,22545,308
2020-07-18,Nevada,32,34606,647
2020-07-18,New Hampshire,33,6188,396
2020-07-18,New Jersey,34,178788,15699
2020-07-18,New Mexico,35,16736,569
2020-07-18,New York,36,411006,32167
2020-07-18,North Carolina,37,98067,1653
2020-07-18,North Dakota,38,4911,94
2020-07-18,Northern Mariana Islands,69,37,2
2020-07-18,Ohio,39,73822,3132
2020-07-18,Oklahoma,40,25056,451
2020-07-18,Oregon,41,14231,259
2020-07-18,Pennsylvania,42,104780,7068
2020-07-18,Puerto Rico,72,11453,178
2020-07-18,Rhode Island,44,17793,990
2020-07-18,South Carolina,45,67612,1135
2020-07-18,South Dakota,46,7862,116
2020-07-18,Tennessee,47,74518,828
2020-07-18,Texas,48,330059,3972
2020-07-18,Utah,49,33430,243
2020-07-18,Vermont,50,1338,56
2020-07-18,Virgin Islands,78,297,6
2020-07-18,Virginia,51,76373,2025
2020-07-18,Washington,53,47889,1509
2020-07-18,West Virginia,54,4922,100
2020-07-18,Wisconsin,55,45118,852
2020-07-18,Wyoming,56,2108,24
2020-07-19,Alabama,01,67011,1287
2020-07-19,Alaska,02,2275,16
2020-07-19,Arizona,04,143644,2768
2020-07-19,Arkansas,05,33228,357
2020-07-19,California,06,391460,7710
2020-07-19,Colorado,08,40182,1753
2020-07-19,Connecticut,09,47893,4396
2020-07-19,Delaware,10,13519,523
2020-07-19,District of Columbia,11,11261,578
2020-07-19,Florida,12,350039,4981
2020-07-19,Georgia,13,130794,3110
2020-07-19,Guam,66,1284,6
2020-07-19,Hawaii,15,1359,23
2020-07-19,Idaho,16,14960,120
2020-07-19,Illinois,17,163284,7491
2020-07-19,Indiana,18,57965,2822
2020-07-19,Iowa,19,38813,793
2020-07-19,Kansas,20,22459,313
2020-07-19,Kentucky,21,23600,691
2020-07-19,Louisiana,22,91816,3543
2020-07-19,Maine,23,3687,117
2020-07-19,Maryland,24,78698,3377
2020-07-19,Massachusetts,25,113534,8431
2020-07-19,Michigan,26,81935,6369
2020-07-19,Minnesota,27,46244,1581
2020-07-19,Mississippi,28,42638,1355
2020-07-19,Missouri,29,35154,1158
2020-07-19,Montana,30,2533,37
2020-07-19,Nebraska,31,22637,308
2020-07-19,Nevada,32,35826,648
2020-07-19,New Hampshire,33,6203,398
2020-07-19,New Jersey,34,178757,15706
2020-07-19,New Mexico,35,16971,571
2020-07-19,New York,36,411515,32187
2020-07-19,North Carolina,37,99841,1661
2020-07-19,North Dakota,38,5023,96
2020-07-19,Northern Mariana Islands,69,37,2
2020-07-19,Ohio,39,74932,3174
2020-07-19,Oklahoma,40,25265,451
2020-07-19,Oregon,41,14586,262
2020-07-19,Pennsylvania,42,105384,7074
2020-07-19,Puerto Rico,72,12063,178
2020-07-19,Rhode Island,44,17793,990
2020-07-19,South Carolina,45,69986,1155
2020-07-19,South Dakota,46,7906,118
2020-07-19,Tennessee,47,76180,834
2020-07-19,Texas,48,338036,4033
2020-07-19,Utah,49,34117,243
2020-07-19,Vermont,50,1350,56
2020-07-19,Virgin Islands,78,297,6
2020-07-19,Virginia,51,77430,2027
2020-07-19,Washington,53,48601,1512
2020-07-19,West Virginia,54,5042,100
2020-07-19,Wisconsin,55,45953,853
2020-07-19,Wyoming,56,2126,24
2020-07-20,Alabama,01,68891,1291
2020-07-20,Alaska,02,2412,16
2020-07-20,Arizona,04,145320,2795
2020-07-20,Arkansas,05,33927,363
2020-07-20,California,06,400195,7764
2020-07-20,Colorado,08,40649,1759
2020-07-20,Connecticut,09,48055,4406
2020-07-20,Delaware,10,13624,523
2020-07-20,District of Columbia,11,11339,579
2020-07-20,Florida,12,360386,5071
2020-07-20,Georgia,13,132788,3113
2020-07-20,Guam,66,1288,6
2020-07-20,Hawaii,15,1371,23
2020-07-20,Idaho,16,15380,123
2020-07-20,Illinois,17,164552,7500
2020-07-20,Indiana,18,58607,2825
2020-07-20,Iowa,19,39343,798
2020-07-20,Kansas,20,23544,318
2020-07-20,Kentucky,21,23978,694
2020-07-20,Louisiana,22,95002,3572
2020-07-20,Maine,23,3711,117
2020-07-20,Maryland,24,79251,3382
2020-07-20,Massachusetts,25,113789,8433
2020-07-20,Michigan,26,82486,6377
2020-07-20,Minnesota,27,47147,1585
2020-07-20,Mississippi,28,43889,1358
2020-07-20,Missouri,29,36044,1164
2020-07-20,Montana,30,2640,39
2020-07-20,Nebraska,31,22847,313
2020-07-20,Nevada,32,36805,650
2020-07-20,New Hampshire,33,6249,398
2020-07-20,New Jersey,34,178937,15715
2020-07-20,New Mexico,35,17215,578
2020-07-20,New York,36,412034,32203
2020-07-20,North Carolina,37,101176,1676
2020-07-20,North Dakota,38,5130,97
2020-07-20,Northern Mariana Islands,69,37,2
2020-07-20,Ohio,39,76168,3189
2020-07-20,Oklahoma,40,25433,452
2020-07-20,Oregon,41,14907,264
2020-07-20,Pennsylvania,42,106498,7076
2020-07-20,Puerto Rico,72,12461,180
2020-07-20,Rhode Island,44,17904,995
2020-07-20,South Carolina,45,71445,1164
2020-07-20,South Dakota,46,7943,118
2020-07-20,Tennessee,47,77944,838
2020-07-20,Texas,48,345672,4160
2020-07-20,Utah,49,34526,249
2020-07-20,Vermont,50,1360,56
2020-07-20,Virgin Islands,78,308,6
2020-07-20,Virginia,51,78375,2031
2020-07-20,Washington,53,49949,1521
2020-07-20,West Virginia,54,5142,100
2020-07-20,Wisconsin,55,46754,855
2020-07-20,Wyoming,56,2187,24
2020-07-21,Alabama,01,70358,1303
2020-07-21,Alaska,02,2523,16
2020-07-21,Arizona,04,148730,2918
2020-07-21,Arkansas,05,34655,374
2020-07-21,California,06,410366,7883
2020-07-21,Colorado,08,41152,1764
2020-07-21,Connecticut,09,48096,4406
2020-07-21,Delaware,10,13746,525
2020-07-21,District of Columbia,11,11427,580
2020-07-21,Florida,12,369826,5205
2020-07-21,Georgia,13,135865,3186
2020-07-21,Guam,66,1296,6
2020-07-21,Hawaii,15,1396,23
2020-07-21,Idaho,16,15899,127
2020-07-21,Illinois,17,165534,7521
2020-07-21,Indiana,18,59344,2846
2020-07-21,Iowa,19,39721,808
2020-07-21,Kansas,20,23606,319
2020-07-21,Kentucky,21,24638,695
2020-07-21,Louisiana,22,96693,3608
2020-07-21,Maine,23,3723,118
2020-07-21,Maryland,24,80111,3402
2020-07-21,Massachusetts,25,114033,8450
2020-07-21,Michigan,26,83184,6385
2020-07-21,Minnesota,27,47497,1588
2020-07-21,Mississippi,28,45524,1389
2020-07-21,Missouri,29,37248,1175
2020-07-21,Montana,30,2741,40
2020-07-21,Nebraska,31,23190,313
2020-07-21,Nevada,32,37605,680
2020-07-21,New Hampshire,33,6262,400
2020-07-21,New Jersey,34,179230,15737
2020-07-21,New Mexico,35,17517,588
2020-07-21,New York,36,412889,32218
2020-07-21,North Carolina,37,103047,1702
2020-07-21,North Dakota,38,5211,98
2020-07-21,Northern Mariana Islands,69,38,2
2020-07-21,Ohio,39,77215,3219
2020-07-21,Oklahoma,40,26326,461
2020-07-21,Oregon,41,15257,272
2020-07-21,Pennsylvania,42,107460,7094
2020-07-21,Puerto Rico,72,12940,180
2020-07-21,Rhode Island,44,17986,996
2020-07-21,South Carolina,45,73337,1221
2020-07-21,South Dakota,46,8019,118
2020-07-21,Tennessee,47,80026,863
2020-07-21,Texas,48,355594,4319
2020-07-21,Utah,49,35089,255
2020-07-21,Vermont,50,1366,56
2020-07-21,Virgin Islands,78,308,6
2020-07-21,Virginia,51,79371,2048
2020-07-21,Washington,53,50746,1531
2020-07-21,West Virginia,54,5199,101
2020-07-21,Wisconsin,55,47893,868
2020-07-21,Wyoming,56,2238,25
2020-07-22,Alabama,01,71813,1364
2020-07-22,Alaska,02,2617,17
2020-07-22,Arizona,04,150659,2976
2020-07-22,Arkansas,05,35246,380
2020-07-22,California,06,422528,8038
2020-07-22,Colorado,08,41747,1772
2020-07-22,Connecticut,09,48223,4406
2020-07-22,Delaware,10,13792,527
2020-07-22,District of Columbia,11,11529,580
2020-07-22,Florida,12,379611,5344
2020-07-22,Georgia,13,139120,3264
2020-07-22,Guam,66,1299,6
2020-07-22,Hawaii,15,1413,24
2020-07-22,Idaho,16,16395,136
2020-07-22,Illinois,17,167142,7544
2020-07-22,Indiana,18,60126,2863
2020-07-22,Iowa,19,40208,814
2020-07-22,Kansas,20,24376,324
2020-07-22,Kentucky,21,25169,700
2020-07-22,Louisiana,22,99466,3670
2020-07-22,Maine,23,3723,118
2020-07-22,Maryland,24,80738,3405
2020-07-22,Massachusetts,25,114320,8468
2020-07-22,Michigan,26,83891,6391
2020-07-22,Minnesota,27,48001,1592
2020-07-22,Mississippi,28,47071,1423
2020-07-22,Missouri,29,38454,1196
2020-07-22,Montana,30,2840,42
2020-07-22,Nebraska,31,23486,314
2020-07-22,Nevada,32,38759,705
2020-07-22,New Hampshire,33,6295,402
2020-07-22,New Jersey,34,179565,15707
2020-07-22,New Mexico,35,17828,591
2020-07-22,New York,36,413595,32228
2020-07-22,North Carolina,37,105138,1729
2020-07-22,North Dakota,38,5371,100
2020-07-22,Northern Mariana Islands,69,38,2
2020-07-22,Ohio,39,78742,3235
2020-07-22,Oklahoma,40,27301,474
2020-07-22,Oregon,41,15436,274
2020-07-22,Pennsylvania,42,108267,7125
2020-07-22,Puerto Rico,72,13038,185
2020-07-22,Rhode Island,44,18062,997
2020-07-22,South Carolina,45,75042,1285
2020-07-22,South Dakota,46,8077,119
2020-07-22,Tennessee,47,82172,878
2020-07-22,Texas,48,366561,4522
2020-07-22,Utah,49,35677,262
2020-07-22,Vermont,50,1366,56
2020-07-22,Virgin Islands,78,336,7
2020-07-22,Virginia,51,80393,2051
2020-07-22,Washington,53,51442,1534
2020-07-22,West Virginia,54,5461,102
2020-07-22,Wisconsin,55,48777,874
2020-07-22,Wyoming,56,2288,25
2020-07-23,Alabama,01,74212,1397
2020-07-23,Alaska,02,2682,17
2020-07-23,Arizona,04,153029,3067
2020-07-23,Arkansas,05,36259,386
2020-07-23,California,06,433175,8190
2020-07-23,Colorado,08,42409,1788
2020-07-23,Connecticut,09,48232,4410
2020-07-23,Delaware,10,13924,529
2020-07-23,District of Columbia,11,11571,581
2020-07-23,Florida,12,389860,5517
2020-07-23,Georgia,13,143857,3288
2020-07-23,Guam,66,1301,6
2020-07-23,Hawaii,15,1468,25
2020-07-23,Idaho,16,16862,142
2020-07-23,Illinois,17,168766,7563
2020-07-23,Indiana,18,61079,2880
2020-07-23,Iowa,19,40796,820
2020-07-23,Kansas,20,24518,326
2020-07-23,Kentucky,21,25828,706
2020-07-23,Louisiana,22,101762,3686
2020-07-23,Maine,23,3737,118
2020-07-23,Maryland,24,81396,3409
2020-07-23,Massachusetts,25,114647,8484
2020-07-23,Michigan,26,84585,6397
2020-07-23,Minnesota,27,48761,1601
2020-07-23,Mississippi,28,48053,1436
2020-07-23,Missouri,29,39923,1212
2020-07-23,Montana,30,2924,43
2020-07-23,Nebraska,31,23818,318
2020-07-23,Nevada,32,40088,709
2020-07-23,New Hampshire,33,6318,405
2020-07-23,New Jersey,34,179807,15730
2020-07-23,New Mexico,35,18163,596
2020-07-23,New York,36,414405,32270
2020-07-23,North Carolina,37,107050,1754
2020-07-23,North Dakota,38,5497,101
2020-07-23,Northern Mariana Islands,69,38,2
2020-07-23,Ohio,39,80186,3256
2020-07-23,Oklahoma,40,27969,477
2020-07-23,Oregon,41,15765,277
2020-07-23,Pennsylvania,42,109153,7142
2020-07-23,Puerto Rico,72,13473,188
2020-07-23,Rhode Island,44,18148,1001
2020-07-23,South Carolina,45,76606,1334
2020-07-23,South Dakota,46,8143,121
2020-07-23,Tennessee,47,84652,913
2020-07-23,Texas,48,376104,4714
2020-07-23,Utah,49,36178,271
2020-07-23,Vermont,50,1377,56
2020-07-23,Virgin Islands,78,342,7
2020-07-23,Virginia,51,81237,2054
2020-07-23,Washington,53,52255,1548
2020-07-23,West Virginia,54,5550,103
2020-07-23,Wisconsin,55,49751,887
2020-07-23,Wyoming,56,2347,25
2020-07-24,Alabama,01,76005,1438
2020-07-24,Alaska,02,2746,17
2020-07-24,Arizona,04,156392,3156
2020-07-24,Arkansas,05,37249,394
2020-07-24,California,06,443096,8325
2020-07-24,Colorado,08,43098,1791
2020-07-24,Connecticut,09,48776,4413
2020-07-24,Delaware,10,14202,578
2020-07-24,District of Columbia,11,11649,581
2020-07-24,Florida,12,402304,5652
2020-07-24,Georgia,13,147732,3368
2020-07-24,Guam,66,1306,6
2020-07-24,Hawaii,15,1526,25
2020-07-24,Idaho,16,17411,148
2020-07-24,Illinois,17,170376,7580
2020-07-24,Indiana,18,62081,2884
2020-07-24,Iowa,19,41434,826
2020-07-24,Kansas,20,25403,330
2020-07-24,Kentucky,21,26628,715
2020-07-24,Louisiana,22,103846,3715
2020-07-24,Maine,23,3757,118
2020-07-24,Maryland,24,82326,3422
2020-07-24,Massachusetts,25,114985,8498
2020-07-24,Michigan,26,85238,6402
2020-07-24,Minnesota,27,49528,1606
2020-07-24,Mississippi,28,49663,1463
2020-07-24,Missouri,29,41224,1221
2020-07-24,Montana,30,3113,46
2020-07-24,Nebraska,31,24174,322
2020-07-24,Nevada,32,41013,722
2020-07-24,New Hampshire,33,6375,407
2020-07-24,New Jersey,34,180265,15765
2020-07-24,New Mexico,35,18475,601
2020-07-24,New York,36,415163,32278
2020-07-24,North Carolina,37,109206,1769
2020-07-24,North Dakota,38,5618,103
2020-07-24,Northern Mariana Islands,69,38,2
2020-07-24,Ohio,39,81746,3297
2020-07-24,Oklahoma,40,29116,484
2020-07-24,Oregon,41,16172,285
2020-07-24,Pennsylvania,42,110342,7162
2020-07-24,Puerto Rico,72,13967,191
2020-07-24,Rhode Island,44,18224,1002
2020-07-24,South Carolina,45,78607,1385
2020-07-24,South Dakota,46,8200,122
2020-07-24,Tennessee,47,86667,926
2020-07-24,Texas,48,383662,4876
2020-07-24,Utah,49,37063,277
2020-07-24,Vermont,50,1385,56
2020-07-24,Virgin Islands,78,352,7
2020-07-24,Virginia,51,82364,2067
2020-07-24,Washington,53,53278,1590
2020-07-24,West Virginia,54,5695,103
2020-07-24,Wisconsin,55,50895,887
2020-07-24,Wyoming,56,2405,25
2020-07-25,Alabama,01,78130,1456
2020-07-25,Alaska,02,2866,18
2020-07-25,Arizona,04,160055,3288
2020-07-25,Arkansas,05,37981,399
2020-07-25,California,06,453327,8428
2020-07-25,Colorado,08,43847,1795
2020-07-25,Connecticut,09,48776,4413
2020-07-25,Delaware,10,14175,579
2020-07-25,District of Columbia,11,11717,581
2020-07-25,Florida,12,414503,5776
2020-07-25,Georgia,13,151262,3421
2020-07-25,Guam,66,1306,6
2020-07-25,Hawaii,15,1597,25
2020-07-25,Idaho,16,17920,150
2020-07-25,Illinois,17,171669,7593
2020-07-25,Indiana,18,63030,2895
2020-07-25,Iowa,19,41886,826
2020-07-25,Kansas,20,25464,333
2020-07-25,Kentucky,21,27395,717
2020-07-25,Louisiana,22,103846,3715
2020-07-25,Maine,23,3790,119
2020-07-25,Maryland,24,83617,3433
2020-07-25,Massachusetts,25,115268,8510
2020-07-25,Michigan,26,85665,6402
2020-07-25,Minnesota,27,50331,1611
2020-07-25,Mississippi,28,51097,1480
2020-07-25,Missouri,29,42310,1224
2020-07-25,Montana,30,3260,46
2020-07-25,Nebraska,31,24412,322
2020-07-25,Nevada,32,41993,733
2020-07-25,New Hampshire,33,6415,409
2020-07-25,New Jersey,34,180778,15776
2020-07-25,New Mexico,35,18788,607
2020-07-25,New York,36,415911,32295
2020-07-25,North Carolina,37,111282,1801
2020-07-25,North Dakota,38,5740,103
2020-07-25,Northern Mariana Islands,69,40,2
2020-07-25,Ohio,39,83184,3297
2020-07-25,Oklahoma,40,30081,496
2020-07-25,Oregon,41,16492,286
2020-07-25,Pennsylvania,42,111121,7167
2020-07-25,Puerto Rico,72,14540,201
2020-07-25,Rhode Island,44,18224,1002
2020-07-25,South Carolina,45,80008,1465
2020-07-25,South Dakota,46,8305,122
2020-07-25,Tennessee,47,88459,953
2020-07-25,Texas,48,391609,5002
2020-07-25,Utah,49,37623,278
2020-07-25,Vermont,50,1396,56
2020-07-25,Virgin Islands,78,352,7
2020-07-25,Virginia,51,83609,2075
2020-07-25,Washington,53,53883,1591
2020-07-25,West Virginia,54,5821,103
2020-07-25,Wisconsin,55,51735,900
2020-07-25,Wyoming,56,2446,25
2020-07-26,Alabama,01,79294,1473
2020-07-26,Alaska,02,3100,18
2020-07-26,Arizona,04,162041,3313
2020-07-26,Arkansas,05,38623,401
2020-07-26,California,06,459338,8451
2020-07-26,Colorado,08,44364,1795
2020-07-26,Connecticut,09,48776,4413
2020-07-26,Delaware,10,14290,579
2020-07-26,District of Columbia,11,11780,581
2020-07-26,Florida,12,423847,5853
2020-07-26,Georgia,13,153476,3424
2020-07-26,Guam,66,1306,6
2020-07-26,Hawaii,15,1660,25
2020-07-26,Idaho,16,18262,150
2020-07-26,Illinois,17,173079,7595
2020-07-26,Indiana,18,63881,2903
2020-07-26,Iowa,19,42357,829
2020-07-26,Kansas,20,25649,335
2020-07-26,Kentucky,21,27682,718
2020-07-26,Louisiana,22,107686,3763
2020-07-26,Maine,23,3814,119
2020-07-26,Maryland,24,84306,3440
2020-07-26,Massachusetts,25,115637,8529
2020-07-26,Michigan,26,86750,6402
2020-07-26,Minnesota,27,51193,1614
2020-07-26,Mississippi,28,52304,1495
2020-07-26,Missouri,29,43477,1231
2020-07-26,Montana,30,3342,46
2020-07-26,Nebraska,31,24618,322
2020-07-26,Nevada,32,42919,734
2020-07-26,New Hampshire,33,6436,409
2020-07-26,New Jersey,34,181283,15787
2020-07-26,New Mexico,35,19053,614
2020-07-26,New York,36,416443,32305
2020-07-26,North Carolina,37,112802,1807
2020-07-26,North Dakota,38,5880,103
2020-07-26,Northern Mariana Islands,69,40,2
2020-07-26,Ohio,39,84073,3307
2020-07-26,Oklahoma,40,31285,496
2020-07-26,Oregon,41,16764,291
2020-07-26,Pennsylvania,42,111773,7170
2020-07-26,Puerto Rico,72,15143,201
2020-07-26,Rhode Island,44,18224,1002
2020-07-26,South Carolina,45,81199,1491
2020-07-26,South Dakota,46,8395,123
2020-07-26,Tennessee,47,91330,955
2020-07-26,Texas,48,395738,5090
2020-07-26,Utah,49,37973,278
2020-07-26,Vermont,50,1400,56
2020-07-26,Virgin Islands,78,361,7
2020-07-26,Virginia,51,84567,2078
2020-07-26,Washington,53,54421,1595
2020-07-26,West Virginia,54,5960,103
2020-07-26,Wisconsin,55,52685,901
2020-07-26,Wyoming,56,2475,25
2020-07-27,Alabama,01,81115,1491
2020-07-27,Alaska,02,3204,19
2020-07-27,Arizona,04,163918,3320
2020-07-27,Arkansas,05,39447,408
2020-07-27,California,06,467103,8544
2020-07-27,Colorado,08,44723,1800
2020-07-27,Connecticut,09,48983,4418
2020-07-27,Delaware,10,14406,579
2020-07-27,District of Columbia,11,11858,582
2020-07-27,Florida,12,432739,5930
2020-07-27,Georgia,13,155907,3435
2020-07-27,Guam,66,1315,6
2020-07-27,Hawaii,15,1688,25
2020-07-27,Idaho,16,18836,159
2020-07-27,Illinois,17,174442,7619
2020-07-27,Indiana,18,64417,2906
2020-07-27,Iowa,19,42696,836
2020-07-27,Kansas,20,26439,338
2020-07-27,Kentucky,21,28250,726
2020-07-27,Louisiana,22,110029,3786
2020-07-27,Maine,23,3832,119
2020-07-27,Maryland,24,85436,3447
2020-07-27,Massachusetts,25,115926,8536
2020-07-27,Michigan,26,87329,6407
2020-07-27,Minnesota,27,51843,1616
2020-07-27,Mississippi,28,52957,1501
2020-07-27,Missouri,29,44813,1245
2020-07-27,Montana,30,3406,47
2020-07-27,Nebraska,31,24899,322
2020-07-27,Nevada,32,43880,739
2020-07-27,New Hampshire,33,6441,409
2020-07-27,New Jersey,34,181732,15804
2020-07-27,New Mexico,35,19502,619
2020-07-27,New York,36,417056,32322
2020-07-27,North Carolina,37,114612,1815
2020-07-27,North Dakota,38,5990,103
2020-07-27,Northern Mariana Islands,69,40,2
2020-07-27,Ohio,39,85177,3344
2020-07-27,Oklahoma,40,32529,495
2020-07-27,Oregon,41,17122,289
2020-07-27,Pennsylvania,42,112995,7174
2020-07-27,Puerto Rico,72,15431,201
2020-07-27,Rhode Island,44,18515,1004
2020-07-27,South Carolina,45,82417,1506
2020-07-27,South Dakota,46,8444,123
2020-07-27,Tennessee,47,93869,965
2020-07-27,Texas,48,402295,6292
2020-07-27,Utah,49,38439,285
2020-07-27,Vermont,50,1402,56
2020-07-27,Virgin Islands,78,375,7
2020-07-27,Virginia,51,86072,2082
2020-07-27,Washington,53,55547,1610
2020-07-27,West Virginia,54,6054,106
2020-07-27,Wisconsin,55,53323,905
2020-07-27,Wyoming,56,2520,25
2020-07-28,Alabama,01,82366,1491
2020-07-28,Alaska,02,3348,20
2020-07-28,Arizona,04,165994,3424
2020-07-28,Arkansas,05,40181,428
2020-07-28,California,06,474951,8716
2020-07-28,Colorado,08,45420,1809
2020-07-28,Connecticut,09,49077,4423
2020-07-28,Delaware,10,14476,580
2020-07-28,District of Columbia,11,11945,583
2020-07-28,Florida,12,441969,6116
2020-07-28,Georgia,13,160038,3488
2020-07-28,Guam,66,1318,6
2020-07-28,Hawaii,15,1734,25
2020-07-28,Idaho,16,19318,168
2020-07-28,Illinois,17,175588,7645
2020-07-28,Indiana,18,65258,2924
2020-07-28,Iowa,19,42928,839
2020-07-28,Kansas,20,26494,344
2020-07-28,Kentucky,21,28876,735
2020-07-28,Louisiana,22,111150,3812
2020-07-28,Maine,23,3838,121
2020-07-28,Maryland,24,86091,3458
2020-07-28,Massachusetts,25,116182,8551
2020-07-28,Michigan,26,88025,6426
2020-07-28,Minnesota,27,52321,1620
2020-07-28,Mississippi,28,54299,1543
2020-07-28,Missouri,29,46225,1263
2020-07-28,Montana,30,3491,52
2020-07-28,Nebraska,31,25140,326
2020-07-28,Nevada,32,44991,760
2020-07-28,New Hampshire,33,6500,409
2020-07-28,New Jersey,34,182215,15825
2020-07-28,New Mexico,35,19791,626
2020-07-28,New York,36,417591,32333
2020-07-28,North Carolina,37,116300,1847
2020-07-28,North Dakota,38,6145,104
2020-07-28,Northern Mariana Islands,69,40,2
2020-07-28,Ohio,39,86497,3382
2020-07-28,Oklahoma,40,33757,509
2020-07-28,Oregon,41,17419,305
2020-07-28,Pennsylvania,42,114129,7197
2020-07-28,Puerto Rico,72,15840,209
2020-07-28,Rhode Island,44,18725,1005
2020-07-28,South Carolina,45,84109,1565
2020-07-28,South Dakota,46,8492,123
2020-07-28,Tennessee,47,96318,988
2020-07-28,Texas,48,412849,6518
2020-07-28,Utah,49,38877,290
2020-07-28,Vermont,50,1405,56
2020-07-28,Virgin Islands,78,375,7
2020-07-28,Virginia,51,86994,2095
2020-07-28,Washington,53,56575,1632
2020-07-28,West Virginia,54,6173,111
2020-07-28,Wisconsin,55,54114,916
2020-07-28,Wyoming,56,2589,26
2020-07-29,Alabama,01,83782,1538
2020-07-29,Alaska,02,3440,20
2020-07-29,Arizona,04,168361,3470
2020-07-29,Arkansas,05,40968,434
2020-07-29,California,06,486039,8884
2020-07-29,Colorado,08,45885,1826
2020-07-29,Connecticut,09,49540,4425
2020-07-29,Delaware,10,14602,581
2020-07-29,District of Columbia,11,11999,584
2020-07-29,Florida,12,451415,6332
2020-07-29,Georgia,13,163547,3566
2020-07-29,Guam,66,1320,6
2020-07-29,Hawaii,15,1842,25
2020-07-29,Idaho,16,19810,176
2020-07-29,Illinois,17,176967,7661
2020-07-29,Indiana,18,65918,2932
2020-07-29,Iowa,19,43623,854
2020-07-29,Kansas,20,27177,349
2020-07-29,Kentucky,21,29479,746
2020-07-29,Louisiana,22,112887,3883
2020-07-29,Maine,23,3866,121
2020-07-29,Maryland,24,86846,3478
2020-07-29,Massachusetts,25,116684,8580
2020-07-29,Michigan,26,89026,6426
2020-07-29,Minnesota,27,52987,1629
2020-07-29,Mississippi,28,55804,1563
2020-07-29,Missouri,29,47683,1269
2020-07-29,Montana,30,3695,54
2020-07-29,Nebraska,31,25448,331
2020-07-29,Nevada,32,45937,782
2020-07-29,New Hampshire,33,6513,411
2020-07-29,New Jersey,34,182641,15798
2020-07-29,New Mexico,35,20136,632
2020-07-29,New York,36,418302,32342
2020-07-29,North Carolina,37,118027,1889
2020-07-29,North Dakota,38,6231,106
2020-07-29,Northern Mariana Islands,69,40,2
2020-07-29,Ohio,39,87893,3422
2020-07-29,Oklahoma,40,34605,523
2020-07-29,Oregon,41,17805,313
2020-07-29,Pennsylvania,42,114984,7219
2020-07-29,Puerto Rico,72,16061,211
2020-07-29,Rhode Island,44,18800,1007
2020-07-29,South Carolina,45,85846,1615
2020-07-29,South Dakota,46,8641,129
2020-07-29,Tennessee,47,98145,1008
2020-07-29,Texas,48,421891,6834
2020-07-29,Utah,49,39339,297
2020-07-29,Vermont,50,1406,56
2020-07-29,Virgin Islands,78,385,8
2020-07-29,Virginia,51,87993,2125
2020-07-29,Washington,53,57299,1642
2020-07-29,West Virginia,54,6326,112
2020-07-29,Wisconsin,55,55119,920
2020-07-29,Wyoming,56,2628,26
2020-07-30,Alabama,01,85762,1565
2020-07-30,Alaska,02,3557,21
2020-07-30,Arizona,04,170905,3628
2020-07-30,Arkansas,05,41759,442
2020-07-30,California,06,494269,9009
2020-07-30,Colorado,08,46338,1826
2020-07-30,Connecticut,09,49670,4431
2020-07-30,Delaware,10,14689,581
2020-07-30,District of Columbia,11,12057,584
2020-07-30,Florida,12,461371,6585
2020-07-30,Georgia,13,167545,3596
2020-07-30,Guam,66,1323,6
2020-07-30,Hawaii,15,1966,25
2020-07-30,Idaho,16,20378,180
2020-07-30,Illinois,17,178832,7677
2020-07-30,Indiana,18,66883,2946
2020-07-30,Iowa,19,44285,865
2020-07-30,Kansas,20,27244,357
2020-07-30,Kentucky,21,30132,748
2020-07-30,Louisiana,22,114595,3925
2020-07-30,Maine,23,3888,122
2020-07-30,Maryland,24,87740,3488
2020-07-30,Massachusetts,25,117098,8595
2020-07-30,Michigan,26,89926,6446
2020-07-30,Minnesota,27,53732,1634
2020-07-30,Mississippi,28,57579,1611
2020-07-30,Missouri,29,49671,1288
2020-07-30,Montana,30,3829,55
2020-07-30,Nebraska,31,25766,333
2020-07-30,Nevada,32,47034,805
2020-07-30,New Hampshire,33,6544,415
2020-07-30,New Jersey,34,182845,15809
2020-07-30,New Mexico,35,20388,635
2020-07-30,New York,36,419081,32362
2020-07-30,North Carolina,37,120391,1929
2020-07-30,North Dakota,38,6305,107
2020-07-30,Northern Mariana Islands,69,42,2
2020-07-30,Ohio,39,89626,3442
2020-07-30,Oklahoma,40,35710,536
2020-07-30,Oregon,41,18166,318
2020-07-30,Pennsylvania,42,115853,7248
2020-07-30,Puerto Rico,72,16572,214
2020-07-30,Rhode Island,44,18950,1007
2020-07-30,South Carolina,45,87572,1667
2020-07-30,South Dakota,46,8685,129
2020-07-30,Tennessee,47,100166,1022
2020-07-30,Texas,48,432134,6987
2020-07-30,Utah,49,39714,303
2020-07-30,Vermont,50,1407,57
2020-07-30,Virgin Islands,78,385,8
2020-07-30,Virginia,51,88904,2141
2020-07-30,Washington,53,58099,1652
2020-07-30,West Virginia,54,6422,115
2020-07-30,Wisconsin,55,56111,928
2020-07-30,Wyoming,56,2686,26
2020-07-31,Alabama,01,87723,1580
2020-07-31,Alaska,02,3675,21
2020-07-31,Arizona,04,174108,3695
2020-07-31,Arkansas,05,42511,453
2020-07-31,California,06,502273,9222
2020-07-31,Colorado,08,46948,1841
2020-07-31,Connecticut,09,49810,4432
2020-07-31,Delaware,10,14788,585
2020-07-31,District of Columbia,11,12126,585
2020-07-31,Florida,12,470378,6842
2020-07-31,Georgia,13,171342,3674
2020-07-31,Guam,66,1325,6
2020-07-31,Hawaii,15,2088,25
2020-07-31,Idaho,16,20853,193
2020-07-31,Illinois,17,180701,7703
2020-07-31,Indiana,18,67800,2965
2020-07-31,Iowa,19,44753,872
2020-07-31,Kansas,20,28121,358
2020-07-31,Kentucky,21,30981,753
2020-07-31,Louisiana,22,116394,3949
2020-07-31,Maine,23,3912,123
2020-07-31,Maryland,24,88907,3493
2020-07-31,Massachusetts,25,117612,8609
2020-07-31,Michigan,26,90752,6453
2020-07-31,Minnesota,27,54503,1640
2020-07-31,Mississippi,28,58747,1663
2020-07-31,Missouri,29,51074,1305
2020-07-31,Montana,30,3977,60
2020-07-31,Nebraska,31,26211,338
2020-07-31,Nevada,32,48142,831
2020-07-31,New Hampshire,33,6583,415
2020-07-31,New Jersey,34,183535,15819
2020-07-31,New Mexico,35,20600,642
2020-07-31,New York,36,419723,32372
2020-07-31,North Carolina,37,122370,1947
2020-07-31,North Dakota,38,6473,107
2020-07-31,Northern Mariana Islands,69,42,2
2020-07-31,Ohio,39,91159,3489
2020-07-31,Oklahoma,40,36456,541
2020-07-31,Oregon,41,18510,325
2020-07-31,Pennsylvania,42,116787,7261
2020-07-31,Puerto Rico,72,16781,219
2020-07-31,Rhode Island,44,19022,1007
2020-07-31,South Carolina,45,89016,1712
2020-07-31,South Dakota,46,8764,130
2020-07-31,Tennessee,47,103144,1047
2020-07-31,Texas,48,443090,7273
2020-07-31,Utah,49,40258,308
2020-07-31,Vermont,50,1414,57
2020-07-31,Virgin Islands,78,406,8
2020-07-31,Virginia,51,89888,2174
2020-07-31,Washington,53,58725,1653
2020-07-31,West Virginia,54,6642,116
2020-07-31,Wisconsin,55,57020,943
2020-07-31,Wyoming,56,2726,26
2020-08-01,Alabama,01,89349,1603
2020-08-01,Alaska,02,3825,22
2020-08-01,Arizona,04,177019,3753
2020-08-01,Arkansas,05,43173,458
2020-08-01,California,06,509507,9365
2020-08-01,Colorado,08,47357,1846
2020-08-01,Connecticut,09,49810,4432
2020-08-01,Delaware,10,14877,585
2020-08-01,District of Columbia,11,12205,585
2020-08-01,Florida,12,480020,7021
2020-08-01,Georgia,13,174834,3744
2020-08-01,Guam,66,1328,6
2020-08-01,Hawaii,15,2174,25
2020-08-01,Idaho,16,21231,197
2020-08-01,Illinois,17,182232,7707
2020-08-01,Indiana,18,68773,2971
2020-08-01,Iowa,19,45293,874
2020-08-01,Kansas,20,28147,358
2020-08-01,Kentucky,21,31612,758
2020-08-01,Louisiana,22,116394,3949
2020-08-01,Maine,23,3937,123
2020-08-01,Maryland,24,89925,3506
2020-08-01,Massachusetts,25,118040,8626
2020-08-01,Michigan,26,91450,6460
2020-08-01,Minnesota,27,55228,1646
2020-08-01,Mississippi,28,59881,1693
2020-08-01,Missouri,29,52012,1311
2020-08-01,Montana,30,4081,61
2020-08-01,Nebraska,31,26391,338
2020-08-01,Nevada,32,49207,832
2020-08-01,New Hampshire,33,6613,416
2020-08-01,New Jersey,34,183904,15830
2020-08-01,New Mexico,35,20796,651
2020-08-01,New York,36,420477,32390
2020-08-01,North Carolina,37,124015,1989
2020-08-01,North Dakota,38,6606,107
2020-08-01,Northern Mariana Islands,69,44,2
2020-08-01,Ohio,39,92087,3515
2020-08-01,Oklahoma,40,37706,549
2020-08-01,Oregon,41,18817,329
2020-08-01,Pennsylvania,42,117468,7270
2020-08-01,Puerto Rico,72,17872,225
2020-08-01,Rhode Island,44,19022,1007
2020-08-01,South Carolina,45,90599,1751
2020-08-01,South Dakota,46,8867,134
2020-08-01,Tennessee,47,105455,1056
2020-08-01,Texas,48,448224,7477
2020-08-01,Utah,49,40754,312
2020-08-01,Vermont,50,1421,57
2020-08-01,Virgin Islands,78,421,8
2020-08-01,Virginia,51,90801,2215
2020-08-01,Washington,53,59648,1675
2020-08-01,West Virginia,54,6735,116
2020-08-01,Wisconsin,55,58064,955
2020-08-01,Wyoming,56,2769,26
2020-08-02,Alabama,01,91444,1627
2020-08-02,Alaska,02,3982,22
2020-08-02,Arizona,04,178473,3769
2020-08-02,Arkansas,05,43810,464
2020-08-02,California,06,515937,9399
2020-08-02,Colorado,08,47799,1846
2020-08-02,Connecticut,09,49810,4432
2020-08-02,Delaware,10,14949,585
2020-08-02,District of Columbia,11,12274,586
2020-08-02,Florida,12,487124,7083
2020-08-02,Georgia,13,177556,3758
2020-08-02,Guam,66,1328,6
2020-08-02,Hawaii,15,2219,25
2020-08-02,Idaho,16,21465,197
2020-08-02,Illinois,17,183714,7718
2020-08-02,Indiana,18,69531,2975
2020-08-02,Iowa,19,45723,878
2020-08-02,Kansas,20,28341,361
2020-08-02,Kentucky,21,31966,759
2020-08-02,Louisiana,22,119861,4007
2020-08-02,Maine,23,3958,123
2020-08-02,Maryland,24,90835,3515
2020-08-02,Massachusetts,25,118458,8638
2020-08-02,Michigan,26,91857,6460
2020-08-02,Minnesota,27,55987,1654
2020-08-02,Mississippi,28,60553,1703
2020-08-02,Missouri,29,52577,1311
2020-08-02,Montana,30,4193,61
2020-08-02,Nebraska,31,26702,338
2020-08-02,Nevada,32,50270,833
2020-08-02,New Hampshire,33,6634,417
2020-08-02,New Jersey,34,184225,15836
2020-08-02,New Mexico,35,21016,654
2020-08-02,New York,36,421008,32401
2020-08-02,North Carolina,37,125281,1996
2020-08-02,North Dakota,38,6664,109
2020-08-02,Northern Mariana Islands,69,45,2
2020-08-02,Ohio,39,93031,3529
2020-08-02,Oklahoma,40,38201,550
2020-08-02,Oregon,41,19097,331
2020-08-02,Pennsylvania,42,118038,7274
2020-08-02,Puerto Rico,72,18411,230
2020-08-02,Rhode Island,44,19022,1007
2020-08-02,South Carolina,45,91788,1777
2020-08-02,South Dakota,46,8955,135
2020-08-02,Tennessee,47,106804,1062
2020-08-02,Texas,48,454759,7520
2020-08-02,Utah,49,41175,313
2020-08-02,Vermont,50,1426,57
2020-08-02,Virgin Islands,78,421,8
2020-08-02,Virginia,51,91782,2218
2020-08-02,Washington,53,60160,1679
2020-08-02,West Virginia,54,6854,117
2020-08-02,Wisconsin,55,58990,956
2020-08-02,Wyoming,56,2808,26
2020-08-03,Alabama,01,92661,1633
2020-08-03,Alaska,02,4062,23
2020-08-03,Arizona,04,179506,3785
2020-08-03,Arkansas,05,44597,475
2020-08-03,California,06,522235,9500
2020-08-03,Colorado,08,48119,1849
2020-08-03,Connecticut,09,50062,4437
2020-08-03,Delaware,10,15055,585
2020-08-03,District of Columbia,11,12313,586
2020-08-03,Florida,12,491876,7156
2020-08-03,Georgia,13,179510,3760
2020-08-03,Guam,66,1337,6
2020-08-03,Hawaii,15,2425,25
2020-08-03,Idaho,16,21838,202
2020-08-03,Illinois,17,185238,7728
2020-08-03,Indiana,18,70111,2980
2020-08-03,Iowa,19,45905,884
2020-08-03,Kansas,20,29200,366
2020-08-03,Kentucky,21,32500,762
2020-08-03,Louisiana,22,120960,4024
2020-08-03,Maine,23,3970,124
2020-08-03,Maryland,24,91705,3523
2020-08-03,Massachusetts,25,118657,8648
2020-08-03,Michigan,26,92503,6470
2020-08-03,Minnesota,27,56600,1656
2020-08-03,Mississippi,28,61125,1711
2020-08-03,Missouri,29,53676,1316
2020-08-03,Montana,30,4249,64
2020-08-03,Nebraska,31,26956,334
2020-08-03,Nevada,32,51236,847
2020-08-03,New Hampshire,33,6660,417
2020-08-03,New Jersey,34,184489,15846
2020-08-03,New Mexico,35,21130,655
2020-08-03,New York,36,421550,32413
2020-08-03,North Carolina,37,126748,2013
2020-08-03,North Dakota,38,6789,109
2020-08-03,Northern Mariana Islands,69,46,2
2020-08-03,Ohio,39,93963,3539
2020-08-03,Oklahoma,40,38586,551
2020-08-03,Oregon,41,19395,334
2020-08-03,Pennsylvania,42,118937,7276
2020-08-03,Puerto Rico,72,18791,230
2020-08-03,Rhode Island,44,19246,1010
2020-08-03,South Carolina,45,92951,1793
2020-08-03,South Dakota,46,9020,135
2020-08-03,Tennessee,47,107900,1078
2020-08-03,Texas,48,463541,7697
2020-08-03,Utah,49,41571,317
2020-08-03,Vermont,50,1427,57
2020-08-03,Virgin Islands,78,439,8
2020-08-03,Virginia,51,93106,2218
2020-08-03,Washington,53,61011,1684
2020-08-03,West Virginia,54,6973,117
2020-08-03,Wisconsin,55,59471,960
2020-08-03,Wyoming,56,2848,27
2020-08-04,Alabama,01,93702,1666
2020-08-04,Alaska,02,4123,23
2020-08-04,Arizona,04,180537,3850
2020-08-04,Arkansas,05,45381,490
2020-08-04,California,06,527258,9696
2020-08-04,Colorado,08,48492,1855
2020-08-04,Connecticut,09,50110,4437
2020-08-04,Delaware,10,15137,587
2020-08-04,District of Columbia,11,12398,587
2020-08-04,Florida,12,497322,7401
2020-08-04,Georgia,13,182462,3835
2020-08-04,Guam,66,1344,6
2020-08-04,Hawaii,15,2568,26
2020-08-04,Idaho,16,22357,214
2020-08-04,Illinois,17,186598,7747
2020-08-04,Indiana,18,70944,2996
2020-08-04,Iowa,19,46231,888
2020-08-04,Kansas,20,29259,367
2020-08-04,Kentucky,21,33209,769
2020-08-04,Louisiana,22,124575,4051
2020-08-04,Maine,23,3975,123
2020-08-04,Maryland,24,92416,3530
2020-08-04,Massachusetts,25,119203,8657
2020-08-04,Michigan,26,93293,6474
2020-08-04,Minnesota,27,57202,1660
2020-08-04,Mississippi,28,62199,1753
2020-08-04,Missouri,29,54890,1330
2020-08-04,Montana,30,4360,64
2020-08-04,Nebraska,31,27178,339
2020-08-04,Nevada,32,52256,862
2020-08-04,New Hampshire,33,6693,418
2020-08-04,New Jersey,34,184845,15857
2020-08-04,New Mexico,35,21340,658
2020-08-04,New York,36,422296,32422
2020-08-04,North Carolina,37,128236,2038
2020-08-04,North Dakota,38,6937,111
2020-08-04,Northern Mariana Islands,69,46,2
2020-08-04,Ohio,39,95106,3570
2020-08-04,Oklahoma,40,39452,566
2020-08-04,Oregon,41,19700,336
2020-08-04,Pennsylvania,42,119765,7296
2020-08-04,Puerto Rico,72,19324,237
2020-08-04,Rhode Island,44,19390,1011
2020-08-04,South Carolina,45,94190,1847
2020-08-04,South Dakota,46,9079,136
2020-08-04,Tennessee,47,109652,1103
2020-08-04,Texas,48,473105,7951
2020-08-04,Utah,49,42018,324
2020-08-04,Vermont,50,1431,57
2020-08-04,Virgin Islands,78,463,8
2020-08-04,Virginia,51,94251,2244
2020-08-04,Washington,53,61828,1705
2020-08-04,West Virginia,54,7051,124
2020-08-04,Wisconsin,55,60263,970
2020-08-04,Wyoming,56,2884,27
2020-08-05,Alabama,01,94654,1695
2020-08-05,Alaska,02,4181,23
2020-08-05,Arizona,04,182230,3933
2020-08-05,Arkansas,05,46293,508
2020-08-05,California,06,532776,9866
2020-08-05,Colorado,08,49143,1857
2020-08-05,Connecticut,09,50225,4437
2020-08-05,Delaware,10,15296,587
2020-08-05,District of Columbia,11,12443,587
2020-08-05,Florida,12,502731,7626
2020-08-05,Georgia,13,186395,3899
2020-08-05,Guam,66,1358,6
2020-08-05,Hawaii,15,2740,26
2020-08-05,Idaho,16,22854,218
2020-08-05,Illinois,17,188474,7776
2020-08-05,Indiana,18,71685,3007
2020-08-05,Iowa,19,46836,900
2020-08-05,Kansas,20,30047,371
2020-08-05,Kentucky,21,33823,771
2020-08-05,Louisiana,22,126061,4096
2020-08-05,Maine,23,3992,124
2020-08-05,Maryland,24,93000,3536
2020-08-05,Massachusetts,25,119643,8659
2020-08-05,Michigan,26,94045,6480
2020-08-05,Minnesota,27,57820,1670
2020-08-05,Mississippi,28,63444,1804
2020-08-05,Missouri,29,55951,1337
2020-08-05,Montana,30,4481,65
2020-08-05,Nebraska,31,27489,342
2020-08-05,Nevada,32,52919,891
2020-08-05,New Hampshire,33,6719,418
2020-08-05,New Jersey,34,185180,15842
2020-08-05,New Mexico,35,21566,667
2020-08-05,New York,36,422935,32431
2020-08-05,North Carolina,37,129454,2079
2020-08-05,North Dakota,38,7061,112
2020-08-05,Northern Mariana Islands,69,46,2
2020-08-05,Ohio,39,96305,3596
2020-08-05,Oklahoma,40,40555,583
2020-08-05,Oregon,41,19979,342
2020-08-05,Pennsylvania,42,120492,7310
2020-08-05,Puerto Rico,72,19651,246
2020-08-05,Rhode Island,44,19481,1012
2020-08-05,South Carolina,45,95472,1894
2020-08-05,South Dakota,46,9168,137
2020-08-05,Tennessee,47,111305,1130
2020-08-05,Texas,48,482467,8152
2020-08-05,Utah,49,42478,330
2020-08-05,Vermont,50,1436,57
2020-08-05,Virgin Islands,78,501,9
2020-08-05,Virginia,51,95049,2274
2020-08-05,Washington,53,62389,1704
2020-08-05,West Virginia,54,7159,124
2020-08-05,Wisconsin,55,61247,979
2020-08-05,Wyoming,56,2923,27
2020-08-06,Alabama,01,96592,1714
2020-08-06,Alaska,02,4221,23
2020-08-06,Arizona,04,183744,4005
2020-08-06,Arkansas,05,47028,515
2020-08-06,California,06,541013,10014
2020-08-06,Colorado,08,49633,1857
2020-08-06,Connecticut,09,50245,4437
2020-08-06,Delaware,10,15365,587
2020-08-06,District of Columbia,11,12518,587
2020-08-06,Florida,12,510381,7746
2020-08-06,Georgia,13,189300,3942
2020-08-06,Guam,66,1366,6
2020-08-06,Hawaii,15,2891,28
2020-08-06,Idaho,16,23510,227
2020-08-06,Illinois,17,190465,7796
2020-08-06,Indiana,18,72741,3013
2020-08-06,Iowa,19,47559,912
2020-08-06,Kansas,20,30153,376
2020-08-06,Kentucky,21,34435,780
2020-08-06,Louisiana,22,127364,4146
2020-08-06,Maine,23,3997,124
2020-08-06,Maryland,24,93598,3551
2020-08-06,Massachusetts,25,119874,8691
2020-08-06,Michigan,26,94819,6508
2020-08-06,Minnesota,27,58681,1677
2020-08-06,Mississippi,28,64400,1825
2020-08-06,Missouri,29,57175,1349
2020-08-06,Montana,30,4621,66
2020-08-06,Nebraska,31,27821,347
2020-08-06,Nevada,32,53705,901
2020-08-06,New Hampshire,33,6742,419
2020-08-06,New Jersey,34,185554,15849
2020-08-06,New Mexico,35,21773,669
2020-08-06,New York,36,423629,32329
2020-08-06,North Carolina,37,131478,2122
2020-08-06,North Dakota,38,7181,113
2020-08-06,Northern Mariana Islands,69,47,2
2020-08-06,Ohio,39,97471,3618
2020-08-06,Oklahoma,40,41395,593
2020-08-06,Oregon,41,20250,343
2020-08-06,Pennsylvania,42,121294,7340
2020-08-06,Puerto Rico,72,19934,258
2020-08-06,Rhode Island,44,19611,1014
2020-08-06,South Carolina,45,96797,1943
2020-08-06,South Dakota,46,9273,141
2020-08-06,Tennessee,47,113519,1170
2020-08-06,Texas,48,490102,8400
2020-08-06,Utah,49,43032,332
2020-08-06,Vermont,50,1445,58
2020-08-06,Virgin Islands,78,522,9
2020-08-06,Virginia,51,95867,2299
2020-08-06,Washington,53,63056,1715
2020-08-06,West Virginia,54,7277,124
2020-08-06,Wisconsin,55,62139,988
2020-08-06,Wyoming,56,2958,27
2020-08-07,Alabama,01,98301,1735
2020-08-07,Alaska,02,4286,23
2020-08-07,Arizona,04,185104,4085
2020-08-07,Arkansas,05,48039,521
2020-08-07,California,06,548142,10197
2020-08-07,Colorado,08,50081,1862
2020-08-07,Connecticut,09,50320,4441
2020-08-07,Delaware,10,15445,588
2020-08-07,District of Columbia,11,12589,589
2020-08-07,Florida,12,518067,7926
2020-08-07,Georgia,13,193276,4029
2020-08-07,Guam,66,1380,6
2020-08-07,Hawaii,15,3092,30
2020-08-07,Idaho,16,24073,231
2020-08-07,Illinois,17,192482,7833
2020-08-07,Indiana,18,73986,3023
2020-08-07,Iowa,19,47920,915
2020-08-07,Kansas,20,30966,380
2020-08-07,Kentucky,21,35147,785
2020-08-07,Louisiana,22,128864,4207
2020-08-07,Maine,23,4014,124
2020-08-07,Maryland,24,94395,3565
2020-08-07,Massachusetts,25,120291,8709
2020-08-07,Michigan,26,95632,6527
2020-08-07,Minnesota,27,59226,1681
2020-08-07,Mississippi,28,65436,1848
2020-08-07,Missouri,29,58321,1374
2020-08-07,Montana,30,4771,71
2020-08-07,Nebraska,31,28104,352
2020-08-07,Nevada,32,54633,920
2020-08-07,New Hampshire,33,6779,419
2020-08-07,New Jersey,34,185914,15860
2020-08-07,New Mexico,35,21965,675
2020-08-07,New York,36,424349,32336
2020-08-07,North Carolina,37,133033,2160
2020-08-07,North Dakota,38,7331,114
2020-08-07,Northern Mariana Islands,69,47,2
2020-08-07,Ohio,39,98675,3652
2020-08-07,Oklahoma,40,42234,600
2020-08-07,Oregon,41,20658,351
2020-08-07,Pennsylvania,42,122078,7360
2020-08-07,Puerto Rico,72,20686,265
2020-08-07,Rhode Island,44,19738,1014
2020-08-07,South Carolina,45,98219,1962
2020-08-07,South Dakota,46,9371,144
2020-08-07,Tennessee,47,115940,1190
2020-08-07,Texas,48,498266,8680
2020-08-07,Utah,49,43530,337
2020-08-07,Vermont,50,1448,58
2020-08-07,Virgin Islands,78,528,9
2020-08-07,Virginia,51,97882,2317
2020-08-07,Washington,53,63975,1743
2020-08-07,West Virginia,54,7433,127
2020-08-07,Wisconsin,55,63256,1001
2020-08-07,Wyoming,56,3000,28
2020-08-08,Alabama,01,100173,1755
2020-08-08,Alaska,02,4371,24
2020-08-08,Arizona,04,186226,4140
2020-08-08,Arkansas,05,48811,535
2020-08-08,California,06,556158,10299
2020-08-08,Colorado,08,50491,1862
2020-08-08,Connecticut,09,50320,4441
2020-08-08,Delaware,10,15502,590
2020-08-08,District of Columbia,11,12653,590
2020-08-08,Florida,12,526569,8108
2020-08-08,Georgia,13,197308,4095
2020-08-08,Guam,66,1381,6
2020-08-08,Hawaii,15,3323,30
2020-08-08,Idaho,16,24593,236
2020-08-08,Illinois,17,194531,7846
2020-08-08,Indiana,18,75025,3036
2020-08-08,Iowa,19,48311,926
2020-08-08,Kansas,20,30992,380
2020-08-08,Kentucky,21,35986,790
2020-08-08,Louisiana,22,128864,4207
2020-08-08,Maine,23,4026,125
2020-08-08,Maryland,24,95157,3577
2020-08-08,Massachusetts,25,120711,8721
2020-08-08,Michigan,26,96328,6521
2020-08-08,Minnesota,27,60142,1689
2020-08-08,Mississippi,28,66646,1874
2020-08-08,Missouri,29,58710,1381
2020-08-08,Montana,30,4889,75
2020-08-08,Nebraska,31,28245,353
2020-08-08,Nevada,32,55481,949
2020-08-08,New Hampshire,33,6818,419
2020-08-08,New Jersey,34,186282,15869
2020-08-08,New Mexico,35,22115,681
2020-08-08,New York,36,425055,32345
2020-08-08,North Carolina,37,134915,2184
2020-08-08,North Dakota,38,7512,116
2020-08-08,Northern Mariana Islands,69,48,2
2020-08-08,Ohio,39,99969,3668
2020-08-08,Oklahoma,40,43070,603
2020-08-08,Oregon,41,21011,358
2020-08-08,Pennsylvania,42,122666,7372
2020-08-08,Puerto Rico,72,21424,274
2020-08-08,Rhode Island,44,19738,1014
2020-08-08,South Carolina,45,99460,2007
2020-08-08,South Dakota,46,9477,146
2020-08-08,Tennessee,47,117725,1201
2020-08-08,Texas,48,504605,8885
2020-08-08,Utah,49,43821,336
2020-08-08,Vermont,50,1454,58
2020-08-08,Virgin Islands,78,528,9
2020-08-08,Virginia,51,99189,2322
2020-08-08,Washington,53,64346,1751
2020-08-08,West Virginia,54,7563,131
2020-08-08,Wisconsin,55,64231,1007
2020-08-08,Wyoming,56,3013,28
2020-08-09,Alabama,01,101334,1768
2020-08-09,Alaska,02,4471,24
2020-08-09,Arizona,04,187086,4152
2020-08-09,Arkansas,05,49383,544
2020-08-09,California,06,563244,10365
2020-08-09,Colorado,08,50799,1863
2020-08-09,Connecticut,09,50320,4441
2020-08-09,Delaware,10,15575,591
2020-08-09,District of Columbia,11,12753,591
2020-08-09,Florida,12,532798,8185
2020-08-09,Georgia,13,200147,4108
2020-08-09,Guam,66,1381,6
2020-08-09,Hawaii,15,3475,30
2020-08-09,Idaho,16,24797,237
2020-08-09,Illinois,17,195897,7852
2020-08-09,Indiana,18,76071,3041
2020-08-09,Iowa,19,48919,931
2020-08-09,Kansas,20,31145,380
2020-08-09,Kentucky,21,36316,790
2020-08-09,Louisiana,22,131517,4263
2020-08-09,Maine,23,4042,125
2020-08-09,Maryland,24,96065,3585
2020-08-09,Massachusetts,25,121040,8735
2020-08-09,Michigan,26,96835,6520
2020-08-09,Minnesota,27,60939,1698
2020-08-09,Mississippi,28,67173,1896
2020-08-09,Missouri,29,59895,1386
2020-08-09,Montana,30,4952,75
2020-08-09,Nebraska,31,28432,353
2020-08-09,Nevada,32,56278,959
2020-08-09,New Hampshire,33,6831,419
2020-08-09,New Jersey,34,186626,15874
2020-08-09,New Mexico,35,22315,685
2020-08-09,New York,36,425568,32354
2020-08-09,North Carolina,37,136250,2195
2020-08-09,North Dakota,38,7600,116
2020-08-09,Northern Mariana Islands,69,48,2
2020-08-09,Ohio,39,100848,3669
2020-08-09,Oklahoma,40,43561,603
2020-08-09,Oregon,41,21272,359
2020-08-09,Pennsylvania,42,123312,7374
2020-08-09,Puerto Rico,72,22121,279
2020-08-09,Rhode Island,44,19738,1014
2020-08-09,South Carolina,45,100435,2031
2020-08-09,South Dakota,46,9605,146
2020-08-09,Tennessee,47,119788,1209
2020-08-09,Texas,48,510392,8984
2020-08-09,Utah,49,44130,337
2020-08-09,Vermont,50,1459,58
2020-08-09,Virgin Islands,78,547,9
2020-08-09,Virginia,51,100086,2326
2020-08-09,Washington,53,65248,1773
2020-08-09,West Virginia,54,7694,139
2020-08-09,Wisconsin,55,64835,1009
2020-08-09,Wyoming,56,3050,28
2020-08-10,Alabama,01,103020,1797
2020-08-10,Alaska,02,4537,24
2020-08-10,Arizona,04,187634,4157
2020-08-10,Arkansas,05,50028,555
2020-08-10,California,06,574267,10460
2020-08-10,Colorado,08,51104,1868
2020-08-10,Connecticut,09,50567,4444
2020-08-10,Delaware,10,15634,591
2020-08-10,District of Columbia,11,12807,591
2020-08-10,Florida,12,536953,8276
2020-08-10,Georgia,13,202276,4138
2020-08-10,Guam,66,1387,6
2020-08-10,Hawaii,15,3615,33
2020-08-10,Idaho,16,25267,239
2020-08-10,Illinois,17,197326,7854
2020-08-10,Indiana,18,76734,3044
2020-08-10,Iowa,19,49164,935
2020-08-10,Kansas,20,32094,387
2020-08-10,Kentucky,21,36739,794
2020-08-10,Louisiana,22,132079,4287
2020-08-10,Maine,23,4049,125
2020-08-10,Maryland,24,96821,3591
2020-08-10,Massachusetts,25,121315,8741
2020-08-10,Michigan,26,97472,6527
2020-08-10,Minnesota,27,61557,1701
2020-08-10,Mississippi,28,67649,1912
2020-08-10,Missouri,29,60882,1397
2020-08-10,Montana,30,5032,75
2020-08-10,Nebraska,31,28696,354
2020-08-10,Nevada,32,57022,963
2020-08-10,New Hampshire,33,6840,419
2020-08-10,New Jersey,34,186884,15878
2020-08-10,New Mexico,35,22444,690
2020-08-10,New York,36,426046,32361
2020-08-10,North Carolina,37,137006,2198
2020-08-10,North Dakota,38,7717,117
2020-08-10,Northern Mariana Islands,69,49,2
2020-08-10,Ohio,39,101731,3673
2020-08-10,Oklahoma,40,43962,605
2020-08-10,Oregon,41,21488,362
2020-08-10,Pennsylvania,42,124269,7378
2020-08-10,Puerto Rico,72,22821,279
2020-08-10,Rhode Island,44,19934,1015
2020-08-10,South Carolina,45,101159,2049
2020-08-10,South Dakota,46,9663,146
2020-08-10,Tennessee,47,120967,1223
2020-08-10,Texas,48,517182,9064
2020-08-10,Utah,49,44487,346
2020-08-10,Vermont,50,1462,58
2020-08-10,Virgin Islands,78,576,9
2020-08-10,Virginia,51,100749,2327
2020-08-10,Washington,53,66225,1780
2020-08-10,West Virginia,54,7754,141
2020-08-10,Wisconsin,55,65427,1009
2020-08-10,Wyoming,56,3042,28
2020-08-11,Alabama,01,103851,1847
2020-08-11,Alaska,02,4587,24
2020-08-11,Arizona,04,188780,4205
2020-08-11,Arkansas,05,50411,566
2020-08-11,California,06,586078,10654
2020-08-11,Colorado,08,51487,1878
2020-08-11,Connecticut,09,50684,4444
2020-08-11,Delaware,10,15699,591
2020-08-11,District of Columbia,11,12896,593
2020-08-11,Florida,12,542784,8552
2020-08-11,Georgia,13,205920,4255
2020-08-11,Guam,66,1403,6
2020-08-11,Hawaii,15,3733,35
2020-08-11,Idaho,16,25767,248
2020-08-11,Illinois,17,198919,7879
2020-08-11,Indiana,18,77625,3069
2020-08-11,Iowa,19,49521,946
2020-08-11,Kansas,20,32181,388
2020-08-11,Kentucky,21,37437,803
2020-08-11,Louisiana,22,133243,4313
2020-08-11,Maine,23,4050,126
2020-08-11,Maryland,24,97403,3604
2020-08-11,Massachusetts,25,121707,8751
2020-08-11,Michigan,26,98361,6534
2020-08-11,Minnesota,27,61880,1707
2020-08-11,Mississippi,28,68293,1944
2020-08-11,Missouri,29,61949,1402
2020-08-11,Montana,30,5125,77
2020-08-11,Nebraska,31,29030,357
2020-08-11,Nevada,32,57608,982
2020-08-11,New Hampshire,33,6861,419
2020-08-11,New Jersey,34,187328,15890
2020-08-11,New Mexico,35,22643,693
2020-08-11,New York,36,426713,32372
2020-08-11,North Carolina,37,138074,2238
2020-08-11,North Dakota,38,7889,122
2020-08-11,Northern Mariana Islands,69,49,2
2020-08-11,Ohio,39,102826,3708
2020-08-11,Oklahoma,40,44725,618
2020-08-11,Oregon,41,21782,372
2020-08-11,Pennsylvania,42,125061,7404
2020-08-11,Puerto Rico,72,23403,287
2020-08-11,Rhode Island,44,20053,1016
2020-08-11,South Carolina,45,102130,2098
2020-08-11,South Dakota,46,9713,146
2020-08-11,Tennessee,47,122003,1259
2020-08-11,Texas,48,524898,9311
2020-08-11,Utah,49,44836,350
2020-08-11,Vermont,50,1472,58
2020-08-11,Virgin Islands,78,639,9
2020-08-11,Virginia,51,101745,2344
2020-08-11,Washington,53,66619,1785
2020-08-11,West Virginia,54,7875,147
2020-08-11,Wisconsin,55,66146,1017
2020-08-11,Wyoming,56,3073,29
2020-08-12,Alabama,01,104786,1882
2020-08-12,Alaska,02,4653,25
2020-08-12,Arizona,04,189522,4348
2020-08-12,Arkansas,05,51114,573
2020-08-12,California,06,595097,10808
2020-08-12,Colorado,08,51847,1881
2020-08-12,Connecticut,09,50706,4450
2020-08-12,Delaware,10,15765,592
2020-08-12,District of Columbia,11,12959,593
2020-08-12,Florida,12,550893,8764
2020-08-12,Georgia,13,209683,4360
2020-08-12,Guam,66,1418,6
2020-08-12,Hawaii,15,3935,37
2020-08-12,Idaho,16,26280,251
2020-08-12,Illinois,17,200648,7907
2020-08-12,Indiana,18,78337,3086
2020-08-12,Iowa,19,49973,953
2020-08-12,Kansas,20,32977,397
2020-08-12,Kentucky,21,38546,809
2020-08-12,Louisiana,22,134427,4361
2020-08-12,Maine,23,4070,126
2020-08-12,Maryland,24,97959,3612
2020-08-12,Massachusetts,25,122000,8769
2020-08-12,Michigan,26,98825,6541
2020-08-12,Minnesota,27,62349,1724
2020-08-12,Mississippi,28,69374,1989
2020-08-12,Missouri,29,63372,1408
2020-08-12,Montana,30,5292,80
2020-08-12,Nebraska,31,29244,359
2020-08-12,Nevada,32,58132,999
2020-08-12,New Hampshire,33,6887,420
2020-08-12,New Jersey,34,187777,15885
2020-08-12,New Mexico,35,22816,695
2020-08-12,New York,36,427419,32384
2020-08-12,North Carolina,37,139413,2277
2020-08-12,North Dakota,38,7974,124
2020-08-12,Northern Mariana Islands,69,49,2
2020-08-12,Ohio,39,104248,3734
2020-08-12,Oklahoma,40,45392,627
2020-08-12,Oregon,41,22029,378
2020-08-12,Pennsylvania,42,125965,7447
2020-08-12,Puerto Rico,72,24074,295
2020-08-12,Rhode Island,44,20129,1018
2020-08-12,South Carolina,45,102974,2144
2020-08-12,South Dakota,46,9815,147
2020-08-12,Tennessee,47,123489,1274
2020-08-12,Texas,48,531825,9645
2020-08-12,Utah,49,45181,355
2020-08-12,Vermont,50,1478,58
2020-08-12,Virgin Islands,78,639,9
2020-08-12,Virginia,51,102521,2352
2020-08-12,Washington,53,67170,1788
2020-08-12,West Virginia,54,8008,153
2020-08-12,Wisconsin,55,66705,1022
2020-08-12,Wyoming,56,3086,29
2020-08-13,Alabama,01,105557,1890
2020-08-13,Alaska,02,4748,25
2020-08-13,Arizona,04,190850,4385
2020-08-13,Arkansas,05,51766,582
2020-08-13,California,06,603212,10995
2020-08-13,Colorado,08,52242,1886
2020-08-13,Connecticut,09,50782,4450
2020-08-13,Delaware,10,15967,593
2020-08-13,District of Columbia,11,13024,594
2020-08-13,Florida,12,557129,8912
2020-08-13,Georgia,13,212009,4440
2020-08-13,Guam,66,1446,6
2020-08-13,Hawaii,15,4289,39
2020-08-13,Idaho,16,26814,256
2020-08-13,Illinois,17,202577,7934
2020-08-13,Indiana,18,79404,3105
2020-08-13,Iowa,19,50678,964
2020-08-13,Kansas,20,33087,403
2020-08-13,Kentucky,21,39306,817
2020-08-13,Louisiana,22,135562,4402
2020-08-13,Maine,23,4089,126
2020-08-13,Maryland,24,98728,3620
2020-08-13,Massachusetts,25,122423,8790
2020-08-13,Michigan,26,99963,6556
2020-08-13,Minnesota,27,63039,1731
2020-08-13,Mississippi,28,69986,2011
2020-08-13,Missouri,29,64933,1417
2020-08-13,Montana,30,5430,81
2020-08-13,Nebraska,31,29660,362
2020-08-13,Nevada,32,58812,1030
2020-08-13,New Hampshire,33,6921,422
2020-08-13,New Jersey,34,188433,15893
2020-08-13,New Mexico,35,22987,697
2020-08-13,New York,36,428155,32399
2020-08-13,North Carolina,37,141006,2313
2020-08-13,North Dakota,38,8175,124
2020-08-13,Northern Mariana Islands,69,49,2
2020-08-13,Ohio,39,105426,3755
2020-08-13,Oklahoma,40,46101,638
2020-08-13,Oregon,41,22315,387
2020-08-13,Pennsylvania,42,126950,7474
2020-08-13,Puerto Rico,72,24446,306
2020-08-13,Rhode Island,44,20240,1019
2020-08-13,South Carolina,45,103909,2186
2020-08-13,South Dakota,46,9897,148
2020-08-13,Tennessee,47,125487,1300
2020-08-13,Texas,48,538805,9879
2020-08-13,Utah,49,45537,358
2020-08-13,Vermont,50,1484,58
2020-08-13,Virgin Islands,78,704,9
2020-08-13,Virginia,51,103622,2363
2020-08-13,Washington,53,68095,1822
2020-08-13,West Virginia,54,8151,153
2020-08-13,Wisconsin,55,67781,1029
2020-08-13,Wyoming,56,3119,29
2020-08-14,Alabama,01,106309,1893
2020-08-14,Alaska,02,4867,25
2020-08-14,Arizona,04,191810,4426
2020-08-14,Arkansas,05,52392,587
2020-08-14,California,06,613243,11146
2020-08-14,Colorado,08,52587,1892
2020-08-14,Connecticut,09,50897,4453
2020-08-14,Delaware,10,16340,593
2020-08-14,District of Columbia,11,13118,594
2020-08-14,Florida,12,563277,9140
2020-08-14,Georgia,13,215328,4474
2020-08-14,Guam,66,1471,6
2020-08-14,Hawaii,15,4520,39
2020-08-14,Idaho,16,27312,267
2020-08-14,Illinois,17,204827,7953
2020-08-14,Indiana,18,80507,3113
2020-08-14,Iowa,19,51272,972
2020-08-14,Kansas,20,34246,404
2020-08-14,Kentucky,21,40012,822
2020-08-14,Louisiana,22,136860,4430
2020-08-14,Maine,23,4115,126
2020-08-14,Maryland,24,99430,3631
2020-08-14,Massachusetts,25,122728,8810
2020-08-14,Michigan,26,100813,6567
2020-08-14,Minnesota,27,63769,1739
2020-08-14,Mississippi,28,70930,2043
2020-08-14,Missouri,29,66305,1425
2020-08-14,Montana,30,5564,82
2020-08-14,Nebraska,31,29988,363
2020-08-14,Nevada,32,59800,1045
2020-08-14,New Hampshire,33,6964,423
2020-08-14,New Jersey,34,189003,15903
2020-08-14,New Mexico,35,23160,703
2020-08-14,New York,36,428879,32407
2020-08-14,North Carolina,37,142544,2344
2020-08-14,North Dakota,38,8326,125
2020-08-14,Northern Mariana Islands,69,50,2
2020-08-14,Ohio,39,106557,3784
2020-08-14,Oklahoma,40,46893,644
2020-08-14,Oregon,41,22614,388
2020-08-14,Pennsylvania,42,127774,7513
2020-08-14,Puerto Rico,72,25128,317
2020-08-14,Rhode Island,44,20335,1021
2020-08-14,South Carolina,45,104841,2204
2020-08-14,South Dakota,46,10024,150
2020-08-14,Tennessee,47,127465,1312
2020-08-14,Texas,48,547670,10195
2020-08-14,Utah,49,46048,362
2020-08-14,Vermont,50,1501,58
2020-08-14,Virgin Islands,78,734,9
2020-08-14,Virginia,51,104838,2370
2020-08-14,Washington,53,68581,1825
2020-08-14,West Virginia,54,8274,157
2020-08-14,Wisconsin,55,68761,1035
2020-08-14,Wyoming,56,3183,30
2020-08-15,Alabama,01,107580,1896
2020-08-15,Alaska,02,4952,26
2020-08-15,Arizona,04,192670,4497
2020-08-15,Arkansas,05,51992,600
2020-08-15,California,06,621981,11229
2020-08-15,Colorado,08,52868,1897
2020-08-15,Connecticut,09,50897,4453
2020-08-15,Delaware,10,16396,593
2020-08-15,District of Columbia,11,13159,597
2020-08-15,Florida,12,569629,9344
2020-08-15,Georgia,13,218344,4568
2020-08-15,Guam,66,1471,6
2020-08-15,Hawaii,15,4802,39
2020-08-15,Idaho,16,27620,269
2020-08-15,Illinois,17,206505,7959
2020-08-15,Indiana,18,81561,3128
2020-08-15,Iowa,19,52065,975
2020-08-15,Kansas,20,34294,406
2020-08-15,Kentucky,21,40677,829
2020-08-15,Louisiana,22,136860,4430
2020-08-15,Maine,23,4144,127
2020-08-15,Maryland,24,100237,3636
2020-08-15,Massachusetts,25,123199,8826
2020-08-15,Michigan,26,101831,6586
2020-08-15,Minnesota,27,64459,1745
2020-08-15,Mississippi,28,71755,2080
2020-08-15,Missouri,29,67442,1431
2020-08-15,Montana,30,5663,82
2020-08-15,Nebraska,31,30241,363
2020-08-15,Nevada,32,60648,1070
2020-08-15,New Hampshire,33,6980,423
2020-08-15,New Jersey,34,189281,15910
2020-08-15,New Mexico,35,23302,711
2020-08-15,New York,36,429617,32414
2020-08-15,North Carolina,37,143956,2370
2020-08-15,North Dakota,38,8448,125
2020-08-15,Northern Mariana Islands,69,50,2
2020-08-15,Ohio,39,107674,3824
2020-08-15,Oklahoma,40,47798,657
2020-08-15,Oregon,41,23018,389
2020-08-15,Pennsylvania,42,128531,7525
2020-08-15,Puerto Rico,72,25695,329
2020-08-15,Rhode Island,44,20335,1021
2020-08-15,South Carolina,45,105882,2260
2020-08-15,South Dakota,46,10118,152
2020-08-15,Tennessee,47,128771,1331
2020-08-15,Texas,48,555343,10379
2020-08-15,Utah,49,46413,364
2020-08-15,Vermont,50,1509,58
2020-08-15,Virgin Islands,78,734,9
2020-08-15,Virginia,51,105750,2381
2020-08-15,Washington,53,69136,1842
2020-08-15,West Virginia,54,8457,160
2020-08-15,Wisconsin,55,69560,1047
2020-08-15,Wyoming,56,3227,30
2020-08-16,Alabama,01,108433,1898
2020-08-16,Alaska,02,5058,26
2020-08-16,Arizona,04,193554,4509
2020-08-16,Arkansas,05,52665,599
2020-08-16,California,06,628508,11245
2020-08-16,Colorado,08,53188,1897
2020-08-16,Connecticut,09,50897,4453
2020-08-16,Delaware,10,16451,593
2020-08-16,District of Columbia,11,13220,597
2020-08-16,Florida,12,573408,9451
2020-08-16,Georgia,13,220165,4600
2020-08-16,Guam,66,1471,6
2020-08-16,Hawaii,15,5019,39
2020-08-16,Idaho,16,27794,269
2020-08-16,Illinois,17,208068,7973
2020-08-16,Indiana,18,82304,3133
2020-08-16,Iowa,19,52447,975
2020-08-16,Kansas,20,34495,406
2020-08-16,Kentucky,21,40883,832
2020-08-16,Louisiana,22,138041,4507
2020-08-16,Maine,23,4168,127
2020-08-16,Maryland,24,100772,3639
2020-08-16,Massachusetts,25,123593,8838
2020-08-16,Michigan,26,102323,6592
2020-08-16,Minnesota,27,65198,1752
2020-08-16,Mississippi,28,72136,2084
2020-08-16,Missouri,29,68493,1436
2020-08-16,Montana,30,5751,82
2020-08-16,Nebraska,31,30372,363
2020-08-16,Nevada,32,61374,1074
2020-08-16,New Hampshire,33,6988,423
2020-08-16,New Jersey,34,189294,15912
2020-08-16,New Mexico,35,23408,714
2020-08-16,New York,36,430226,32424
2020-08-16,North Carolina,37,145111,2372
2020-08-16,North Dakota,38,8591,129
2020-08-16,Northern Mariana Islands,69,50,2
2020-08-16,Ohio,39,108287,3826
2020-08-16,Oklahoma,40,48342,661
2020-08-16,Oregon,41,23262,388
2020-08-16,Pennsylvania,42,129075,7532
2020-08-16,Puerto Rico,72,26006,335
2020-08-16,Rhode Island,44,20335,1021
2020-08-16,South Carolina,45,106497,2269
2020-08-16,South Dakota,46,10274,153
2020-08-16,Tennessee,47,130620,1349
2020-08-16,Texas,48,563464,10498
2020-08-16,Utah,49,46652,364
2020-08-16,Vermont,50,1515,58
2020-08-16,Virgin Islands,78,741,9
2020-08-16,Virginia,51,106687,2381
2020-08-16,Washington,53,69894,1861
2020-08-16,West Virginia,54,8564,160
2020-08-16,Wisconsin,55,70246,1048
2020-08-16,Wyoming,56,3286,30
2020-08-17,Alabama,01,109004,1925
2020-08-17,Alaska,02,5108,26
2020-08-17,Arizona,04,194027,4509
2020-08-17,Arkansas,05,53077,603
2020-08-17,California,06,634991,11334
2020-08-17,Colorado,08,53391,1903
2020-08-17,Connecticut,09,51267,4456
2020-08-17,Delaware,10,16536,593
2020-08-17,District of Columbia,11,13273,597
2020-08-17,Florida,12,576086,9538
2020-08-17,Georgia,13,221841,4624
2020-08-17,Guam,66,1527,6
2020-08-17,Hawaii,15,5192,39
2020-08-17,Idaho,16,28113,275
2020-08-17,Illinois,17,209942,7990
2020-08-17,Indiana,18,82909,3135
2020-08-17,Iowa,19,52829,987
2020-08-17,Kansas,20,35544,410
2020-08-17,Kentucky,21,41610,839
2020-08-17,Louisiana,22,138608,4526
2020-08-17,Maine,23,4197,127
2020-08-17,Maryland,24,101276,3641
2020-08-17,Massachusetts,25,123841,8842
2020-08-17,Michigan,26,102872,6592
2020-08-17,Minnesota,27,65762,1758
2020-08-17,Mississippi,28,72412,2095
2020-08-17,Missouri,29,69888,1468
2020-08-17,Montana,30,5810,82
2020-08-17,Nebraska,31,30563,363
2020-08-17,Nevada,32,62022,1077
2020-08-17,New Hampshire,33,7004,423
2020-08-17,New Jersey,34,189606,15916
2020-08-17,New Mexico,35,23500,718
2020-08-17,New York,36,430636,32435
2020-08-17,North Carolina,37,145942,2384
2020-08-17,North Dakota,38,8651,130
2020-08-17,Northern Mariana Islands,69,53,2
2020-08-17,Ohio,39,109062,3832
2020-08-17,Oklahoma,40,48711,665
2020-08-17,Oregon,41,23461,391
2020-08-17,Pennsylvania,42,129686,7535
2020-08-17,Puerto Rico,72,26760,335
2020-08-17,Rhode Island,44,20572,1023
2020-08-17,South Carolina,45,106953,2288
2020-08-17,South Dakota,46,10360,153
2020-08-17,Tennessee,47,131742,1370
2020-08-17,Texas,48,569058,10559
2020-08-17,Utah,49,46936,366
2020-08-17,Vermont,50,1527,58
2020-08-17,Virgin Islands,78,760,9
2020-08-17,Virginia,51,107421,2385
2020-08-17,Washington,53,70509,1869
2020-08-17,West Virginia,54,8632,160
2020-08-17,Wisconsin,55,70796,1050
2020-08-17,Wyoming,56,3331,33
2020-08-18,Alabama,01,110361,1936
2020-08-18,Alaska,02,5175,27
2020-08-18,Arizona,04,194931,4535
2020-08-18,Arkansas,05,53487,619
2020-08-18,California,06,640499,11523
2020-08-18,Colorado,08,53674,1906
2020-08-18,Connecticut,09,51255,4456
2020-08-18,Delaware,10,16593,593
2020-08-18,District of Columbia,11,13325,599
2020-08-18,Florida,12,579924,9757
2020-08-18,Georgia,13,224681,4691
2020-08-18,Guam,66,1546,6
2020-08-18,Hawaii,15,5326,40
2020-08-18,Idaho,16,28486,283
2020-08-18,Illinois,17,211806,8017
2020-08-18,Indiana,18,83799,3165
2020-08-18,Iowa,19,53201,1002
2020-08-18,Kansas,20,35632,415
2020-08-18,Kentucky,21,42270,858
2020-08-18,Louisiana,22,139248,4554
2020-08-18,Maine,23,4213,127
2020-08-18,Maryland,24,101780,3650
2020-08-18,Massachusetts,25,124063,8848
2020-08-18,Michigan,26,103527,6607
2020-08-18,Minnesota,27,66107,1767
2020-08-18,Mississippi,28,73207,2128
2020-08-18,Missouri,29,70759,1477
2020-08-18,Montana,30,5867,84
2020-08-18,Nebraska,31,30825,370
2020-08-18,Nevada,32,62752,1102
2020-08-18,New Hampshire,33,7017,424
2020-08-18,New Jersey,34,189937,15925
2020-08-18,New Mexico,35,23579,723
2020-08-18,New York,36,431298,32446
2020-08-18,North Carolina,37,147141,2425
2020-08-18,North Dakota,38,8786,132
2020-08-18,Northern Mariana Islands,69,54,2
2020-08-18,Ohio,39,109923,3871
2020-08-18,Oklahoma,40,49326,682
2020-08-18,Oregon,41,23685,399
2020-08-18,Pennsylvania,42,130286,7561
2020-08-18,Puerto Rico,72,27713,346
2020-08-18,Rhode Island,44,20692,1024
2020-08-18,South Carolina,45,107672,2343
2020-08-18,South Dakota,46,10443,154
2020-08-18,Tennessee,47,132796,1410
2020-08-18,Texas,48,577220,10798
2020-08-18,Utah,49,47285,372
2020-08-18,Vermont,50,1530,58
2020-08-18,Virgin Islands,78,796,9
2020-08-18,Virginia,51,108282,2396
2020-08-18,Washington,53,71032,1895
2020-08-18,West Virginia,54,8731,164
2020-08-18,Wisconsin,55,71517,1063
2020-08-18,Wyoming,56,3360,34
2020-08-19,Alabama,01,111478,1944
2020-08-19,Alaska,02,5245,27
2020-08-19,Arizona,04,195568,4643
2020-08-19,Arkansas,05,54216,631
2020-08-19,California,06,646742,11686
2020-08-19,Colorado,08,53943,1906
2020-08-19,Connecticut,09,51314,4457
2020-08-19,Delaware,10,16643,595
2020-08-19,District of Columbia,11,13354,600
2020-08-19,Florida,12,584039,9931
2020-08-19,Georgia,13,227255,4744
2020-08-19,Guam,66,1568,6
2020-08-19,Hawaii,15,5586,41
2020-08-19,Idaho,16,28829,292
2020-08-19,Illinois,17,213888,8037
2020-08-19,Indiana,18,84308,3180
2020-08-19,Iowa,19,53541,1011
2020-08-19,Kansas,20,36333,420
2020-08-19,Kentucky,21,42958,866
2020-08-19,Louisiana,22,140044,4609
2020-08-19,Maine,23,4234,127
2020-08-19,Maryland,24,102215,3661
2020-08-19,Massachusetts,25,124415,8876
2020-08-19,Michigan,26,104235,6619
2020-08-19,Minnesota,27,66664,1784
2020-08-19,Mississippi,28,74555,2163
2020-08-19,Missouri,29,71802,1490
2020-08-19,Montana,30,5976,84
2020-08-19,Nebraska,31,31040,373
2020-08-19,Nevada,32,63127,1135
2020-08-19,New Hampshire,33,7036,427
2020-08-19,New Jersey,34,190256,15926
2020-08-19,New Mexico,35,23749,729
2020-08-19,New York,36,431924,32451
2020-08-19,North Carolina,37,148491,2464
2020-08-19,North Dakota,38,8972,134
2020-08-19,Northern Mariana Islands,69,54,2
2020-08-19,Ohio,39,110881,3907
2020-08-19,Oklahoma,40,49923,699
2020-08-19,Oregon,41,23887,408
2020-08-19,Pennsylvania,42,130950,7593
2020-08-19,Puerto Rico,72,27934,356
2020-08-19,Rhode Island,44,20795,1027
2020-08-19,South Carolina,45,108411,2360
2020-08-19,South Dakota,46,10566,155
2020-08-19,Tennessee,47,134810,1437
2020-08-19,Texas,48,582623,11043
2020-08-19,Utah,49,47647,379
2020-08-19,Vermont,50,1533,58
2020-08-19,Virgin Islands,78,828,9
2020-08-19,Virginia,51,109019,2410
2020-08-19,Washington,53,71594,1910
2020-08-19,West Virginia,54,8801,166
2020-08-19,Wisconsin,55,72204,1071
2020-08-19,Wyoming,56,3430,34
2020-08-20,Alabama,01,112449,1974
2020-08-20,Alaska,02,5330,27
2020-08-20,Arizona,04,196305,4688
2020-08-20,Arkansas,05,54765,641
2020-08-20,California,06,653401,11801
2020-08-20,Colorado,08,54285,1909
2020-08-20,Connecticut,09,51432,4458
2020-08-20,Delaware,10,16718,595
2020-08-20,District of Columbia,11,13409,601
2020-08-20,Florida,12,588594,10048
2020-08-20,Georgia,13,230288,4797
2020-08-20,Guam,66,1673,7
2020-08-20,Hawaii,15,5821,44
2020-08-20,Idaho,16,29252,299
2020-08-20,Illinois,17,215889,8064
2020-08-20,Indiana,18,85257,3191
2020-08-20,Iowa,19,54533,1016
2020-08-20,Kansas,20,36445,423
2020-08-20,Kentucky,21,43700,881
2020-08-20,Louisiana,22,140962,4637
2020-08-20,Maine,23,4252,128
2020-08-20,Maryland,24,102783,3669
2020-08-20,Massachusetts,25,124728,8888
2020-08-20,Michigan,26,104771,6636
2020-08-20,Minnesota,27,67354,1791
2020-08-20,Mississippi,28,75449,2190
2020-08-20,Missouri,29,72912,1508
2020-08-20,Montana,30,6095,89
2020-08-20,Nebraska,31,31348,377
2020-08-20,Nevada,32,63699,1175
2020-08-20,New Hampshire,33,7050,428
2020-08-20,New Jersey,34,190356,15932
2020-08-20,New Mexico,35,23951,734
2020-08-20,New York,36,432523,32451
2020-08-20,North Carolina,37,150422,2496
2020-08-20,North Dakota,38,9246,134
2020-08-20,Northern Mariana Islands,69,54,2
2020-08-20,Ohio,39,112003,3929
2020-08-20,Oklahoma,40,50669,709
2020-08-20,Oregon,41,24176,412
2020-08-20,Pennsylvania,42,131736,7606
2020-08-20,Puerto Rico,72,28143,367
2020-08-20,Rhode Island,44,20871,1028
2020-08-20,South Carolina,45,109320,2401
2020-08-20,South Dakota,46,10691,157
2020-08-20,Tennessee,47,136260,1470
2020-08-20,Texas,48,587900,11248
2020-08-20,Utah,49,48103,384
2020-08-20,Vermont,50,1537,58
2020-08-20,Virgin Islands,78,869,10
2020-08-20,Virginia,51,109882,2427
2020-08-20,Washington,53,72284,1924
2020-08-20,West Virginia,54,8982,166
2020-08-20,Wisconsin,55,73067,1077
2020-08-20,Wyoming,56,3468,34
2020-08-21,Alabama,01,113632,1996
2020-08-21,Alaska,02,5401,28
2020-08-21,Arizona,04,196925,4698
2020-08-21,Arkansas,05,55652,663
2020-08-21,California,06,659991,11984
2020-08-21,Colorado,08,54658,1915
2020-08-21,Connecticut,09,51519,4460
2020-08-21,Delaware,10,16770,600
2020-08-21,District of Columbia,11,13469,602
2020-08-21,Florida,12,593278,10167
2020-08-21,Georgia,13,233169,4889
2020-08-21,Guam,66,1736,7
2020-08-21,Hawaii,15,6049,45
2020-08-21,Idaho,16,29510,305
2020-08-21,Illinois,17,218111,8086
2020-08-21,Indiana,18,86312,3208
2020-08-21,Iowa,19,55331,1030
2020-08-21,Kansas,20,37411,430
2020-08-21,Kentucky,21,44432,887
2020-08-21,Louisiana,22,141861,4687
2020-08-21,Maine,23,4285,129
2020-08-21,Maryland,24,103461,3674
2020-08-21,Massachusetts,25,125216,8901
2020-08-21,Michigan,26,104829,6637
2020-08-21,Minnesota,27,68179,1799
2020-08-21,Mississippi,28,76323,2214
2020-08-21,Missouri,29,74221,1511
2020-08-21,Montana,30,6239,90
2020-08-21,Nebraska,31,31626,381
2020-08-21,Nevada,32,64573,1185
2020-08-21,New Hampshire,33,7071,428
2020-08-21,New Jersey,34,190646,15941
2020-08-21,New Mexico,35,24095,739
2020-08-21,New York,36,433230,32456
2020-08-21,North Carolina,37,152344,2522
2020-08-21,North Dakota,38,9478,136
2020-08-21,Northern Mariana Islands,69,54,2
2020-08-21,Ohio,39,113046,3955
2020-08-21,Oklahoma,40,51746,715
2020-08-21,Oregon,41,24435,421
2020-08-21,Pennsylvania,42,132461,7629
2020-08-21,Puerto Rico,72,28846,374
2020-08-21,Rhode Island,44,21022,1030
2020-08-21,South Carolina,45,110378,2459
2020-08-21,South Dakota,46,10884,159
2020-08-21,Tennessee,47,137932,1528
2020-08-21,Texas,48,593405,11483
2020-08-21,Utah,49,48616,385
2020-08-21,Vermont,50,1541,58
2020-08-21,Virgin Islands,78,960,10
2020-08-21,Virginia,51,110860,2436
2020-08-21,Washington,53,72787,1937
2020-08-21,West Virginia,54,9066,170
2020-08-21,Wisconsin,55,73895,1079
2020-08-21,Wyoming,56,3524,37
2020-08-22,Alabama,01,114532,2011
2020-08-22,Alaska,02,5492,29
2020-08-22,Arizona,04,197909,4760
2020-08-22,Arkansas,05,56199,674
2020-08-22,California,06,665325,12137
2020-08-22,Colorado,08,54939,1923
2020-08-22,Connecticut,09,51519,4460
2020-08-22,Delaware,10,16828,600
2020-08-22,District of Columbia,11,13534,604
2020-08-22,Florida,12,597589,10273
2020-08-22,Georgia,13,235783,4982
2020-08-22,Guam,66,1736,7
2020-08-22,Hawaii,15,6333,46
2020-08-22,Idaho,16,29808,307
2020-08-22,Illinois,17,220459,8107
2020-08-22,Indiana,18,87325,3218
2020-08-22,Iowa,19,55996,1033
2020-08-22,Kansas,20,37544,431
2020-08-22,Kentucky,21,45225,899
2020-08-22,Louisiana,22,141861,4687
2020-08-22,Maine,23,4317,130
2020-08-22,Maryland,24,104040,3685
2020-08-22,Massachusetts,25,125360,8921
2020-08-22,Michigan,26,106141,6657
2020-08-22,Minnesota,27,68913,1807
2020-08-22,Mississippi,28,77268,2237
2020-08-22,Missouri,29,75468,1519
2020-08-22,Montana,30,6392,90
2020-08-22,Nebraska,31,31780,382
2020-08-22,Nevada,32,65150,1197
2020-08-22,New Hampshire,33,7092,429
2020-08-22,New Jersey,34,191175,15943
2020-08-22,New Mexico,35,24302,743
2020-08-22,New York,36,433881,32464
2020-08-22,North Carolina,37,153966,2546
2020-08-22,North Dakota,38,9740,139
2020-08-22,Northern Mariana Islands,69,54,2
2020-08-22,Ohio,39,114165,3975
2020-08-22,Oklahoma,40,52599,725
2020-08-22,Oregon,41,24711,422
2020-08-22,Pennsylvania,42,133160,7643
2020-08-22,Puerto Rico,72,29577,381
2020-08-22,Rhode Island,44,21022,1030
2020-08-22,South Carolina,45,111295,2493
2020-08-22,South Dakota,46,11135,160
2020-08-22,Tennessee,47,139366,1542
2020-08-22,Texas,48,599156,11650
2020-08-22,Utah,49,48950,387
2020-08-22,Vermont,50,1553,58
2020-08-22,Virgin Islands,78,960,10
2020-08-22,Virginia,51,112072,2443
2020-08-22,Washington,53,73353,1944
2020-08-22,West Virginia,54,9185,176
2020-08-22,Wisconsin,55,74740,1092
2020-08-22,Wyoming,56,3543,37
2020-08-23,Alabama,01,115060,2013
2020-08-23,Alaska,02,5556,30
2020-08-23,Arizona,04,198117,4775
2020-08-23,Arkansas,05,56574,687
2020-08-23,California,06,669944,12152
2020-08-23,Colorado,08,55441,1925
2020-08-23,Connecticut,09,51519,4460
2020-08-23,Delaware,10,16895,600
2020-08-23,District of Columbia,11,13590,604
2020-08-23,Florida,12,600563,10324
2020-08-23,Georgia,13,237402,5021
2020-08-23,Guam,66,1736,7
2020-08-23,Hawaii,15,6577,46
2020-08-23,Idaho,16,29973,308
2020-08-23,Illinois,17,222292,8114
2020-08-23,Indiana,18,87942,3220
2020-08-23,Iowa,19,56441,1037
2020-08-23,Kansas,20,37726,431
2020-08-23,Kentucky,21,45401,901
2020-08-23,Louisiana,22,143084,4746
2020-08-23,Maine,23,4335,131
2020-08-23,Maryland,24,104618,3691
2020-08-23,Massachusetts,25,125360,8921
2020-08-23,Michigan,26,106875,6661
2020-08-23,Minnesota,27,69630,1813
2020-08-23,Mississippi,28,77894,2240
2020-08-23,Missouri,29,76339,1519
2020-08-23,Montana,30,6444,90
2020-08-23,Nebraska,31,31889,384
2020-08-23,Nevada,32,65678,1199
2020-08-23,New Hampshire,33,7107,429
2020-08-23,New Jersey,34,191323,15946
2020-08-23,New Mexico,35,24396,745
2020-08-23,New York,36,434462,32482
2020-08-23,North Carolina,37,155390,2560
2020-08-23,North Dakota,38,9880,140
2020-08-23,Northern Mariana Islands,69,54,2
2020-08-23,Ohio,39,114802,3978
2020-08-23,Oklahoma,40,53165,726
2020-08-23,Oregon,41,24938,422
2020-08-23,Pennsylvania,42,133679,7643
2020-08-23,Puerto Rico,72,29896,390
2020-08-23,Rhode Island,44,21022,1030
2020-08-23,South Carolina,45,111988,2504
2020-08-23,South Dakota,46,11276,161
2020-08-23,Tennessee,47,141000,1547
2020-08-23,Texas,48,602144,11760
2020-08-23,Utah,49,49125,387
2020-08-23,Vermont,50,1557,58
2020-08-23,Virgin Islands,78,984,11
2020-08-23,Virginia,51,112966,2467
2020-08-23,Washington,53,73745,1948
2020-08-23,West Virginia,54,9272,178
2020-08-23,Wisconsin,55,75205,1092
2020-08-23,Wyoming,56,3579,37
2020-08-24,Alabama,01,116710,2024
2020-08-24,Alaska,02,5626,30
2020-08-24,Arizona,04,198421,4775
2020-08-24,Arkansas,05,56894,696
2020-08-24,California,06,676236,12250
2020-08-24,Colorado,08,55700,1926
2020-08-24,Connecticut,09,52011,4460
2020-08-24,Delaware,10,16942,604
2020-08-24,District of Columbia,11,13639,604
2020-08-24,Florida,12,602821,10396
2020-08-24,Georgia,13,239612,5045
2020-08-24,Guam,66,1876,8
2020-08-24,Hawaii,15,6746,48
2020-08-24,Idaho,16,30260,315
2020-08-24,Illinois,17,224056,8123
2020-08-24,Indiana,18,89602,3225
2020-08-24,Iowa,19,56941,1047
2020-08-24,Kansas,20,39008,432
2020-08-24,Kentucky,21,46057,909
2020-08-24,Louisiana,22,143707,4764
2020-08-24,Maine,23,4356,131
2020-08-24,Maryland,24,105168,3694
2020-08-24,Massachusetts,25,126022,8949
2020-08-24,Michigan,26,107816,6665
2020-08-24,Minnesota,27,70344,1817
2020-08-24,Mississippi,28,78405,2248
2020-08-24,Missouri,29,77254,1533
2020-08-24,Montana,30,6510,91
2020-08-24,Nebraska,31,32047,384
2020-08-24,Nevada,32,66073,1200
2020-08-24,New Hampshire,33,7134,429
2020-08-24,New Jersey,34,191548,15946
2020-08-24,New Mexico,35,24469,747
2020-08-24,New York,36,434866,32489
2020-08-24,North Carolina,37,156927,2567
2020-08-24,North Dakota,38,10004,141
2020-08-24,Northern Mariana Islands,69,54,2
2020-08-24,Ohio,39,115651,3986
2020-08-24,Oklahoma,40,53522,730
2020-08-24,Oregon,41,25174,432
2020-08-24,Pennsylvania,42,134246,7642
2020-08-24,Puerto Rico,72,30618,390
2020-08-24,Rhode Island,44,21302,1035
2020-08-24,South Carolina,45,112551,2511
2020-08-24,South Dakota,46,11425,161
2020-08-24,Tennessee,47,141675,1578
2020-08-24,Texas,48,607621,11824
2020-08-24,Utah,49,49451,391
2020-08-24,Vermont,50,1566,58
2020-08-24,Virgin Islands,78,998,12
2020-08-24,Virginia,51,113630,2471
2020-08-24,Washington,53,74292,1953
2020-08-24,West Virginia,54,9312,179
2020-08-24,Wisconsin,55,75755,1093
2020-08-24,Wyoming,56,3603,37
2020-08-25,Alabama,01,117242,2037
2020-08-25,Alaska,02,5621,33
2020-08-25,Arizona,04,199293,4796
2020-08-25,Arkansas,05,57374,711
2020-08-25,California,06,682320,12409
2020-08-25,Colorado,08,56176,1932
2020-08-25,Connecticut,09,52040,4463
2020-08-25,Delaware,10,16962,603
2020-08-25,District of Columbia,11,13684,604
2020-08-25,Florida,12,605494,10579
2020-08-25,Georgia,13,241865,5147
2020-08-25,Guam,66,1953,8
2020-08-25,Hawaii,15,6961,48
2020-08-25,Idaho,16,30648,328
2020-08-25,Illinois,17,225812,8155
2020-08-25,Indiana,18,90460,3241
2020-08-25,Iowa,19,57606,1059
2020-08-25,Kansas,20,39089,433
2020-08-25,Kentucky,21,46798,918
2020-08-25,Louisiana,22,144257,4797
2020-08-25,Maine,23,4368,131
2020-08-25,Maryland,24,105554,3707
2020-08-25,Massachusetts,25,126420,8961
2020-08-25,Michigan,26,108742,6687
2020-08-25,Minnesota,27,70753,1825
2020-08-25,Mississippi,28,79206,2315
2020-08-25,Missouri,29,78246,1553
2020-08-25,Montana,30,6649,97
2020-08-25,Nebraska,31,32379,386
2020-08-25,Nevada,32,66515,1230
2020-08-25,New Hampshire,33,7150,429
2020-08-25,New Jersey,34,191850,15953
2020-08-25,New Mexico,35,24535,750
2020-08-25,New York,36,435495,32495
2020-08-25,North Carolina,37,158185,2607
2020-08-25,North Dakota,38,10233,142
2020-08-25,Northern Mariana Islands,69,54,2
2020-08-25,Ohio,39,116495,3996
2020-08-25,Oklahoma,40,54172,744
2020-08-25,Oregon,41,25408,436
2020-08-25,Pennsylvania,42,134803,7666
2020-08-25,Puerto Rico,72,30720,395
2020-08-25,Rhode Island,44,21372,1039
2020-08-25,South Carolina,45,113488,2529
2020-08-25,South Dakota,46,11559,161
2020-08-25,Tennessee,47,142501,1605
2020-08-25,Texas,48,613707,12012
2020-08-25,Utah,49,49870,398
2020-08-25,Vermont,50,1572,58
2020-08-25,Virgin Islands,78,1030,14
2020-08-25,Virginia,51,114635,2494
2020-08-25,Washington,53,74634,1962
2020-08-25,West Virginia,54,9395,187
2020-08-25,Wisconsin,55,76453,1106
2020-08-25,Wyoming,56,3634,37
2020-08-26,Alabama,01,119254,2045
2020-08-26,Alaska,02,5671,34
2020-08-26,Arizona,04,199495,4899
2020-08-26,Arkansas,05,58023,732
2020-08-26,California,06,687612,12547
2020-08-26,Colorado,08,56346,1933
2020-08-26,Connecticut,09,52220,4463
2020-08-26,Delaware,10,16986,604
2020-08-26,District of Columbia,11,13722,605
2020-08-26,Florida,12,608714,10732
2020-08-26,Georgia,13,244494,5195
2020-08-26,Guam,66,2089,10
2020-08-26,Hawaii,15,7236,50
2020-08-26,Idaho,16,30968,337
2020-08-26,Illinois,17,227872,8186
2020-08-26,Indiana,18,91403,3259
2020-08-26,Iowa,19,58864,1077
2020-08-26,Kansas,20,40564,445
2020-08-26,Kentucky,21,47542,927
2020-08-26,Louisiana,22,145661,4851
2020-08-26,Maine,23,4389,132
2020-08-26,Maryland,24,105996,3717
2020-08-26,Massachusetts,25,126756,8987
2020-08-26,Michigan,26,109645,6692
2020-08-26,Minnesota,27,71285,1842
2020-08-26,Mississippi,28,80110,2373
2020-08-26,Missouri,29,79588,1566
2020-08-26,Montana,30,6807,98
2020-08-26,Nebraska,31,32727,390
2020-08-26,Nevada,32,66732,1250
2020-08-26,New Hampshire,33,7159,430
2020-08-26,New Jersey,34,192086,15914
2020-08-26,New Mexico,35,24732,755
2020-08-26,New York,36,436063,32499
2020-08-26,North Carolina,37,159708,2634
2020-08-26,North Dakota,38,10471,142
2020-08-26,Northern Mariana Islands,69,54,2
2020-08-26,Ohio,39,117584,4044
2020-08-26,Oklahoma,40,54838,763
2020-08-26,Oregon,41,25575,438
2020-08-26,Pennsylvania,42,135323,7691
2020-08-26,Puerto Rico,72,30744,404
2020-08-26,Rhode Island,44,21454,1041
2020-08-26,South Carolina,45,114093,2573
2020-08-26,South Dakota,46,11851,162
2020-08-26,Tennessee,47,144400,1623
2020-08-26,Texas,48,619836,12212
2020-08-26,Utah,49,50298,404
2020-08-26,Vermont,50,1577,58
2020-08-26,Virgin Islands,78,1030,14
2020-08-26,Virginia,51,115458,2515
2020-08-26,Washington,53,75207,1968
2020-08-26,West Virginia,54,9540,190
2020-08-26,Wisconsin,55,77220,1112
2020-08-26,Wyoming,56,3684,37
2020-08-27,Alabama,01,121023,2076
2020-08-27,Alaska,02,5752,34
2020-08-27,Arizona,04,200172,4932
2020-08-27,Arkansas,05,58745,739
2020-08-27,California,06,692964,12696
2020-08-27,Colorado,08,56706,1937
2020-08-27,Connecticut,09,52350,4465
2020-08-27,Delaware,10,16976,604
2020-08-27,District of Columbia,11,13794,605
2020-08-27,Florida,12,611983,10867
2020-08-27,Georgia,13,247017,5275
2020-08-27,Guam,66,2201,10
2020-08-27,Hawaii,15,7542,54
2020-08-27,Idaho,16,31326,343
2020-08-27,Illinois,17,229598,8206
2020-08-27,Indiana,18,92566,3266
2020-08-27,Iowa,19,61484,1091
2020-08-27,Kansas,20,40702,446
2020-08-27,Kentucky,21,48322,937
2020-08-27,Louisiana,22,146338,4874
2020-08-27,Maine,23,4414,132
2020-08-27,Maryland,24,106558,3722
2020-08-27,Massachusetts,25,127124,9008
2020-08-27,Michigan,26,110491,6708
2020-08-27,Minnesota,27,72439,1855
2020-08-27,Mississippi,28,80695,2399
2020-08-27,Missouri,29,80913,1583
2020-08-27,Montana,30,6960,98
2020-08-27,Nebraska,31,33101,394
2020-08-27,Nevada,32,67324,1274
2020-08-27,New Hampshire,33,7194,431
2020-08-27,New Jersey,34,192393,15921
2020-08-27,New Mexico,35,24920,764
2020-08-27,New York,36,436852,32507
2020-08-27,North Carolina,37,161715,2654
2020-08-27,North Dakota,38,10804,143
2020-08-27,Northern Mariana Islands,69,54,2
2020-08-27,Ohio,39,118828,4076
2020-08-27,Oklahoma,40,55550,778
2020-08-27,Oregon,41,25775,444
2020-08-27,Pennsylvania,42,135958,7702
2020-08-27,Puerto Rico,72,31383,412
2020-08-27,Rhode Island,44,21589,1044
2020-08-27,South Carolina,45,114598,2628
2020-08-27,South Dakota,46,12194,162
2020-08-27,Tennessee,47,146183,1650
2020-08-27,Texas,48,623647,12444
2020-08-27,Utah,49,50668,404
2020-08-27,Vermont,50,1586,58
2020-08-27,Virgin Islands,78,1075,14
2020-08-27,Virginia,51,116579,2527
2020-08-27,Washington,53,75752,1977
2020-08-27,West Virginia,54,9633,199
2020-08-27,Wisconsin,55,78136,1121
2020-08-27,Wyoming,56,3722,37
2020-08-28,Alabama,01,122185,2107
2020-08-28,Alaska,02,5874,34
2020-08-28,Arizona,04,200694,4980
2020-08-28,Arkansas,05,59583,756
2020-08-28,California,06,698391,12836
2020-08-28,Colorado,08,57158,1945
2020-08-28,Connecticut,09,52495,4465
2020-08-28,Delaware,10,17083,604
2020-08-28,District of Columbia,11,13851,605
2020-08-28,Florida,12,615798,10956
2020-08-28,Georgia,13,249317,5352
2020-08-28,Guam,66,2256,11
2020-08-28,Hawaii,15,7806,58
2020-08-28,Idaho,16,31643,357
2020-08-28,Illinois,17,232052,8229
2020-08-28,Indiana,18,93387,3277
2020-08-28,Iowa,19,62828,1108
2020-08-28,Kansas,20,41808,448
2020-08-28,Kentucky,21,48937,945
2020-08-28,Louisiana,22,146944,4904
2020-08-28,Maine,23,4436,132
2020-08-28,Maryland,24,107146,3736
2020-08-28,Massachusetts,25,127584,9024
2020-08-28,Michigan,26,111303,6714
2020-08-28,Minnesota,27,73289,1859
2020-08-28,Mississippi,28,81294,2413
2020-08-28,Missouri,29,82449,1599
2020-08-28,Montana,30,7086,100
2020-08-28,Nebraska,31,33436,399
2020-08-28,Nevada,32,67984,1287
2020-08-28,New Hampshire,33,7216,432
2020-08-28,New Jersey,34,192751,15930
2020-08-28,New Mexico,35,25042,767
2020-08-28,New York,36,437487,32515
2020-08-28,North Carolina,37,163154,2676
2020-08-28,North Dakota,38,11114,143
2020-08-28,Northern Mariana Islands,69,54,2
2020-08-28,Ohio,39,120124,4105
2020-08-28,Oklahoma,40,56260,786
2020-08-28,Oregon,41,26069,457
2020-08-28,Pennsylvania,42,136824,7722
2020-08-28,Puerto Rico,72,31988,424
2020-08-28,Rhode Island,44,21683,1046
2020-08-28,South Carolina,45,115951,2655
2020-08-28,South Dakota,46,12517,165
2020-08-28,Tennessee,47,147814,1675
2020-08-28,Texas,48,628492,12615
2020-08-28,Utah,49,51071,408
2020-08-28,Vermont,50,1589,58
2020-08-28,Virgin Islands,78,1075,14
2020-08-28,Virginia,51,117592,2550
2020-08-28,Washington,53,76397,1992
2020-08-28,West Virginia,54,9824,202
2020-08-28,Wisconsin,55,78984,1123
2020-08-28,Wyoming,56,3763,37
2020-08-29,Alabama,01,123889,2152
2020-08-29,Alaska,02,5985,34
2020-08-29,Arizona,04,201317,5010
2020-08-29,Arkansas,05,60378,772
2020-08-29,California,06,702500,12906
2020-08-29,Colorado,08,57326,1946
2020-08-29,Connecticut,09,52495,4465
2020-08-29,Delaware,10,17349,604
2020-08-29,District of Columbia,11,13925,605
2020-08-29,Florida,12,618995,11104
2020-08-29,Georgia,13,251676,5451
2020-08-29,Guam,66,2256,11
2020-08-29,Hawaii,15,8115,61
2020-08-29,Idaho,16,31874,359
2020-08-29,Illinois,17,233806,8236
2020-08-29,Indiana,18,94512,3285
2020-08-29,Iowa,19,63836,1110
2020-08-29,Kansas,20,41909,449
2020-08-29,Kentucky,21,49914,951
2020-08-29,Louisiana,22,146944,4904
2020-08-29,Maine,23,4489,132
2020-08-29,Maryland,24,107790,3746
2020-08-29,Massachusetts,25,128030,9036
2020-08-29,Michigan,26,112104,6747
2020-08-29,Minnesota,27,74306,1863
2020-08-29,Mississippi,28,82029,2427
2020-08-29,Missouri,29,83973,1613
2020-08-29,Montana,30,7256,104
2020-08-29,Nebraska,31,33753,400
2020-08-29,Nevada,32,68576,1303
2020-08-29,New Hampshire,33,7246,432
2020-08-29,New Jersey,34,193100,15933
2020-08-29,New Mexico,35,25178,769
2020-08-29,New York,36,438122,32522
2020-08-29,North Carolina,37,165533,2708
2020-08-29,North Dakota,38,11488,145
2020-08-29,Northern Mariana Islands,69,56,2
2020-08-29,Ohio,39,121340,4126
2020-08-29,Oklahoma,40,57353,797
2020-08-29,Oregon,41,26293,460
2020-08-29,Pennsylvania,42,137576,7740
2020-08-29,Puerto Rico,72,32550,428
2020-08-29,Rhode Island,44,21683,1046
2020-08-29,South Carolina,45,117249,2698
2020-08-29,South Dakota,46,12942,167
2020-08-29,Tennessee,47,149310,1700
2020-08-29,Texas,48,633834,12733
2020-08-29,Utah,49,51486,408
2020-08-29,Vermont,50,1605,58
2020-08-29,Virgin Islands,78,1129,14
2020-08-29,Virginia,51,118809,2568
2020-08-29,Washington,53,76834,1992
2020-08-29,West Virginia,54,9967,212
2020-08-29,Wisconsin,55,79767,1129
2020-08-29,Wyoming,56,3784,37
2020-08-30,Alabama,01,125235,2162
2020-08-30,Alaska,02,6036,34
2020-08-30,Arizona,04,201695,5033
2020-08-30,Arkansas,05,60856,784
2020-08-30,California,06,706589,12939
2020-08-30,Colorado,08,57515,1945
2020-08-30,Connecticut,09,52495,4465
2020-08-30,Delaware,10,17343,604
2020-08-30,District of Columbia,11,13959,606
2020-08-30,Florida,12,621578,11118
2020-08-30,Georgia,13,252813,5478
2020-08-30,Guam,66,2256,11
2020-08-30,Hawaii,15,8315,62
2020-08-30,Idaho,16,32034,360
2020-08-30,Illinois,17,235779,8248
2020-08-30,Indiana,18,95394,3291
2020-08-30,Iowa,19,64599,1113
2020-08-30,Kansas,20,42011,450
2020-08-30,Kentucky,21,50170,955
2020-08-30,Louisiana,22,148568,4931
2020-08-30,Maine,23,4512,132
2020-08-30,Maryland,24,108286,3752
2020-08-30,Massachusetts,25,128229,9049
2020-08-30,Michigan,26,112598,6750
2020-08-30,Minnesota,27,75238,1865
2020-08-30,Mississippi,28,82676,2441
2020-08-30,Missouri,29,85133,1615
2020-08-30,Montana,30,7340,104
2020-08-30,Nebraska,31,34046,400
2020-08-30,Nevada,32,68981,1305
2020-08-30,New Hampshire,33,7254,432
2020-08-30,New Jersey,34,193391,15937
2020-08-30,New Mexico,35,25283,770
2020-08-30,New York,36,438831,32534
2020-08-30,North Carolina,37,166510,2721
2020-08-30,North Dakota,38,11706,146
2020-08-30,Northern Mariana Islands,69,56,2
2020-08-30,Ohio,39,122262,4128
2020-08-30,Oklahoma,40,58020,799
2020-08-30,Oregon,41,26554,463
2020-08-30,Pennsylvania,42,138137,7742
2020-08-30,Puerto Rico,72,32848,434
2020-08-30,Rhode Island,44,21683,1046
2020-08-30,South Carolina,45,118324,2709
2020-08-30,South Dakota,46,13322,167
2020-08-30,Tennessee,47,150249,1722
2020-08-30,Texas,48,636547,12807
2020-08-30,Utah,49,51854,408
2020-08-30,Vermont,50,1616,58
2020-08-30,Virgin Islands,78,1134,14
2020-08-30,Virginia,51,119747,2569
2020-08-30,Washington,53,77122,1992
2020-08-30,West Virginia,54,10110,213
2020-08-30,Wisconsin,55,80311,1132
2020-08-30,Wyoming,56,3820,37
2020-08-31,Alabama,01,126058,2182
2020-08-31,Alaska,02,6075,34
2020-08-31,Arizona,04,201866,5031
2020-08-31,Arkansas,05,61224,797
2020-08-31,California,06,712543,13020
2020-08-31,Colorado,08,57797,1952
2020-08-31,Connecticut,09,52879,4465
2020-08-31,Delaware,10,17429,605
2020-08-31,District of Columbia,11,13992,607
2020-08-31,Florida,12,623463,11186
2020-08-31,Georgia,13,254238,5506
2020-08-31,Guam,66,2364,11
2020-08-31,Hawaii,15,8447,69
2020-08-31,Idaho,16,32256,364
2020-08-31,Illinois,17,237682,8258
2020-08-31,Indiana,18,96277,3296
2020-08-31,Iowa,19,65252,1120
2020-08-31,Kansas,20,43407,451
2020-08-31,Kentucky,21,50884,965
2020-08-31,Louisiana,22,148894,4950
2020-08-31,Maine,23,4526,132
2020-08-31,Maryland,24,108742,3755
2020-08-31,Massachusetts,25,128533,9060
2020-08-31,Michigan,26,113163,6756
2020-08-31,Minnesota,27,75913,1866
2020-08-31,Mississippi,28,82950,2473
2020-08-31,Missouri,29,86328,1623
2020-08-31,Montana,30,7440,104
2020-08-31,Nebraska,31,34287,402
2020-08-31,Nevada,32,69318,1305
2020-08-31,New Hampshire,33,7275,432
2020-08-31,New Jersey,34,193740,15945
2020-08-31,New Mexico,35,25352,779
2020-08-31,New York,36,439480,32541
2020-08-31,North Carolina,37,167989,2733
2020-08-31,North Dakota,38,11820,147
2020-08-31,Northern Mariana Islands,69,56,2
2020-08-31,Ohio,39,123157,4138
2020-08-31,Oklahoma,40,58733,800
2020-08-31,Oregon,41,26723,467
2020-08-31,Pennsylvania,42,138840,7743
2020-08-31,Puerto Rico,72,33199,434
2020-08-31,Rhode Island,44,21949,1048
2020-08-31,South Carolina,45,118992,2720
2020-08-31,South Dakota,46,13509,167
2020-08-31,Tennessee,47,152033,1727
2020-08-31,Texas,48,640317,12857
2020-08-31,Utah,49,52166,409
2020-08-31,Vermont,50,1624,58
2020-08-31,Virgin Islands,78,1139,15
2020-08-31,Virginia,51,120594,2580
2020-08-31,Washington,53,77718,2002
2020-08-31,West Virginia,54,10250,214
2020-08-31,Wisconsin,55,80733,1132
2020-08-31,Wyoming,56,3842,37
2020-09-01,Alabama,01,127616,2200
2020-09-01,Alaska,02,6109,36
2020-09-01,Arizona,04,202375,5048
2020-09-01,Arkansas,05,61497,814
2020-09-01,California,06,716630,13149
2020-09-01,Colorado,08,58118,1953
2020-09-01,Connecticut,09,53006,4466
2020-09-01,Delaware,10,17535,605
2020-09-01,District of Columbia,11,14049,607
2020-09-01,Florida,12,631032,11373
2020-09-01,Georgia,13,256544,5604
2020-09-01,Guam,66,2416,14
2020-09-01,Hawaii,15,8628,73
2020-09-01,Idaho,16,32703,370
2020-09-01,Illinois,17,239115,8299
2020-09-01,Indiana,18,96988,3312
2020-09-01,Iowa,19,65846,1125
2020-09-01,Kansas,20,43491,454
2020-09-01,Kentucky,21,51762,983
2020-09-01,Louisiana,22,149583,4984
2020-09-01,Maine,23,4548,132
2020-09-01,Maryland,24,109353,3761
2020-09-01,Massachusetts,25,128888,9064
2020-09-01,Michigan,26,113969,6770
2020-09-01,Minnesota,27,76404,1872
2020-09-01,Mississippi,28,83584,2493
2020-09-01,Missouri,29,87414,1651
2020-09-01,Montana,30,7526,105
2020-09-01,Nebraska,31,34574,405
2020-09-01,Nevada,32,69708,1313
2020-09-01,New Hampshire,33,7297,432
2020-09-01,New Jersey,34,194070,15950
2020-09-01,New Mexico,35,25460,787
2020-09-01,New York,36,440237,32551
2020-09-01,North Carolina,37,169966,2769
2020-09-01,North Dakota,38,12004,149
2020-09-01,Northern Mariana Islands,69,57,2
2020-09-01,Ohio,39,124610,4165
2020-09-01,Oklahoma,40,59399,809
2020-09-01,Oregon,41,26958,467
2020-09-01,Pennsylvania,42,139591,7764
2020-09-01,Puerto Rico,72,33421,435
2020-09-01,Rhode Island,44,22002,1050
2020-09-01,South Carolina,45,119846,2757
2020-09-01,South Dakota,46,13749,167
2020-09-01,Tennessee,47,153274,1753
2020-09-01,Texas,48,645534,13004
2020-09-01,Utah,49,52505,410
2020-09-01,Vermont,50,1635,58
2020-09-01,Virgin Islands,78,1143,15
2020-09-01,Virginia,51,121615,2612
2020-09-01,Washington,53,78061,2018
2020-09-01,West Virginia,54,10507,222
2020-09-01,Wisconsin,55,81688,1141
2020-09-01,Wyoming,56,3866,41
2020-09-02,Alabama,01,128239,2217
2020-09-02,Alaska,02,6181,36
2020-09-02,Arizona,04,202898,5070
2020-09-02,Arkansas,05,62112,841
2020-09-02,California,06,722037,13330
2020-09-02,Colorado,08,58392,1960
2020-09-02,Connecticut,09,53108,4467
2020-09-02,Delaware,10,17549,606
2020-09-02,District of Columbia,11,14077,608
2020-09-02,Florida,12,633434,11500
2020-09-02,Georgia,13,258482,5665
2020-09-02,Guam,66,2463,14
2020-09-02,Hawaii,15,8966,74
2020-09-02,Idaho,16,33059,374
2020-09-02,Illinois,17,241282,8322
2020-09-02,Indiana,18,97853,3325
2020-09-02,Iowa,19,66463,1134
2020-09-02,Kansas,20,44529,458
2020-09-02,Kentucky,21,52704,1008
2020-09-02,Louisiana,22,150734,5004
2020-09-02,Maine,23,4567,133
2020-09-02,Maryland,24,109808,3766
2020-09-02,Massachusetts,25,121131,9060
2020-09-02,Michigan,26,114603,6783
2020-09-02,Minnesota,27,77137,1882
2020-09-02,Mississippi,28,84365,2526
2020-09-02,Missouri,29,88974,1669
2020-09-02,Montana,30,7715,109
2020-09-02,Nebraska,31,34995,408
2020-09-02,Nevada,32,69927,1338
2020-09-02,New Hampshire,33,7309,432
2020-09-02,New Jersey,34,194378,15964
2020-09-02,New Mexico,35,25612,790
2020-09-02,New York,36,440947,32559
2020-09-02,North Carolina,37,171140,2806
2020-09-02,North Dakota,38,12271,152
2020-09-02,Northern Mariana Islands,69,57,2
2020-09-02,Ohio,39,125767,4176
2020-09-02,Oklahoma,40,60118,821
2020-09-02,Oregon,41,27085,473
2020-09-02,Pennsylvania,42,140577,7792
2020-09-02,Puerto Rico,72,34003,443
2020-09-02,Rhode Island,44,22078,1051
2020-09-02,South Carolina,45,120503,2794
2020-09-02,South Dakota,46,14003,169
2020-09-02,Tennessee,47,154833,1768
2020-09-02,Texas,48,649844,13185
2020-09-02,Utah,49,52950,414
2020-09-02,Vermont,50,1637,58
2020-09-02,Virgin Islands,78,1144,15
2020-09-02,Virginia,51,122542,2641
2020-09-02,Washington,53,78554,2025
2020-09-02,West Virginia,54,10642,230
2020-09-02,Wisconsin,55,82261,1151
2020-09-02,Wyoming,56,3911,41
2020-09-03,Alabama,01,129285,2233
2020-09-03,Alaska,02,6287,37
2020-09-03,Arizona,04,203964,5133
2020-09-03,Arkansas,05,63504,861
2020-09-03,California,06,727403,13497
2020-09-03,Colorado,08,58680,1963
2020-09-03,Connecticut,09,53209,4468
2020-09-03,Delaware,10,17653,606
2020-09-03,District of Columbia,11,14135,609
2020-09-03,Florida,12,637005,11649
2020-09-03,Georgia,13,261056,5735
2020-09-03,Guam,66,2529,14
2020-09-03,Hawaii,15,9177,78
2020-09-03,Idaho,16,33361,375
2020-09-03,Illinois,17,242715,8347
2020-09-03,Indiana,18,98971,3332
2020-09-03,Iowa,19,67693,1137
2020-09-03,Kansas,20,44755,475
2020-09-03,Kentucky,21,54067,1021
2020-09-03,Louisiana,22,151547,5021
2020-09-03,Maine,23,4617,133
2020-09-03,Maryland,24,110504,3778
2020-09-03,Massachusetts,25,121546,9077
2020-09-03,Michigan,26,115393,6794
2020-09-03,Minnesota,27,78175,1889
2020-09-03,Mississippi,28,85116,2536
2020-09-03,Missouri,29,90392,1680
2020-09-03,Montana,30,7903,111
2020-09-03,Nebraska,31,35469,410
2020-09-03,Nevada,32,70319,1366
2020-09-03,New Hampshire,33,7347,432
2020-09-03,New Jersey,34,194756,15971
2020-09-03,New Mexico,35,25812,791
2020-09-03,New York,36,441835,32567
2020-09-03,North Carolina,37,172791,2829
2020-09-03,North Dakota,38,12633,154
2020-09-03,Northern Mariana Islands,69,57,2
2020-09-03,Ohio,39,127112,4226
2020-09-03,Oklahoma,40,61027,835
2020-09-03,Oregon,41,27356,475
2020-09-03,Pennsylvania,42,141578,7805
2020-09-03,Puerto Rico,72,34198,448
2020-09-03,Rhode Island,44,22143,1055
2020-09-03,South Carolina,45,121696,2807
2020-09-03,South Dakota,46,14337,169
2020-09-03,Tennessee,47,157028,1791
2020-09-03,Texas,48,653321,13387
2020-09-03,Utah,49,53412,416
2020-09-03,Vermont,50,1637,58
2020-09-03,Virgin Islands,78,1150,16
2020-09-03,Virginia,51,123668,2652
2020-09-03,Washington,53,79120,2033
2020-09-03,West Virginia,54,10845,237
2020-09-03,Wisconsin,55,83119,1155
2020-09-03,Wyoming,56,3939,41
2020-09-04,Alabama,01,130393,2266
2020-09-04,Alaska,02,6416,37
2020-09-04,Arizona,04,204686,5174
2020-09-04,Arkansas,05,64678,873
2020-09-04,California,06,732693,13644
2020-09-04,Colorado,08,59021,1973
2020-09-04,Connecticut,09,53365,4468
2020-09-04,Delaware,10,17752,606
2020-09-04,District of Columbia,11,14186,611
2020-09-04,Florida,12,640203,11749
2020-09-04,Georgia,13,263047,5797
2020-09-04,Guam,66,2588,15
2020-09-04,Hawaii,15,9448,80
2020-09-04,Idaho,16,33628,386
2020-09-04,Illinois,17,248253,8386
2020-09-04,Indiana,18,100011,3350
2020-09-04,Iowa,19,68757,1158
2020-09-04,Kansas,20,46049,481
2020-09-04,Kentucky,21,55500,1028
2020-09-04,Louisiana,22,152369,5035
2020-09-04,Maine,23,4632,134
2020-09-04,Maryland,24,111332,3789
2020-09-04,Massachusetts,25,121758,9100
2020-09-04,Michigan,26,116470,6802
2020-09-04,Minnesota,27,79018,1899
2020-09-04,Mississippi,28,85939,2558
2020-09-04,Missouri,29,91994,1698
2020-09-04,Montana,30,8046,114
2020-09-04,Nebraska,31,35661,411
2020-09-04,Nevada,32,70783,1376
2020-09-04,New Hampshire,33,7368,432
2020-09-04,New Jersey,34,195205,15978
2020-09-04,New Mexico,35,25902,794
2020-09-04,New York,36,442698,32573
2020-09-04,North Carolina,37,174848,2868
2020-09-04,North Dakota,38,12977,154
2020-09-04,Northern Mariana Islands,69,57,2
2020-09-04,Ohio,39,128444,4248
2020-09-04,Oklahoma,40,62040,846
2020-09-04,Oregon,41,27605,481
2020-09-04,Pennsylvania,42,142537,7821
2020-09-04,Puerto Rico,72,34241,455
2020-09-04,Rhode Island,44,22243,1055
2020-09-04,South Carolina,45,123325,2846
2020-09-04,South Dakota,46,14596,170
2020-09-04,Tennessee,47,158120,1813
2020-09-04,Texas,48,658789,13516
2020-09-04,Utah,49,53940,420
2020-09-04,Vermont,50,1642,58
2020-09-04,Virgin Islands,78,1150,16
2020-09-04,Virginia,51,124779,2662
2020-09-04,Washington,53,79721,2042
2020-09-04,West Virginia,54,11037,243
2020-09-04,Wisconsin,55,84519,1164
2020-09-04,Wyoming,56,3989,42
2020-09-05,Alabama,01,131803,2275
2020-09-05,Alaska,02,6514,39
2020-09-05,Arizona,04,205518,5207
2020-09-05,Arkansas,05,65226,882
2020-09-05,California,06,737074,13708
2020-09-05,Colorado,08,59362,1978
2020-09-05,Connecticut,09,53365,4468
2020-09-05,Delaware,10,17892,608
2020-09-05,District of Columbia,11,14238,611
2020-09-05,Florida,12,643859,11810
2020-09-05,Georgia,13,265215,5842
2020-09-05,Guam,66,2640,16
2020-09-05,Hawaii,15,9667,83
2020-09-05,Idaho,16,33884,386
2020-09-05,Illinois,17,250882,8405
2020-09-05,Indiana,18,101094,3362
2020-09-05,Iowa,19,69690,1165
2020-09-05,Kansas,20,46051,482
2020-09-05,Kentucky,21,56016,1033
2020-09-05,Louisiana,22,152369,5035
2020-09-05,Maine,23,4667,134
2020-09-05,Maryland,24,112104,3796
2020-09-05,Massachusetts,25,122196,9116
2020-09-05,Michigan,26,117267,6809
2020-09-05,Minnesota,27,79932,1903
2020-09-05,Mississippi,28,86478,2569
2020-09-05,Missouri,29,93713,1728
2020-09-05,Montana,30,8178,116
2020-09-05,Nebraska,31,35805,415
2020-09-05,Nevada,32,71184,1390
2020-09-05,New Hampshire,33,7424,432
2020-09-05,New Jersey,34,195530,15985
2020-09-05,New Mexico,35,26048,800
2020-09-05,New York,36,443497,32579
2020-09-05,North Carolina,37,176124,2913
2020-09-05,North Dakota,38,13338,159
2020-09-05,Northern Mariana Islands,69,58,2
2020-09-05,Ohio,39,129785,4256
2020-09-05,Oklahoma,40,63187,850
2020-09-05,Oregon,41,27857,482
2020-09-05,Pennsylvania,42,143301,7837
2020-09-05,Puerto Rico,72,34492,464
2020-09-05,Rhode Island,44,22243,1055
2020-09-05,South Carolina,45,124289,2877
2020-09-05,South Dakota,46,14889,173
2020-09-05,Tennessee,47,159893,1838
2020-09-05,Texas,48,663246,13660
2020-09-05,Utah,49,54364,421
2020-09-05,Vermont,50,1647,58
2020-09-05,Virgin Islands,78,1167,16
2020-09-05,Virginia,51,125727,2677
2020-09-05,Washington,53,79900,2042
2020-09-05,West Virginia,54,11289,243
2020-09-05,Wisconsin,55,85517,1177
2020-09-05,Wyoming,56,4006,42
2020-09-06,Alabama,01,132314,2276
2020-09-06,Alaska,02,6603,39
2020-09-06,Arizona,04,205772,5221
2020-09-06,Arkansas,05,65924,894
2020-09-06,California,06,740230,13730
2020-09-06,Colorado,08,59626,1980
2020-09-06,Connecticut,09,53365,4468
2020-09-06,Delaware,10,18043,609
2020-09-06,District of Columbia,11,14279,611
2020-09-06,Florida,12,646423,11848
2020-09-06,Georgia,13,266707,5900
2020-09-06,Guam,66,2588,17
2020-09-06,Hawaii,15,9829,84
2020-09-06,Idaho,16,34053,387
2020-09-06,Illinois,17,252306,8409
2020-09-06,Indiana,18,101937,3364
2020-09-06,Iowa,19,70210,1167
2020-09-06,Kansas,20,46151,483
2020-09-06,Kentucky,21,56172,1035
2020-09-06,Louisiana,22,153764,5093
2020-09-06,Maine,23,4682,134
2020-09-06,Maryland,24,112557,3799
2020-09-06,Massachusetts,25,122562,9125
2020-09-06,Michigan,26,117310,6809
2020-09-06,Minnesota,27,80639,1909
2020-09-06,Mississippi,28,86888,2584
2020-09-06,Missouri,29,94923,1739
2020-09-06,Montana,30,8272,117
2020-09-06,Nebraska,31,35891,415
2020-09-06,Nevada,32,71711,1394
2020-09-06,New Hampshire,33,7447,433
2020-09-06,New Jersey,34,195841,15989
2020-09-06,New Mexico,35,26107,803
2020-09-06,New York,36,444226,32585
2020-09-06,North Carolina,37,177141,2920
2020-09-06,North Dakota,38,13635,160
2020-09-06,Northern Mariana Islands,69,58,2
2020-09-06,Ohio,39,130558,4259
2020-09-06,Oklahoma,40,63607,853
2020-09-06,Oregon,41,28045,483
2020-09-06,Pennsylvania,42,143902,7837
2020-09-06,Puerto Rico,72,34533,477
2020-09-06,Rhode Island,44,22243,1055
2020-09-06,South Carolina,45,124952,2887
2020-09-06,South Dakota,46,15109,173
2020-09-06,Tennessee,47,161589,1841
2020-09-06,Texas,48,665338,13739
2020-09-06,Utah,49,54660,423
2020-09-06,Vermont,50,1648,58
2020-09-06,Virgin Islands,78,1181,17
2020-09-06,Virginia,51,126926,2678
2020-09-06,Washington,53,80369,2043
2020-09-06,West Virginia,54,11412,246
2020-09-06,Wisconsin,55,86406,1177
2020-09-06,Wyoming,56,4032,42
2020-09-07,Alabama,01,132973,2276
2020-09-07,Alaska,02,6637,39
2020-09-07,Arizona,04,205971,5219
2020-09-07,Arkansas,05,66280,908
2020-09-07,California,06,742685,13763
2020-09-07,Colorado,08,59823,1980
2020-09-07,Connecticut,09,53365,4468
2020-09-07,Delaware,10,18249,609
2020-09-07,District of Columbia,11,14315,611
2020-09-07,Florida,12,648261,11870
2020-09-07,Georgia,13,267238,5907
2020-09-07,Guam,66,2588,19
2020-09-07,Hawaii,15,9933,85
2020-09-07,Idaho,16,34153,387
2020-09-07,Illinois,17,253649,8417
2020-09-07,Indiana,18,102527,3368
2020-09-07,Iowa,19,70537,1170
2020-09-07,Kansas,20,47409,485
2020-09-07,Kentucky,21,56545,1036
2020-09-07,Louisiana,22,154073,5105
2020-09-07,Maine,23,4701,134
2020-09-07,Maryland,24,113378,3804
2020-09-07,Massachusetts,25,122791,9133
2020-09-07,Michigan,26,118388,6813
2020-09-07,Minnesota,27,81277,1912
2020-09-07,Mississippi,28,87130,2585
2020-09-07,Missouri,29,95795,1739
2020-09-07,Montana,30,8340,118
2020-09-07,Nebraska,31,35975,415
2020-09-07,Nevada,32,72048,1394
2020-09-07,New Hampshire,33,7476,433
2020-09-07,New Jersey,34,196173,15991
2020-09-07,New Mexico,35,26144,807
2020-09-07,New York,36,444751,32600
2020-09-07,North Carolina,37,178212,2920
2020-09-07,North Dakota,38,13805,160
2020-09-07,Northern Mariana Islands,69,59,2
2020-09-07,Ohio,39,131336,4276
2020-09-07,Oklahoma,40,64220,853
2020-09-07,Oregon,41,28191,487
2020-09-07,Pennsylvania,42,144658,7855
2020-09-07,Puerto Rico,72,35375,477
2020-09-07,Rhode Island,44,22243,1055
2020-09-07,South Carolina,45,125607,2907
2020-09-07,South Dakota,46,15300,173
2020-09-07,Tennessee,47,162531,1845
2020-09-07,Texas,48,666209,13781
2020-09-07,Utah,49,55052,424
2020-09-07,Vermont,50,1651,58
2020-09-07,Virgin Islands,78,1190,17
2020-09-07,Virginia,51,127571,2684
2020-09-07,Washington,53,80485,2043
2020-09-07,West Virginia,54,11575,247
2020-09-07,Wisconsin,55,86981,1177
2020-09-07,Wyoming,56,4032,42
2020-09-08,Alabama,01,133606,2277
2020-09-08,Alaska,02,6670,39
2020-09-08,Arizona,04,206048,5221
2020-09-08,Arkansas,05,66757,917
2020-09-08,California,06,746114,13843
2020-09-08,Colorado,08,60003,1980
2020-09-08,Connecticut,09,53782,4474
2020-09-08,Delaware,10,18308,609
2020-09-08,District of Columbia,11,14362,611
2020-09-08,Florida,12,650084,11914
2020-09-08,Georgia,13,268684,5931
2020-09-08,Guam,66,2682,20
2020-09-08,Hawaii,15,10130,87
2020-09-08,Idaho,16,34461,390
2020-09-08,Illinois,17,255229,8431
2020-09-08,Indiana,18,102917,3380
2020-09-08,Iowa,19,71018,1185
2020-09-08,Kansas,20,47878,486
2020-09-08,Kentucky,21,56877,1039
2020-09-08,Louisiana,22,154329,5118
2020-09-08,Maine,23,4713,134
2020-09-08,Maryland,24,113734,3807
2020-09-08,Massachusetts,25,122962,9141
2020-09-08,Michigan,26,118984,6814
2020-09-08,Minnesota,27,81660,1914
2020-09-08,Mississippi,28,87379,2585
2020-09-08,Missouri,29,97044,1746
2020-09-08,Montana,30,8409,119
2020-09-08,Nebraska,31,36477,418
2020-09-08,Nevada,32,72165,1395
2020-09-08,New Hampshire,33,7494,433
2020-09-08,New Jersey,34,196450,15996
2020-09-08,New Mexico,35,26181,807
2020-09-08,New York,36,445308,32612
2020-09-08,North Carolina,37,179150,2942
2020-09-08,North Dakota,38,13876,160
2020-09-08,Northern Mariana Islands,69,59,2
2020-09-08,Ohio,39,131992,4298
2020-09-08,Oklahoma,40,65053,854
2020-09-08,Oregon,41,28355,492
2020-09-08,Pennsylvania,42,145191,7862
2020-09-08,Puerto Rico,72,35504,482
2020-09-08,Rhode Island,44,22592,1059
2020-09-08,South Carolina,45,125908,2912
2020-09-08,South Dakota,46,15403,173
2020-09-08,Tennessee,47,163180,1873
2020-09-08,Texas,48,670427,13855
2020-09-08,Utah,49,55424,426
2020-09-08,Vermont,50,1654,58
2020-09-08,Virgin Islands,78,1191,18
2020-09-08,Virginia,51,128407,2686
2020-09-08,Washington,53,81048,2045
2020-09-08,West Virginia,54,11661,250
2020-09-08,Wisconsin,55,87730,1179
2020-09-08,Wyoming,56,4103,42
2020-09-09,Alabama,01,134417,2285
2020-09-09,Alaska,02,6735,39
2020-09-09,Arizona,04,206548,5253
2020-09-09,Arkansas,05,67255,928
2020-09-09,California,06,749197,13990
2020-09-09,Colorado,08,60291,1984
2020-09-09,Connecticut,09,53871,4474
2020-09-09,Delaware,10,18308,609
2020-09-09,District of Columbia,11,14387,615
2020-09-09,Florida,12,652140,12114
2020-09-09,Georgia,13,270624,5987
2020-09-09,Guam,66,2727,21
2020-09-09,Hawaii,15,10228,90
2020-09-09,Idaho,16,34707,406
2020-09-09,Illinois,17,256614,8457
2020-09-09,Indiana,18,103641,3397
2020-09-09,Iowa,19,71594,1204
2020-09-09,Kansas,20,48389,497
2020-09-09,Kentucky,21,57518,1058
2020-09-09,Louisiana,22,155890,5140
2020-09-09,Maine,23,4734,134
2020-09-09,Maryland,24,114070,3816
2020-09-09,Massachusetts,25,123143,9146
2020-09-09,Michigan,26,119952,6889
2020-09-09,Minnesota,27,81920,1921
2020-09-09,Mississippi,28,87805,2623
2020-09-09,Missouri,29,98446,1755
2020-09-09,Montana,30,8499,122
2020-09-09,Nebraska,31,36917,434
2020-09-09,Nevada,32,72317,1414
2020-09-09,New Hampshire,33,7517,433
2020-09-09,New Jersey,34,196779,16009
2020-09-09,New Mexico,35,26268,813
2020-09-09,New York,36,445881,32611
2020-09-09,North Carolina,37,180061,2990
2020-09-09,North Dakota,38,14114,161
2020-09-09,Northern Mariana Islands,69,59,2
2020-09-09,Ohio,39,132965,4324
2020-09-09,Oklahoma,40,65929,863
2020-09-09,Oregon,41,28474,499
2020-09-09,Pennsylvania,42,146058,7882
2020-09-09,Puerto Rico,72,35507,500
2020-09-09,Rhode Island,44,22676,1062
2020-09-09,South Carolina,45,126213,2942
2020-09-09,South Dakota,46,15571,173
2020-09-09,Tennessee,47,164032,1908
2020-09-09,Texas,48,675149,13986
2020-09-09,Utah,49,55730,428
2020-09-09,Vermont,50,1656,58
2020-09-09,Virgin Islands,78,1197,18
2020-09-09,Virginia,51,129289,2697
2020-09-09,Washington,53,81528,2066
2020-09-09,West Virginia,54,11808,254
2020-09-09,Wisconsin,55,88643,1193
2020-09-09,Wyoming,56,4151,42
2020-09-10,Alabama,01,135565,2301
2020-09-10,Alaska,02,6860,39
2020-09-10,Arizona,04,207002,5275
2020-09-10,Arkansas,05,67803,940
2020-09-10,California,06,753019,14094
2020-09-10,Colorado,08,60576,1988
2020-09-10,Connecticut,09,54093,4478
2020-09-10,Delaware,10,18466,613
2020-09-10,District of Columbia,11,14412,616
2020-09-10,Florida,12,654723,12325
2020-09-10,Georgia,13,272588,6062
2020-09-10,Guam,66,2815,22
2020-09-10,Hawaii,15,10397,93
2020-09-10,Idaho,16,35027,407
2020-09-10,Illinois,17,258573,8480
2020-09-10,Indiana,18,104429,3410
2020-09-10,Iowa,19,72548,1208
2020-09-10,Kansas,20,48443,499
2020-09-10,Kentucky,21,58452,1073
2020-09-10,Louisiana,22,156354,5161
2020-09-10,Maine,23,4760,134
2020-09-10,Maryland,24,114574,3824
2020-09-10,Massachusetts,25,123546,9166
2020-09-10,Michigan,26,120896,6894
2020-09-10,Minnesota,27,82301,1936
2020-09-10,Mississippi,28,88322,2656
2020-09-10,Missouri,29,99677,1773
2020-09-10,Montana,30,8694,123
2020-09-10,Nebraska,31,37373,440
2020-09-10,Nevada,32,72620,1432
2020-09-10,New Hampshire,33,7573,434
2020-09-10,New Jersey,34,197203,16014
2020-09-10,New Mexico,35,26429,816
2020-09-10,New York,36,446637,32618
2020-09-10,North Carolina,37,181335,3016
2020-09-10,North Dakota,38,14446,163
2020-09-10,Northern Mariana Islands,69,59,2
2020-09-10,Ohio,39,134086,4354
2020-09-10,Oklahoma,40,66700,876
2020-09-10,Oregon,41,28661,501
2020-09-10,Pennsylvania,42,146735,7894
2020-09-10,Puerto Rico,72,36279,512
2020-09-10,Rhode Island,44,22782,1067
2020-09-10,South Carolina,45,126592,2975
2020-09-10,South Dakota,46,15834,177
2020-09-10,Tennessee,47,165911,1963
2020-09-10,Texas,48,677888,13998
2020-09-10,Utah,49,56182,431
2020-09-10,Vermont,50,1661,58
2020-09-10,Virgin Islands,78,1201,18
2020-09-10,Virginia,51,130525,2708
2020-09-10,Washington,53,82125,2073
2020-09-10,West Virginia,54,12017,257
2020-09-10,Wisconsin,55,90232,1202
2020-09-10,Wyoming,56,4199,42
2020-09-11,Alabama,01,136703,2333
2020-09-11,Alaska,02,6968,40
2020-09-11,Arizona,04,207525,5290
2020-09-11,Arkansas,05,68987,953
2020-09-11,California,06,757126,14265
2020-09-11,Colorado,08,60881,1991
2020-09-11,Connecticut,09,54326,4480
2020-09-11,Delaware,10,18559,613
2020-09-11,District of Columbia,11,14493,616
2020-09-11,Florida,12,658373,12501
2020-09-11,Georgia,13,274242,6103
2020-09-11,Guam,66,2832,24
2020-09-11,Hawaii,15,10567,95
2020-09-11,Idaho,16,35354,415
2020-09-11,Illinois,17,260949,8522
2020-09-11,Indiana,18,105703,3420
2020-09-11,Iowa,19,73399,1216
2020-09-11,Kansas,20,49393,520
2020-09-11,Kentucky,21,59349,1087
2020-09-11,Louisiana,22,157109,5202
2020-09-11,Maine,23,4792,134
2020-09-11,Maryland,24,115217,3828
2020-09-11,Massachusetts,25,123986,9180
2020-09-11,Michigan,26,122319,6900
2020-09-11,Minnesota,27,82768,1949
2020-09-11,Mississippi,28,89175,2670
2020-09-11,Missouri,29,101285,1784
2020-09-11,Montana,30,8817,132
2020-09-11,Nebraska,31,37841,449
2020-09-11,Nevada,32,72886,1441
2020-09-11,New Hampshire,33,7620,434
2020-09-11,New Jersey,34,197677,16023
2020-09-11,New Mexico,35,26563,818
2020-09-11,New York,36,447498,32619
2020-09-11,North Carolina,37,182934,3050
2020-09-11,North Dakota,38,14687,167
2020-09-11,Northern Mariana Islands,69,59,2
2020-09-11,Ohio,39,135326,4403
2020-09-11,Oklahoma,40,67642,888
2020-09-11,Oregon,41,28888,500
2020-09-11,Pennsylvania,42,147744,7914
2020-09-11,Puerto Rico,72,36581,523
2020-09-11,Rhode Island,44,22905,1071
2020-09-11,South Carolina,45,129046,3028
2020-09-11,South Dakota,46,16117,177
2020-09-11,Tennessee,47,167263,1999
2020-09-11,Texas,48,683295,14279
2020-09-11,Utah,49,56789,433
2020-09-11,Vermont,50,1668,58
2020-09-11,Virgin Islands,78,1201,18
2020-09-11,Virginia,51,131640,2711
2020-09-11,Washington,53,82590,2079
2020-09-11,West Virginia,54,12174,263
2020-09-11,Wisconsin,55,91672,1206
2020-09-11,Wyoming,56,4264,42
2020-09-12,Alabama,01,137646,2350
2020-09-12,Alaska,02,7074,41
2020-09-12,Arizona,04,208128,5316
2020-09-12,Arkansas,05,69710,969
2020-09-12,California,06,760582,14333
2020-09-12,Colorado,08,61311,1994
2020-09-12,Connecticut,09,54326,4480
2020-09-12,Delaware,10,18726,613
2020-09-12,District of Columbia,11,14552,616
2020-09-12,Florida,12,661563,12599
2020-09-12,Georgia,13,276319,6144
2020-09-12,Guam,66,2832,24
2020-09-12,Hawaii,15,10696,96
2020-09-12,Idaho,16,35588,416
2020-09-12,Illinois,17,262957,8546
2020-09-12,Indiana,18,106777,3437
2020-09-12,Iowa,19,74204,1218
2020-09-12,Kansas,20,49398,533
2020-09-12,Kentucky,21,60187,1099
2020-09-12,Louisiana,22,157109,5202
2020-09-12,Maine,23,4834,135
2020-09-12,Maryland,24,115876,3836
2020-09-12,Massachusetts,25,124540,9196
2020-09-12,Michigan,26,123048,6912
2020-09-12,Minnesota,27,83640,1958
2020-09-12,Mississippi,28,89620,2685
2020-09-12,Missouri,29,103085,1802
2020-09-12,Montana,30,8946,134
2020-09-12,Nebraska,31,38108,449
2020-09-12,Nevada,32,73291,1453
2020-09-12,New Hampshire,33,7652,435
2020-09-12,New Jersey,34,198126,16027
2020-09-12,New Mexico,35,26661,821
2020-09-12,New York,36,448347,32625
2020-09-12,North Carolina,37,184305,3073
2020-09-12,North Dakota,38,15154,170
2020-09-12,Northern Mariana Islands,69,60,2
2020-09-12,Ohio,39,136568,4411
2020-09-12,Oklahoma,40,68659,899
2020-09-12,Oregon,41,29156,505
2020-09-12,Pennsylvania,42,148635,7915
2020-09-12,Puerto Rico,72,37092,535
2020-09-12,Rhode Island,44,22905,1071
2020-09-12,South Carolina,45,129978,3040
2020-09-12,South Dakota,46,16437,183
2020-09-12,Tennessee,47,168552,2040
2020-09-12,Texas,48,685921,14384
2020-09-12,Utah,49,57276,434
2020-09-12,Vermont,50,1677,58
2020-09-12,Virgin Islands,78,1220,19
2020-09-12,Virginia,51,132940,2722
2020-09-12,Washington,53,82957,2079
2020-09-12,West Virginia,54,12521,265
2020-09-12,Wisconsin,55,93102,1218
2020-09-12,Wyoming,56,4297,42
2020-09-13,Alabama,01,138755,2351
2020-09-13,Alaska,02,7136,41
2020-09-13,Arizona,04,208514,5322
2020-09-13,Arkansas,05,70219,981
2020-09-13,California,06,763390,14386
2020-09-13,Colorado,08,61641,1994
2020-09-13,Connecticut,09,54326,4480
2020-09-13,Delaware,10,18849,615
2020-09-13,District of Columbia,11,14592,616
2020-09-13,Florida,12,663986,12607
2020-09-13,Georgia,13,277715,6191
2020-09-13,Guam,66,2832,24
2020-09-13,Hawaii,15,10808,98
2020-09-13,Idaho,16,35693,416
2020-09-13,Illinois,17,264340,8562
2020-09-13,Indiana,18,108020,3438
2020-09-13,Iowa,19,74675,1220
2020-09-13,Kansas,20,49408,536
2020-09-13,Kentucky,21,60607,1102
2020-09-13,Louisiana,22,158390,5235
2020-09-13,Maine,23,4863,136
2020-09-13,Maryland,24,116600,3838
2020-09-13,Massachusetts,25,124826,9210
2020-09-13,Michigan,26,123075,6912
2020-09-13,Minnesota,27,84363,1971
2020-09-13,Mississippi,28,89874,2697
2020-09-13,Missouri,29,104603,1812
2020-09-13,Montana,30,9037,136
2020-09-13,Nebraska,31,38188,449
2020-09-13,Nevada,32,73648,1454
2020-09-13,New Hampshire,33,7696,436
2020-09-13,New Jersey,34,198423,16031
2020-09-13,New Mexico,35,26761,823
2020-09-13,New York,36,449072,32629
2020-09-13,North Carolina,37,185325,3080
2020-09-13,North Dakota,38,15580,171
2020-09-13,Northern Mariana Islands,69,60,2
2020-09-13,Ohio,39,137405,4415
2020-09-13,Oklahoma,40,69354,905
2020-09-13,Oregon,41,29337,509
2020-09-13,Pennsylvania,42,148635,7915
2020-09-13,Puerto Rico,72,37380,539
2020-09-13,Rhode Island,44,22905,1071
2020-09-13,South Carolina,45,131864,3064
2020-09-13,South Dakota,46,16638,184
2020-09-13,Tennessee,47,169310,2055
2020-09-13,Texas,48,689941,14458
2020-09-13,Utah,49,57892,434
2020-09-13,Vermont,50,1684,58
2020-09-13,Virgin Islands,78,1220,19
2020-09-13,Virginia,51,133814,2724
2020-09-13,Washington,53,83177,2079
2020-09-13,West Virginia,54,12699,266
2020-09-13,Wisconsin,55,94723,1219
2020-09-13,Wyoming,56,4346,42
2020-09-14,Alabama,01,139459,2355
2020-09-14,Alaska,02,7213,41
2020-09-14,Arizona,04,208726,5322
2020-09-14,Arkansas,05,70627,992
2020-09-14,California,06,767063,14458
2020-09-14,Colorado,08,62032,2000
2020-09-14,Connecticut,09,54895,4485
2020-09-14,Delaware,10,18937,617
2020-09-14,District of Columbia,11,14622,616
2020-09-14,Florida,12,665722,12641
2020-09-14,Georgia,13,278699,6211
2020-09-14,Guam,66,2896,27
2020-09-14,Hawaii,15,10887,98
2020-09-14,Idaho,16,35984,420
2020-09-14,Illinois,17,265869,8571
2020-09-14,Indiana,18,108755,3439
2020-09-14,Iowa,19,75069,1233
2020-09-14,Kansas,20,50871,546
2020-09-14,Kentucky,21,61182,1105
2020-09-14,Louisiana,22,158882,5252
2020-09-14,Maine,23,4903,136
2020-09-14,Maryland,24,117147,3839
2020-09-14,Massachusetts,25,125080,9219
2020-09-14,Michigan,26,124276,6922
2020-09-14,Minnesota,27,85001,1974
2020-09-14,Mississippi,28,90018,2706
2020-09-14,Missouri,29,106057,1812
2020-09-14,Montana,30,9164,139
2020-09-14,Nebraska,31,38642,450
2020-09-14,Nevada,32,73889,1456
2020-09-14,New Hampshire,33,7714,436
2020-09-14,New Jersey,34,198757,16034
2020-09-14,New Mexico,35,26842,823
2020-09-14,New York,36,449658,32639
2020-09-14,North Carolina,37,186447,3094
2020-09-14,North Dakota,38,15834,173
2020-09-14,Northern Mariana Islands,69,61,2
2020-09-14,Ohio,39,138484,4419
2020-09-14,Oklahoma,40,70223,905
2020-09-14,Oregon,41,29488,511
2020-09-14,Pennsylvania,42,150044,7940
2020-09-14,Puerto Rico,72,37750,542
2020-09-14,Rhode Island,44,23130,1075
2020-09-14,South Carolina,45,132680,3077
2020-09-14,South Dakota,46,16801,184
2020-09-14,Tennessee,47,171498,2073
2020-09-14,Texas,48,694547,14508
2020-09-14,Utah,49,58451,436
2020-09-14,Vermont,50,1696,58
2020-09-14,Virgin Islands,78,1221,19
2020-09-14,Virginia,51,134571,2743
2020-09-14,Washington,53,83861,2095
2020-09-14,West Virginia,54,12820,275
2020-09-14,Wisconsin,55,95564,1219
2020-09-14,Wyoming,56,4392,46
2020-09-15,Alabama,01,140160,2387
2020-09-15,Alaska,02,7256,41
2020-09-15,Arizona,04,209215,5346
2020-09-15,Arkansas,05,71497,1150
2020-09-15,California,06,769918,14606
2020-09-15,Colorado,08,62575,2006
2020-09-15,Connecticut,09,55031,4485
2020-09-15,Delaware,10,19137,618
2020-09-15,District of Columbia,11,14687,616
2020-09-15,Florida,12,668838,12786
2020-09-15,Georgia,13,280356,6255
2020-09-15,Guam,66,2935,29
2020-09-15,Hawaii,15,10951,99
2020-09-15,Idaho,16,36306,425
2020-09-15,Illinois,17,267380,8589
2020-09-15,Indiana,18,109445,3460
2020-09-15,Iowa,19,75722,1234
2020-09-15,Kansas,20,51006,555
2020-09-15,Kentucky,21,61986,1112
2020-09-15,Louisiana,22,159253,5278
2020-09-15,Maine,23,4918,137
2020-09-15,Maryland,24,117745,3849
2020-09-15,Massachusetts,25,125393,9225
2020-09-15,Michigan,26,124978,6933
2020-09-15,Minnesota,27,85403,1979
2020-09-15,Mississippi,28,90523,2734
2020-09-15,Missouri,29,107687,1830
2020-09-15,Montana,30,9281,141
2020-09-15,Nebraska,31,38970,451
2020-09-15,Nevada,32,74129,1484
2020-09-15,New Hampshire,33,7748,438
2020-09-15,New Jersey,34,199193,16043
2020-09-15,New Mexico,35,26923,830
2020-09-15,New York,36,450425,32655
2020-09-15,North Carolina,37,187486,3135
2020-09-15,North Dakota,38,16067,175
2020-09-15,Northern Mariana Islands,69,61,2
2020-09-15,Ohio,39,139485,4506
2020-09-15,Oklahoma,40,71314,912
2020-09-15,Oregon,41,29664,519
2020-09-15,Pennsylvania,42,151081,7945
2020-09-15,Puerto Rico,72,38172,551
2020-09-15,Rhode Island,44,23250,1078
2020-09-15,South Carolina,45,133470,3098
2020-09-15,South Dakota,46,16994,184
2020-09-15,Tennessee,47,172692,2102
2020-09-15,Texas,48,701509,14661
2020-09-15,Utah,49,59017,436
2020-09-15,Vermont,50,1702,58
2020-09-15,Virgin Islands,78,1232,19
2020-09-15,Virginia,51,135514,2839
2020-09-15,Washington,53,84222,2107
2020-09-15,West Virginia,54,12976,280
2020-09-15,Wisconsin,55,97002,1230
2020-09-15,Wyoming,56,4438,46
2020-09-16,Alabama,01,141087,2392
2020-09-16,Alaska,02,7308,41
2020-09-16,Arizona,04,209911,5376
2020-09-16,Arkansas,05,72219,1157
2020-09-16,California,06,773319,14716
2020-09-16,Colorado,08,63068,2010
2020-09-16,Connecticut,09,55166,4487
2020-09-16,Delaware,10,19234,619
2020-09-16,District of Columbia,11,14743,617
2020-09-16,Florida,12,671193,12938
2020-09-16,Georgia,13,282363,6276
2020-09-16,Guam,66,2982,29
2020-09-16,Hawaii,15,11052,102
2020-09-16,Idaho,16,36594,430
2020-09-16,Illinois,17,269282,8622
2020-09-16,Indiana,18,110025,3472
2020-09-16,Iowa,19,76680,1248
2020-09-16,Kansas,20,51829,586
2020-09-16,Kentucky,21,62723,1118
2020-09-16,Louisiana,22,159865,5294
2020-09-16,Maine,23,4941,138
2020-09-16,Maryland,24,118387,3855
2020-09-16,Massachusetts,25,125699,9245
2020-09-16,Michigan,26,125782,6944
2020-09-16,Minnesota,27,85865,1985
2020-09-16,Mississippi,28,91234,2756
2020-09-16,Missouri,29,108997,1844
2020-09-16,Montana,30,9487,141
2020-09-16,Nebraska,31,39419,455
2020-09-16,Nevada,32,74377,1496
2020-09-16,New Hampshire,33,7780,438
2020-09-16,New Jersey,34,199583,16054
2020-09-16,New Mexico,35,27041,832
2020-09-16,New York,36,451078,32662
2020-09-16,North Carolina,37,188800,3176
2020-09-16,North Dakota,38,16336,180
2020-09-16,Northern Mariana Islands,69,61,2
2020-09-16,Ohio,39,140518,4555
2020-09-16,Oklahoma,40,72284,924
2020-09-16,Oregon,41,29856,521
2020-09-16,Pennsylvania,42,151889,7963
2020-09-16,Puerto Rico,72,38284,570
2020-09-16,Rhode Island,44,23358,1081
2020-09-16,South Carolina,45,134122,3132
2020-09-16,South Dakota,46,17291,192
2020-09-16,Tennessee,47,174400,2127
2020-09-16,Texas,48,706034,14803
2020-09-16,Utah,49,59770,437
2020-09-16,Vermont,50,1702,58
2020-09-16,Virgin Islands,78,1232,19
2020-09-16,Virginia,51,136359,2884
2020-09-16,Washington,53,84714,2113
2020-09-16,West Virginia,54,13196,290
2020-09-16,Wisconsin,55,98501,1238
2020-09-16,Wyoming,56,4566,46
2020-09-17,Alabama,01,141757,2401
2020-09-17,Alaska,02,7413,41
2020-09-17,Arizona,04,211663,5411
2020-09-17,Arkansas,05,73211,1166
2020-09-17,California,06,776945,14807
2020-09-17,Colorado,08,63613,2016
2020-09-17,Connecticut,09,55386,4488
2020-09-17,Delaware,10,19318,619
2020-09-17,District of Columbia,11,14790,619
2020-09-17,Florida,12,674448,13085
2020-09-17,Georgia,13,284219,6328
2020-09-17,Guam,66,3014,31
2020-09-17,Hawaii,15,11211,106
2020-09-17,Idaho,16,36924,435
2020-09-17,Illinois,17,271370,8643
2020-09-17,Indiana,18,110863,3478
2020-09-17,Iowa,19,77865,1257
2020-09-17,Kansas,20,52039,586
2020-09-17,Kentucky,21,63412,1127
2020-09-17,Louisiana,22,160343,5311
2020-09-17,Maine,23,4962,138
2020-09-17,Maryland,24,119017,3861
2020-09-17,Massachusetts,25,126128,9260
2020-09-17,Michigan,26,126794,6956
2020-09-17,Minnesota,27,86774,1994
2020-09-17,Mississippi,28,91935,2780
2020-09-17,Missouri,29,110554,1864
2020-09-17,Montana,30,9721,143
2020-09-17,Nebraska,31,39921,457
2020-09-17,Nevada,32,74792,1509
2020-09-17,New Hampshire,33,7814,438
2020-09-17,New Jersey,34,200152,16057
2020-09-17,New Mexico,35,27199,836
2020-09-17,New York,36,451971,32669
2020-09-17,North Carolina,37,190307,3208
2020-09-17,North Dakota,38,16726,185
2020-09-17,Northern Mariana Islands,69,62,2
2020-09-17,Ohio,39,141585,4580
2020-09-17,Oklahoma,40,73318,930
2020-09-17,Oregon,41,30068,521
2020-09-17,Pennsylvania,42,152813,7978
2020-09-17,Puerto Rico,72,38867,588
2020-09-17,Rhode Island,44,23488,1085
2020-09-17,South Carolina,45,135446,3158
2020-09-17,South Dakota,46,17686,193
2020-09-17,Tennessee,47,175702,2141
2020-09-17,Texas,48,710423,14909
2020-09-17,Utah,49,60662,437
2020-09-17,Vermont,50,1705,58
2020-09-17,Virgin Islands,78,1238,19
2020-09-17,Virginia,51,137460,2920
2020-09-17,Washington,53,85101,2123
2020-09-17,West Virginia,54,13430,294
2020-09-17,Wisconsin,55,100619,1240
2020-09-17,Wyoming,56,4652,49
2020-09-18,Alabama,01,142863,2428
2020-09-18,Alaska,02,7528,42
2020-09-18,Arizona,04,213663,5455
2020-09-18,Arkansas,05,74082,1173
2020-09-18,California,06,781437,14912
2020-09-18,Colorado,08,64277,2020
2020-09-18,Connecticut,09,55527,4492
2020-09-18,Delaware,10,19366,620
2020-09-18,District of Columbia,11,14852,619
2020-09-18,Florida,12,677652,13224
2020-09-18,Georgia,13,286170,6390
2020-09-18,Guam,66,3043,34
2020-09-18,Hawaii,15,11348,119
2020-09-18,Idaho,16,37358,439
2020-09-18,Illinois,17,273596,8666
2020-09-18,Indiana,18,111900,3495
2020-09-18,Iowa,19,78839,1264
2020-09-18,Kansas,20,53403,596
2020-09-18,Kentucky,21,64155,1132
2020-09-18,Louisiana,22,161322,5340
2020-09-18,Maine,23,5005,138
2020-09-18,Maryland,24,119559,3869
2020-09-18,Massachusetts,25,126582,9269
2020-09-18,Michigan,26,127558,6955
2020-09-18,Minnesota,27,87859,2002
2020-09-18,Mississippi,28,92432,2792
2020-09-18,Missouri,29,112547,1892
2020-09-18,Montana,30,9934,146
2020-09-18,Nebraska,31,40387,457
2020-09-18,Nevada,32,75153,1526
2020-09-18,New Hampshire,33,7861,438
2020-09-18,New Jersey,34,200639,16061
2020-09-18,New Mexico,35,27350,841
2020-09-18,New York,36,452764,32682
2020-09-18,North Carolina,37,191672,3232
2020-09-18,North Dakota,38,17233,187
2020-09-18,Northern Mariana Islands,69,62,2
2020-09-18,Ohio,39,142596,4608
2020-09-18,Oklahoma,40,74567,939
2020-09-18,Oregon,41,30351,524
2020-09-18,Pennsylvania,42,153560,8006
2020-09-18,Puerto Rico,72,39684,599
2020-09-18,Rhode Island,44,23620,1088
2020-09-18,South Carolina,45,136318,3177
2020-09-18,South Dakota,46,18075,198
2020-09-18,Tennessee,47,177707,2173
2020-09-18,Texas,48,713652,15037
2020-09-18,Utah,49,61786,437
2020-09-18,Vermont,50,1706,58
2020-09-18,Virgin Islands,78,1257,19
2020-09-18,Virginia,51,138702,2949
2020-09-18,Washington,53,85583,2130
2020-09-18,West Virginia,54,13683,297
2020-09-18,Wisconsin,55,103211,1247
2020-09-18,Wyoming,56,4747,49
2020-09-19,Alabama,01,144164,2437
2020-09-19,Alaska,02,7613,42
2020-09-19,Arizona,04,213551,5471
2020-09-19,Arkansas,05,75160,1181
2020-09-19,California,06,785077,15023
2020-09-19,Colorado,08,64694,2022
2020-09-19,Connecticut,09,55527,4492
2020-09-19,Delaware,10,19449,621
2020-09-19,District of Columbia,11,14902,619
2020-09-19,Florida,12,681225,13286
2020-09-19,Georgia,13,288059,6450
2020-09-19,Guam,66,3043,35
2020-09-19,Hawaii,15,11457,119
2020-09-19,Idaho,16,37624,441
2020-09-19,Illinois,17,276057,8688
2020-09-19,Indiana,18,112982,3503
2020-09-19,Iowa,19,79785,1265
2020-09-19,Kansas,20,53420,596
2020-09-19,Kentucky,21,65068,1137
2020-09-19,Louisiana,22,161322,5340
2020-09-19,Maine,23,5035,139
2020-09-19,Maryland,24,120107,3876
2020-09-19,Massachusetts,25,127181,9295
2020-09-19,Michigan,26,128112,6970
2020-09-19,Minnesota,27,88773,2015
2020-09-19,Mississippi,28,93087,2809
2020-09-19,Missouri,29,113794,1905
2020-09-19,Montana,30,10193,156
2020-09-19,Nebraska,31,40797,457
2020-09-19,Nevada,32,75524,1528
2020-09-19,New Hampshire,33,7920,438
2020-09-19,New Jersey,34,201100,16064
2020-09-19,New Mexico,35,27512,847
2020-09-19,New York,36,453747,32679
2020-09-19,North Carolina,37,192751,3260
2020-09-19,North Dakota,38,17610,195
2020-09-19,Northern Mariana Islands,69,68,2
2020-09-19,Ohio,39,143547,4612
2020-09-19,Oklahoma,40,75804,943
2020-09-19,Oregon,41,30600,527
2020-09-19,Pennsylvania,42,154261,8028
2020-09-19,Puerto Rico,72,40993,605
2020-09-19,Rhode Island,44,23620,1088
2020-09-19,South Carolina,45,137240,3188
2020-09-19,South Dakota,46,18444,200
2020-09-19,Tennessee,47,179017,2193
2020-09-19,Texas,48,716914,15124
2020-09-19,Utah,49,62893,440
2020-09-19,Vermont,50,1710,58
2020-09-19,Virgin Islands,78,1257,19
2020-09-19,Virginia,51,139655,2990
2020-09-19,Washington,53,85886,2130
2020-09-19,West Virginia,54,13874,308
2020-09-19,Wisconsin,55,105609,1249
2020-09-19,Wyoming,56,4780,49
2020-09-20,Alabama,01,144962,2437
2020-09-20,Alaska,02,7704,42
2020-09-20,Arizona,04,214018,5480
2020-09-20,Arkansas,05,75723,1181
2020-09-20,California,06,788078,15018
2020-09-20,Colorado,08,65248,2023
2020-09-20,Connecticut,09,55527,4492
2020-09-20,Delaware,10,19566,621
2020-09-20,District of Columbia,11,14955,620
2020-09-20,Florida,12,683746,13295
2020-09-20,Georgia,13,289096,6453
2020-09-20,Guam,66,3043,35
2020-09-20,Hawaii,15,11534,119
2020-09-20,Idaho,16,37768,443
2020-09-20,Illinois,17,277373,8700
2020-09-20,Indiana,18,113728,3506
2020-09-20,Iowa,19,80410,1265
2020-09-20,Kansas,20,53433,597
2020-09-20,Kentucky,21,65413,1139
2020-09-20,Louisiana,22,162258,5366
2020-09-20,Maine,23,5079,139
2020-09-20,Maryland,24,120656,3879
2020-09-20,Massachusetts,25,127540,9310
2020-09-20,Michigan,26,128148,6971
2020-09-20,Minnesota,27,90069,2017
2020-09-20,Mississippi,28,93364,2810
2020-09-20,Missouri,29,115000,1896
2020-09-20,Montana,30,10325,157
2020-09-20,Nebraska,31,41083,457
2020-09-20,Nevada,32,75914,1532
2020-09-20,New Hampshire,33,7947,438
2020-09-20,New Jersey,34,201553,16067
2020-09-20,New Mexico,35,27579,849
2020-09-20,New York,36,454612,32686
2020-09-20,North Carolina,37,193978,3270
2020-09-20,North Dakota,38,17961,195
2020-09-20,Northern Mariana Islands,69,68,2
2020-09-20,Ohio,39,144309,4615
2020-09-20,Oklahoma,40,76807,946
2020-09-20,Oregon,41,30802,528
2020-09-20,Pennsylvania,42,154924,8049
2020-09-20,Puerto Rico,72,41838,608
2020-09-20,Rhode Island,44,23620,1088
2020-09-20,South Carolina,45,137708,3199
2020-09-20,South Dakota,46,18696,202
2020-09-20,Tennessee,47,180621,2195
2020-09-20,Texas,48,722460,15159
2020-09-20,Utah,49,63774,440
2020-09-20,Vermont,50,1715,58
2020-09-20,Virgin Islands,78,1269,19
2020-09-20,Virginia,51,140511,3015
2020-09-20,Washington,53,86169,2130
2020-09-20,West Virginia,54,14054,310
2020-09-20,Wisconsin,55,107343,1250
2020-09-20,Wyoming,56,4871,49
2020-09-21,Alabama,01,145780,2439
2020-09-21,Alaska,02,7775,42
2020-09-21,Arizona,04,214251,5482
2020-09-21,Arkansas,05,76364,1197
2020-09-21,California,06,792220,15069
2020-09-21,Colorado,08,65936,2031
2020-09-21,Connecticut,09,56024,4495
2020-09-21,Delaware,10,19667,627
2020-09-21,District of Columbia,11,14978,621
2020-09-21,Florida,12,685431,13316
2020-09-21,Georgia,13,289975,6455
2020-09-21,Guam,66,3116,36
2020-09-21,Hawaii,15,11590,119
2020-09-21,Idaho,16,38196,447
2020-09-21,Illinois,17,279032,8717
2020-09-21,Indiana,18,114251,3512
2020-09-21,Iowa,19,81006,1284
2020-09-21,Kansas,20,54956,604
2020-09-21,Kentucky,21,65905,1141
2020-09-21,Louisiana,22,162501,5375
2020-09-21,Maine,23,5106,140
2020-09-21,Maryland,24,121068,3883
2020-09-21,Massachusetts,25,127796,9317
2020-09-21,Michigan,26,129655,6982
2020-09-21,Minnesota,27,90994,2021
2020-09-21,Mississippi,28,93556,2810
2020-09-21,Missouri,29,116814,1936
2020-09-21,Montana,30,10509,160
2020-09-21,Nebraska,31,41388,464
2020-09-21,Nevada,32,76119,1531
2020-09-21,New Hampshire,33,7952,438
2020-09-21,New Jersey,34,201945,16069
2020-09-21,New Mexico,35,27683,851
2020-09-21,New York,36,455187,32691
2020-09-21,North Carolina,37,195093,3283
2020-09-21,North Dakota,38,18247,196
2020-09-21,Northern Mariana Islands,69,69,2
2020-09-21,Ohio,39,145165,4623
2020-09-21,Oklahoma,40,77908,948
2020-09-21,Oregon,41,30999,532
2020-09-21,Pennsylvania,42,155729,8080
2020-09-21,Puerto Rico,72,42476,609
2020-09-21,Rhode Island,44,23932,1097
2020-09-21,South Carolina,45,138124,3212
2020-09-21,South Dakota,46,18869,202
2020-09-21,Tennessee,47,181725,2209
2020-09-21,Texas,48,744736,15212
2020-09-21,Utah,49,64404,441
2020-09-21,Vermont,50,1719,58
2020-09-21,Virgin Islands,78,1269,19
2020-09-21,Virginia,51,141138,3021
2020-09-21,Washington,53,86803,2137
2020-09-21,West Virginia,54,14171,312
2020-09-21,Wisconsin,55,108656,1253
2020-09-21,Wyoming,56,4944,49
2020-09-22,Alabama,01,146584,2457
2020-09-22,Alaska,02,7821,42
2020-09-22,Arizona,04,214846,5501
2020-09-22,Arkansas,05,76981,1209
2020-09-22,California,06,795080,15209
2020-09-22,Colorado,08,66552,2034
2020-09-22,Connecticut,09,56160,4496
2020-09-22,Delaware,10,19761,628
2020-09-22,District of Columbia,11,15021,621
2020-09-22,Florida,12,687901,13415
2020-09-22,Georgia,13,290930,6524
2020-09-22,Guam,66,3159,38
2020-09-22,Hawaii,15,11653,119
2020-09-22,Idaho,16,38676,452
2020-09-22,Illinois,17,280511,8741
2020-09-22,Indiana,18,114864,3520
2020-09-22,Iowa,19,81674,1293
2020-09-22,Kansas,20,55237,618
2020-09-22,Kentucky,21,66624,1148
2020-09-22,Louisiana,22,163253,5386
2020-09-22,Maine,23,5146,140
2020-09-22,Maryland,24,121409,3895
2020-09-22,Massachusetts,25,127969,9328
2020-09-22,Michigan,26,130406,6998
2020-09-22,Minnesota,27,91474,2031
2020-09-22,Mississippi,28,94021,2846
2020-09-22,Missouri,29,118574,1974
2020-09-22,Montana,30,10792,163
2020-09-22,Nebraska,31,41828,473
2020-09-22,Nevada,32,76376,1546
2020-09-22,New Hampshire,33,7990,438
2020-09-22,New Jersey,34,202371,16076
2020-09-22,New Mexico,35,27790,854
2020-09-22,New York,36,455938,32690
2020-09-22,North Carolina,37,196258,3320
2020-09-22,North Dakota,38,18511,199
2020-09-22,Northern Mariana Islands,69,69,2
2020-09-22,Ohio,39,145850,4635
2020-09-22,Oklahoma,40,79072,962
2020-09-22,Oregon,41,31323,535
2020-09-22,Pennsylvania,42,156512,8099
2020-09-22,Puerto Rico,72,42596,613
2020-09-22,Rhode Island,44,24044,1099
2020-09-22,South Carolina,45,140789,3243
2020-09-22,South Dakota,46,19189,202
2020-09-22,Tennessee,47,182546,2236
2020-09-22,Texas,48,749069,15322
2020-09-22,Utah,49,65058,443
2020-09-22,Vermont,50,1721,58
2020-09-22,Virgin Islands,78,1278,19
2020-09-22,Virginia,51,142010,3060
2020-09-22,Washington,53,87233,2163
2020-09-22,West Virginia,54,14384,317
2020-09-22,Wisconsin,55,110393,1259
2020-09-22,Wyoming,56,5016,49
2020-09-23,Alabama,01,147153,2488
2020-09-23,Alaska,02,7875,42
2020-09-23,Arizona,04,215284,5526
2020-09-23,Arkansas,05,77963,1229
2020-09-23,California,06,798351,15313
2020-09-23,Colorado,08,67186,2038
2020-09-23,Connecticut,09,56315,4497
2020-09-23,Delaware,10,19830,629
2020-09-23,District of Columbia,11,15050,621
2020-09-23,Florida,12,690491,13617
2020-09-23,Georgia,13,292797,6620
2020-09-23,Guam,66,3204,38
2020-09-23,Hawaii,15,11820,121
2020-09-23,Idaho,16,39030,454
2020-09-23,Illinois,17,282331,8762
2020-09-23,Indiana,18,115578,3530
2020-09-23,Iowa,19,82956,1298
2020-09-23,Kansas,20,56355,629
2020-09-23,Kentucky,21,67590,1161
2020-09-23,Louisiana,22,163869,5407
2020-09-23,Maine,23,5171,140
2020-09-23,Maryland,24,121793,3902
2020-09-23,Massachusetts,25,128512,9347
2020-09-23,Michigan,26,131292,7013
2020-09-23,Minnesota,27,92152,2037
2020-09-23,Mississippi,28,94573,2870
2020-09-23,Missouri,29,120124,2035
2020-09-23,Montana,30,11034,165
2020-09-23,Nebraska,31,42278,477
2020-09-23,Nevada,32,76907,1556
2020-09-23,New Hampshire,33,8007,438
2020-09-23,New Jersey,34,202779,16082
2020-09-23,New Mexico,35,27987,857
2020-09-23,New York,36,456604,32691
2020-09-23,North Carolina,37,197431,3345
2020-09-23,North Dakota,38,18984,206
2020-09-23,Northern Mariana Islands,69,69,2
2020-09-23,Ohio,39,146753,4687
2020-09-23,Oklahoma,40,80161,970
2020-09-23,Oregon,41,31513,538
2020-09-23,Pennsylvania,42,157373,8137
2020-09-23,Puerto Rico,72,42660,617
2020-09-23,Rhode Island,44,24177,1102
2020-09-23,South Carolina,45,141686,3262
2020-09-23,South Dakota,46,19634,202
2020-09-23,Tennessee,47,184068,2252
2020-09-23,Texas,48,753551,15455
2020-09-23,Utah,49,65948,444
2020-09-23,Vermont,50,1722,58
2020-09-23,Virgin Islands,78,1290,19
2020-09-23,Virginia,51,142590,3089
2020-09-23,Washington,53,88042,2175
2020-09-23,West Virginia,54,14504,319
2020-09-23,Wisconsin,55,112276,1269
2020-09-23,Wyoming,56,5169,50
2020-09-24,Alabama,01,148206,2506
2020-09-24,Alaska,02,8015,43
2020-09-24,Arizona,04,215852,5560
2020-09-24,Arkansas,05,79049,1246
2020-09-24,California,06,801674,15389
2020-09-24,Colorado,08,67745,2042
2020-09-24,Connecticut,09,56472,4499
2020-09-24,Delaware,10,19947,630
2020-09-24,District of Columbia,11,15106,621
2020-09-24,Florida,12,693032,13794
2020-09-24,Georgia,13,294334,6667
2020-09-24,Guam,66,3232,39
2020-09-24,Hawaii,15,11908,123
2020-09-24,Idaho,16,39547,458
2020-09-24,Illinois,17,284620,8793
2020-09-24,Indiana,18,116481,3548
2020-09-24,Iowa,19,83993,1303
2020-09-24,Kansas,20,56461,633
2020-09-24,Kentucky,21,68230,1166
2020-09-24,Louisiana,22,164446,5423
2020-09-24,Maine,23,5215,140
2020-09-24,Maryland,24,122293,3909
2020-09-24,Massachusetts,25,128993,9362
2020-09-24,Michigan,26,132400,7020
2020-09-24,Minnesota,27,93064,2040
2020-09-24,Mississippi,28,95310,2874
2020-09-24,Missouri,29,121485,2055
2020-09-24,Montana,30,11381,165
2020-09-24,Nebraska,31,42731,478
2020-09-24,Nevada,32,77338,1565
2020-09-24,New Hampshire,33,8044,438
2020-09-24,New Jersey,34,203343,16091
2020-09-24,New Mexico,35,28224,859
2020-09-24,New York,36,457557,32696
2020-09-24,North Carolina,37,199236,3380
2020-09-24,North Dakota,38,19454,215
2020-09-24,Northern Mariana Islands,69,69,2
2020-09-24,Ohio,39,147744,4715
2020-09-24,Oklahoma,40,81244,981
2020-09-24,Oregon,41,31869,540
2020-09-24,Pennsylvania,42,158221,8150
2020-09-24,Puerto Rico,72,43842,627
2020-09-24,Rhode Island,44,24311,1106
2020-09-24,South Carolina,45,142707,3279
2020-09-24,South Dakota,46,20097,210
2020-09-24,Tennessee,47,185121,2287
2020-09-24,Texas,48,758379,15587
2020-09-24,Utah,49,67167,444
2020-09-24,Vermont,50,1724,58
2020-09-24,Virgin Islands,78,1290,19
2020-09-24,Virginia,51,143492,3113
2020-09-24,Washington,53,88597,2175
2020-09-24,West Virginia,54,14706,325
2020-09-24,Wisconsin,55,114743,1275
2020-09-24,Wyoming,56,5305,50
2020-09-25,Alabama,01,150658,2491
2020-09-25,Alaska,02,8133,48
2020-09-25,Arizona,04,216367,5588
2020-09-25,Arkansas,05,79946,1266
2020-09-25,California,06,805736,15533
2020-09-25,Colorado,08,68506,2045
2020-09-25,Connecticut,09,56587,4501
2020-09-25,Delaware,10,20085,631
2020-09-25,District of Columbia,11,15163,623
2020-09-25,Florida,12,695879,13914
2020-09-25,Georgia,13,296089,6717
2020-09-25,Guam,66,3255,40
2020-09-25,Hawaii,15,12039,126
2020-09-25,Idaho,16,40228,458
2020-09-25,Illinois,17,287375,8826
2020-09-25,Indiana,18,117656,3566
2020-09-25,Iowa,19,85031,1312
2020-09-25,Kansas,20,57852,634
2020-09-25,Kentucky,21,69150,1179
2020-09-25,Louisiana,22,165152,5444
2020-09-25,Maine,23,5235,140
2020-09-25,Maryland,24,122850,3917
2020-09-25,Massachusetts,25,129481,9373
2020-09-25,Michigan,26,133443,7028
2020-09-25,Minnesota,27,94241,2046
2020-09-25,Mississippi,28,96032,2894
2020-09-25,Missouri,29,123544,2075
2020-09-25,Montana,30,11656,170
2020-09-25,Nebraska,31,43162,483
2020-09-25,Nevada,32,77930,1573
2020-09-25,New Hampshire,33,8085,438
2020-09-25,New Jersey,34,203891,16097
2020-09-25,New Mexico,35,28487,865
2020-09-25,New York,36,458466,32708
2020-09-25,North Carolina,37,204658,3427
2020-09-25,North Dakota,38,19888,222
2020-09-25,Northern Mariana Islands,69,69,2
2020-09-25,Ohio,39,148894,4734
2020-09-25,Oklahoma,40,82520,993
2020-09-25,Oregon,41,32328,545
2020-09-25,Pennsylvania,42,159051,8157
2020-09-25,Puerto Rico,72,44905,635
2020-09-25,Rhode Island,44,24181,1107
2020-09-25,South Carolina,45,143902,3297
2020-09-25,South Dakota,46,20554,216
2020-09-25,Tennessee,47,186769,2326
2020-09-25,Texas,48,761644,15637
2020-09-25,Utah,49,68537,448
2020-09-25,Vermont,50,1731,58
2020-09-25,Virgin Islands,78,1296,19
2020-09-25,Virginia,51,144433,3136
2020-09-25,Washington,53,89149,2193
2020-09-25,West Virginia,54,14953,330
2020-09-25,Wisconsin,55,117355,1285
2020-09-25,Wyoming,56,5420,50
2020-09-26,Alabama,01,151591,2501
2020-09-26,Alaska,02,8244,48
2020-09-26,Arizona,04,216826,5623
2020-09-26,Arkansas,05,80755,1285
2020-09-26,California,06,809215,15588
2020-09-26,Colorado,08,68973,2047
2020-09-26,Connecticut,09,56587,4501
2020-09-26,Delaware,10,20156,633
2020-09-26,District of Columbia,11,15215,624
2020-09-26,Florida,12,698674,14021
2020-09-26,Georgia,13,297553,6758
2020-09-26,Guam,66,3255,40
2020-09-26,Hawaii,15,12166,130
2020-09-26,Idaho,16,40411,460
2020-09-26,Illinois,17,289683,8847
2020-09-26,Indiana,18,118819,3577
2020-09-26,Iowa,19,85908,1314
2020-09-26,Kansas,20,57852,634
2020-09-26,Kentucky,21,70038,1185
2020-09-26,Louisiana,22,165152,5444
2020-09-26,Maine,23,5260,140
2020-09-26,Maryland,24,123328,3925
2020-09-26,Massachusetts,25,130050,9391
2020-09-26,Michigan,26,134372,7044
2020-09-26,Minnesota,27,95711,2056
2020-09-26,Mississippi,28,96677,2911
2020-09-26,Missouri,29,124939,2118
2020-09-26,Montana,30,11943,171
2020-09-26,Nebraska,31,43596,484
2020-09-26,Nevada,32,78464,1583
2020-09-26,New Hampshire,33,8121,439
2020-09-26,New Jersey,34,204641,16103
2020-09-26,New Mexico,35,28692,870
2020-09-26,New York,36,459472,32713
2020-09-26,North Carolina,37,206241,3458
2020-09-26,North Dakota,38,20383,230
2020-09-26,Northern Mariana Islands,69,69,2
2020-09-26,Ohio,39,150009,4740
2020-09-26,Oklahoma,40,83510,1004
2020-09-26,Oregon,41,32581,549
2020-09-26,Pennsylvania,42,159937,8177
2020-09-26,Puerto Rico,72,45413,642
2020-09-26,Rhode Island,44,24181,1107
2020-09-26,South Carolina,45,145273,3323
2020-09-26,South Dakota,46,21133,218
2020-09-26,Tennessee,47,188205,2347
2020-09-26,Texas,48,764642,15792
2020-09-26,Utah,49,69556,448
2020-09-26,Vermont,50,1739,58
2020-09-26,Virgin Islands,78,1317,19
2020-09-26,Virginia,51,145408,3144
2020-09-26,Washington,53,89514,2196
2020-09-26,West Virginia,54,15158,332
2020-09-26,Wisconsin,55,120249,1291
2020-09-26,Wyoming,56,5465,50
2020-09-27,Alabama,01,152321,2502
2020-09-27,Alaska,02,8359,52
2020-09-27,Arizona,04,217237,5623
2020-09-27,Arkansas,05,81242,1308
2020-09-27,California,06,811699,15608
2020-09-27,Colorado,08,69472,2048
2020-09-27,Connecticut,09,56587,4501
2020-09-27,Delaware,10,20260,633
2020-09-27,District of Columbia,11,15250,624
2020-09-27,Florida,12,700556,14031
2020-09-27,Georgia,13,298321,6789
2020-09-27,Guam,66,3255,40
2020-09-27,Hawaii,15,12264,131
2020-09-27,Idaho,16,40501,460
2020-09-27,Illinois,17,291271,8859
2020-09-27,Indiana,18,119721,3580
2020-09-27,Iowa,19,86624,1316
2020-09-27,Kansas,20,57978,636
2020-09-27,Kentucky,21,70385,1189
2020-09-27,Louisiana,22,166075,5465
2020-09-27,Maine,23,5288,140
2020-09-27,Maryland,24,123895,3935
2020-09-27,Massachusetts,25,130642,9404
2020-09-27,Michigan,26,134409,7044
2020-09-27,Minnesota,27,96786,2060
2020-09-27,Mississippi,28,96859,2919
2020-09-27,Missouri,29,126115,2117
2020-09-27,Montana,30,12126,173
2020-09-27,Nebraska,31,44063,485
2020-09-27,Nevada,32,78820,1585
2020-09-27,New Hampshire,33,8172,439
2020-09-27,New Jersey,34,205339,16106
2020-09-27,New Mexico,35,28844,870
2020-09-27,New York,36,460340,32722
2020-09-27,North Carolina,37,207407,3460
2020-09-27,North Dakota,38,20727,234
2020-09-27,Northern Mariana Islands,69,69,2
2020-09-27,Ohio,39,150809,4741
2020-09-27,Oklahoma,40,84333,1006
2020-09-27,Oregon,41,32820,549
2020-09-27,Pennsylvania,42,160770,8180
2020-09-27,Puerto Rico,72,46304,644
2020-09-27,Rhode Island,44,24181,1107
2020-09-27,South Carolina,45,145887,3326
2020-09-27,South Dakota,46,21541,218
2020-09-27,Tennessee,47,190037,2350
2020-09-27,Texas,48,770539,15831
2020-09-27,Utah,49,70616,453
2020-09-27,Vermont,50,1742,58
2020-09-27,Virgin Islands,78,1317,19
2020-09-27,Virginia,51,146144,3159
2020-09-27,Washington,53,89822,2196
2020-09-27,West Virginia,54,15348,334
2020-09-27,Wisconsin,55,122498,1291
2020-09-27,Wyoming,56,5633,50
2020-09-28,Alabama,01,152983,2501
2020-09-28,Alaska,02,8477,52
2020-09-28,Arizona,04,217513,5624
2020-09-28,Arkansas,05,82049,1329
2020-09-28,California,06,814797,15641
2020-09-28,Colorado,08,69967,2052
2020-09-28,Connecticut,09,57147,4503
2020-09-28,Delaware,10,20389,634
2020-09-28,District of Columbia,11,15264,624
2020-09-28,Florida,12,701294,14036
2020-09-28,Georgia,13,298963,6803
2020-09-28,Guam,66,3255,40
2020-09-28,Hawaii,15,12351,131
2020-09-28,Idaho,16,41386,460
2020-09-28,Illinois,17,293169,8877
2020-09-28,Indiana,18,120581,3591
2020-09-28,Iowa,19,87256,1324
2020-09-28,Kansas,20,59793,641
2020-09-28,Kentucky,21,71003,1195
2020-09-28,Louisiana,22,166315,5480
2020-09-28,Maine,23,5300,140
2020-09-28,Maryland,24,124371,3938
2020-09-28,Massachusetts,25,131072,9415
2020-09-28,Michigan,26,135782,7052
2020-09-28,Minnesota,27,97690,2067
2020-09-28,Mississippi,28,97049,2921
2020-09-28,Missouri,29,127894,2132
2020-09-28,Montana,30,12538,174
2020-09-28,Nebraska,31,44578,487
2020-09-28,Nevada,32,79313,1586
2020-09-28,New Hampshire,33,8208,439
2020-09-28,New Jersey,34,205898,16107
2020-09-28,New Mexico,35,28985,873
2020-09-28,New York,36,461176,32737
2020-09-28,North Carolina,37,208497,3469
2020-09-28,North Dakota,38,20986,237
2020-09-28,Northern Mariana Islands,69,69,2
2020-09-28,Ohio,39,151802,4746
2020-09-28,Oklahoma,40,85194,1007
2020-09-28,Oregon,41,32995,549
2020-09-28,Pennsylvania,42,161642,8181
2020-09-28,Puerto Rico,72,47422,648
2020-09-28,Rhode Island,44,24424,1110
2020-09-28,South Carolina,45,146455,3337
2020-09-28,South Dakota,46,21738,218
2020-09-28,Tennessee,47,190991,2362
2020-09-28,Texas,48,773679,15898
2020-09-28,Utah,49,71442,453
2020-09-28,Vermont,50,1745,58
2020-09-28,Virgin Islands,78,1318,20
2020-09-28,Virginia,51,146593,3172
2020-09-28,Washington,53,90596,2199
2020-09-28,West Virginia,54,15512,337
2020-09-28,Wisconsin,55,124320,1293
2020-09-28,Wyoming,56,5754,50
2020-09-29,Alabama,01,153554,2517
2020-09-29,Alaska,02,8602,52
2020-09-29,Arizona,04,218185,5632
2020-09-29,Arkansas,05,82755,1350
2020-09-29,California,06,817940,15791
2020-09-29,Colorado,08,70458,2058
2020-09-29,Connecticut,09,57329,4505
2020-09-29,Delaware,10,20531,635
2020-09-29,District of Columbia,11,15300,626
2020-09-29,Florida,12,704560,14142
2020-09-29,Georgia,13,300019,6836
2020-09-29,Guam,66,3412,48
2020-09-29,Hawaii,15,12436,133
2020-09-29,Idaho,16,41854,466
2020-09-29,Illinois,17,294673,8901
2020-09-29,Indiana,18,121327,3612
2020-09-29,Iowa,19,88234,1341
2020-09-29,Kansas,20,59951,650
2020-09-29,Kentucky,21,71921,1205
2020-09-29,Louisiana,22,166848,5490
2020-09-29,Maine,23,5337,141
2020-09-29,Maryland,24,124805,3946
2020-09-29,Massachusetts,25,131584,9423
2020-09-29,Michigan,26,136899,7073
2020-09-29,Minnesota,27,98499,2072
2020-09-29,Mississippi,28,97638,2957
2020-09-29,Missouri,29,128816,2148
2020-09-29,Montana,30,12825,177
2020-09-29,Nebraska,31,45044,493
2020-09-29,Nevada,32,79691,1594
2020-09-29,New Hampshire,33,8233,439
2020-09-29,New Jersey,34,206354,16117
2020-09-29,New Mexico,35,29157,875
2020-09-29,New York,36,462364,32743
2020-09-29,North Carolina,37,209384,3511
2020-09-29,North Dakota,38,21404,242
2020-09-29,Northern Mariana Islands,69,69,2
2020-09-29,Ohio,39,152907,4783
2020-09-29,Oklahoma,40,86219,1018
2020-09-29,Oregon,41,33297,555
2020-09-29,Pennsylvania,42,163219,8196
2020-09-29,Puerto Rico,72,48467,654
2020-09-29,Rhode Island,44,24556,1113
2020-09-29,South Carolina,45,147634,3359
2020-09-29,South Dakota,46,21997,223
2020-09-29,Tennessee,47,191859,2393
2020-09-29,Texas,48,780543,15994
2020-09-29,Utah,49,72136,457
2020-09-29,Vermont,50,1749,58
2020-09-29,Virgin Islands,78,1318,20
2020-09-29,Virginia,51,147516,3187
2020-09-29,Washington,53,91011,2218
2020-09-29,West Virginia,54,15692,345
2020-09-29,Wisconsin,55,126744,1312
2020-09-29,Wyoming,56,5821,50
2020-09-30,Alabama,01,154701,2540
2020-09-30,Alaska,02,8707,52
2020-09-30,Arizona,04,218511,5654
2020-09-30,Arkansas,05,83697,1369
2020-09-30,California,06,821126,15898
2020-09-30,Colorado,08,71090,2061
2020-09-30,Connecticut,09,57550,4508
2020-09-30,Delaware,10,20613,636
2020-09-30,District of Columbia,11,15326,627
2020-09-30,Florida,12,706508,14316
2020-09-30,Georgia,13,301485,6861
2020-09-30,Guam,66,3457,50
2020-09-30,Hawaii,15,12555,135
2020-09-30,Idaho,16,42549,469
2020-09-30,Illinois,17,296935,8935
2020-09-30,Indiana,18,122295,3632
2020-09-30,Iowa,19,89248,1358
2020-09-30,Kansas,20,60957,678
2020-09-30,Kentucky,21,72830,1208
2020-09-30,Louisiana,22,167458,5511
2020-09-30,Maine,23,5391,141
2020-09-30,Maryland,24,125217,3949
2020-09-30,Massachusetts,25,132116,9456
2020-09-30,Michigan,26,138074,7084
2020-09-30,Minnesota,27,99187,2089
2020-09-30,Mississippi,28,98190,2969
2020-09-30,Missouri,29,130065,2157
2020-09-30,Montana,30,13179,180
2020-09-30,Nebraska,31,45564,493
2020-09-30,Nevada,32,80084,1600
2020-09-30,New Hampshire,33,8266,439
2020-09-30,New Jersey,34,207062,16122
2020-09-30,New Mexico,35,29435,877
2020-09-30,New York,36,463369,32757
2020-09-30,North Carolina,37,211004,3565
2020-09-30,North Dakota,38,21849,250
2020-09-30,Northern Mariana Islands,69,70,2
2020-09-30,Ohio,39,153987,4804
2020-09-30,Oklahoma,40,87199,1031
2020-09-30,Oregon,41,33554,560
2020-09-30,Pennsylvania,42,164135,8216
2020-09-30,Puerto Rico,72,48755,661
2020-09-30,Rhode Island,44,24748,1114
2020-09-30,South Carolina,45,147942,3378
2020-09-30,South Dakota,46,22389,223
2020-09-30,Tennessee,47,193357,2429
2020-09-30,Texas,48,784027,16102
2020-09-30,Utah,49,73053,460
2020-09-30,Vermont,50,1752,58
2020-09-30,Virgin Islands,78,1318,20
2020-09-30,Virginia,51,148271,3208
2020-09-30,Washington,53,91560,2222
2020-09-30,West Virginia,54,15848,350
2020-09-30,Wisconsin,55,129172,1338
2020-09-30,Wyoming,56,5948,50
2020-10-01,Alabama,01,155744,2548
2020-10-01,Alaska,02,8838,53
2020-10-01,Arizona,04,219214,5674
2020-10-01,Arkansas,05,84821,1384
2020-10-01,California,06,824307,15989
2020-10-01,Colorado,08,71723,2064
2020-10-01,Connecticut,09,57742,4511
2020-10-01,Delaware,10,20787,636
2020-10-01,District of Columbia,11,15358,628
2020-10-01,Florida,12,709136,14443
2020-10-01,Georgia,13,303010,6903
2020-10-01,Guam,66,3519,50
2020-10-01,Hawaii,15,12660,138
2020-10-01,Idaho,16,42915,473
2020-10-01,Illinois,17,299111,8956
2020-10-01,Indiana,18,123459,3645
2020-10-01,Iowa,19,90483,1366
2020-10-01,Kansas,20,61103,678
2020-10-01,Kentucky,21,73619,1225
2020-10-01,Louisiana,22,168009,5519
2020-10-01,Maine,23,5431,142
2020-10-01,Maryland,24,125997,3949
2020-10-01,Massachusetts,25,132870,9480
2020-10-01,Michigan,26,139064,7103
2020-10-01,Minnesota,27,100253,2102
2020-10-01,Mississippi,28,98886,2979
2020-10-01,Missouri,29,131778,2184
2020-10-01,Montana,30,13626,181
2020-10-01,Nebraska,31,46185,497
2020-10-01,Nevada,32,80507,1603
2020-10-01,New Hampshire,33,8317,441
2020-10-01,New Jersey,34,207676,16127
2020-10-01,New Mexico,35,29661,882
2020-10-01,New York,36,464752,32768
2020-10-01,North Carolina,37,213218,3601
2020-10-01,North Dakota,38,22221,259
2020-10-01,Northern Mariana Islands,69,70,2
2020-10-01,Ohio,39,155314,4817
2020-10-01,Oklahoma,40,88369,1035
2020-10-01,Oregon,41,33865,561
2020-10-01,Pennsylvania,42,165078,8234
2020-10-01,Puerto Rico,72,49067,665
2020-10-01,Rhode Island,44,24914,1117
2020-10-01,South Carolina,45,148323,3400
2020-10-01,South Dakota,46,23136,236
2020-10-01,Tennessee,47,194601,2473
2020-10-01,Texas,48,788066,16220
2020-10-01,Utah,49,74099,460
2020-10-01,Vermont,50,1755,58
2020-10-01,Virgin Islands,78,1326,20
2020-10-01,Virginia,51,148721,3228
2020-10-01,Washington,53,92166,2227
2020-10-01,West Virginia,54,16024,354
2020-10-01,Wisconsin,55,132176,1358
2020-10-01,Wyoming,56,6083,53
2020-10-02,Alabama,01,156698,2550
2020-10-02,Alaska,02,8964,53
2020-10-02,Arizona,04,219778,5693
2020-10-02,Arkansas,05,85779,1391
2020-10-02,California,06,828365,16074
2020-10-02,Colorado,08,72454,2069
2020-10-02,Connecticut,09,58297,4513
2020-10-02,Delaware,10,20937,642
2020-10-02,District of Columbia,11,15423,629
2020-10-02,Florida,12,711796,14553
2020-10-02,Georgia,13,304406,6945
2020-10-02,Guam,66,3586,51
2020-10-02,Hawaii,15,12754,141
2020-10-02,Idaho,16,43528,478
2020-10-02,Illinois,17,301540,9007
2020-10-02,Indiana,18,124959,3656
2020-10-02,Iowa,19,91483,1377
2020-10-02,Kansas,20,62424,699
2020-10-02,Kentucky,21,74566,1232
2020-10-02,Louisiana,22,168826,5545
2020-10-02,Maine,23,5468,142
2020-10-02,Maryland,24,126711,3950
2020-10-02,Massachusetts,25,133631,9490
2020-10-02,Michigan,26,140057,7110
2020-10-02,Minnesota,27,101419,2112
2020-10-02,Mississippi,28,99558,2999
2020-10-02,Missouri,29,133725,2207
2020-10-02,Montana,30,14044,186
2020-10-02,Nebraska,31,46977,498
2020-10-02,Nevada,32,81285,1611
2020-10-02,New Hampshire,33,8534,442
2020-10-02,New Jersey,34,208416,16131
2020-10-02,New Mexico,35,30000,887
2020-10-02,New York,36,466353,32789
2020-10-02,North Carolina,37,215035,3628
2020-10-02,North Dakota,38,22697,267
2020-10-02,Northern Mariana Islands,69,70,2
2020-10-02,Ohio,39,156809,4905
2020-10-02,Oklahoma,40,89559,1044
2020-10-02,Oregon,41,34180,566
2020-10-02,Pennsylvania,42,166270,8254
2020-10-02,Puerto Rico,72,49747,673
2020-10-02,Rhode Island,44,25076,1118
2020-10-02,South Carolina,45,149185,3409
2020-10-02,South Dakota,46,23522,237
2020-10-02,Tennessee,47,195680,2489
2020-10-02,Texas,48,793962,16307
2020-10-02,Utah,49,75175,474
2020-10-02,Vermont,50,1768,58
2020-10-02,Virgin Islands,78,1326,20
2020-10-02,Virginia,51,149687,3250
2020-10-02,Washington,53,92727,2239
2020-10-02,West Virginia,54,16307,355
2020-10-02,Wisconsin,55,134996,1364
2020-10-02,Wyoming,56,6214,53
2020-10-03,Alabama,01,158380,2558
2020-10-03,Alaska,02,9111,54
2020-10-03,Arizona,04,220403,5705
2020-10-03,Arkansas,05,86525,1407
2020-10-03,California,06,831495,16122
2020-10-03,Colorado,08,72929,2071
2020-10-03,Connecticut,09,58297,4513
2020-10-03,Delaware,10,21125,645
2020-10-03,District of Columbia,11,15473,629
2020-10-03,Florida,12,714583,14627
2020-10-03,Georgia,13,305941,6972
2020-10-03,Guam,66,3668,52
2020-10-03,Hawaii,15,12887,152
2020-10-03,Idaho,16,43702,480
2020-10-03,Illinois,17,303807,9033
2020-10-03,Indiana,18,126414,3669
2020-10-03,Iowa,19,92302,1381
2020-10-03,Kansas,20,62446,698
2020-10-03,Kentucky,21,75576,1239
2020-10-03,Louisiana,22,168826,5545
2020-10-03,Maine,23,5486,142
2020-10-03,Maryland,24,127194,3957
2020-10-03,Massachusetts,25,134303,9507
2020-10-03,Michigan,26,141236,7125
2020-10-03,Minnesota,27,102840,2126
2020-10-03,Mississippi,28,100167,3011
2020-10-03,Missouri,29,134826,2220
2020-10-03,Montana,30,14490,186
2020-10-03,Nebraska,31,47403,503
2020-10-03,Nevada,32,81829,1623
2020-10-03,New Hampshire,33,8597,442
2020-10-03,New Jersey,34,209363,16135
2020-10-03,New Mexico,35,30296,890
2020-10-03,New York,36,468081,32794
2020-10-03,North Carolina,37,217049,3647
2020-10-03,North Dakota,38,23137,274
2020-10-03,Northern Mariana Islands,69,70,2
2020-10-03,Ohio,39,157966,4925
2020-10-03,Oklahoma,40,90748,1051
2020-10-03,Oregon,41,34512,572
2020-10-03,Pennsylvania,42,166270,8271
2020-10-03,Puerto Rico,72,50375,681
2020-10-03,Rhode Island,44,25076,1118
2020-10-03,South Carolina,45,150891,3442
2020-10-03,South Dakota,46,23986,248
2020-10-03,Tennessee,47,196870,2534
2020-10-03,Texas,48,799411,16440
2020-10-03,Utah,49,76231,476
2020-10-03,Vermont,50,1778,58
2020-10-03,Virgin Islands,78,1327,20
2020-10-03,Virginia,51,150803,3270
2020-10-03,Washington,53,93160,2238
2020-10-03,West Virginia,54,16468,357
2020-10-03,Wisconsin,55,138018,1383
2020-10-03,Wyoming,56,6365,53
2020-10-04,Alabama,01,159169,2558
2020-10-04,Alaska,02,9300,54
2020-10-04,Arizona,04,220757,5706
2020-10-04,Arkansas,05,87013,1425
2020-10-04,California,06,834636,16150
2020-10-04,Colorado,08,73389,2077
2020-10-04,Connecticut,09,58297,4513
2020-10-04,Delaware,10,21243,645
2020-10-04,District of Columbia,11,15519,631
2020-10-04,Florida,12,716451,14670
2020-10-04,Georgia,13,306778,6999
2020-10-04,Guam,66,3586,53
2020-10-04,Hawaii,15,12957,155
2020-10-04,Idaho,16,43964,482
2020-10-04,Illinois,17,305218,9050
2020-10-04,Indiana,18,127501,3674
2020-10-04,Iowa,19,92744,1387
2020-10-04,Kansas,20,62479,698
2020-10-04,Kentucky,21,76086,1242
2020-10-04,Louisiana,22,169719,5577
2020-10-04,Maine,23,5519,142
2020-10-04,Maryland,24,127785,3958
2020-10-04,Massachusetts,25,134947,9510
2020-10-04,Michigan,26,141287,7125
2020-10-04,Minnesota,27,103879,2133
2020-10-04,Mississippi,28,100488,3013
2020-10-04,Missouri,29,135691,2220
2020-10-04,Montana,30,14738,187
2020-10-04,Nebraska,31,47807,504
2020-10-04,Nevada,32,82134,1623
2020-10-04,New Hampshire,33,8645,443
2020-10-04,New Jersey,34,209989,16136
2020-10-04,New Mexico,35,30477,892
2020-10-04,New York,36,469307,32813
2020-10-04,North Carolina,37,217641,3653
2020-10-04,North Dakota,38,23553,277
2020-10-04,Northern Mariana Islands,69,73,2
2020-10-04,Ohio,39,158907,4925
2020-10-04,Oklahoma,40,91317,1052
2020-10-04,Oregon,41,34771,573
2020-10-04,Pennsylvania,42,168161,8287
2020-10-04,Puerto Rico,72,50675,686
2020-10-04,Rhode Island,44,25076,1118
2020-10-04,South Carolina,45,151582,3453
2020-10-04,South Dakota,46,24418,248
2020-10-04,Tennessee,47,198262,2550
2020-10-04,Texas,48,802440,16471
2020-10-04,Utah,49,77618,478
2020-10-04,Vermont,50,1785,58
2020-10-04,Virgin Islands,78,1327,20
2020-10-04,Virginia,51,151870,3273
2020-10-04,Washington,53,93527,2238
2020-10-04,West Virginia,54,16628,358
2020-10-04,Wisconsin,55,139941,1388
2020-10-04,Wyoming,56,6504,53
2020-10-05,Alabama,01,159713,2559
2020-10-05,Alaska,02,9511,54
2020-10-05,Arizona,04,221091,5707
2020-10-05,Arkansas,05,87430,1447
2020-10-05,California,06,837722,16179
2020-10-05,Colorado,08,74029,2085
2020-10-05,Connecticut,09,59120,4517
2020-10-05,Delaware,10,21363,645
2020-10-05,District of Columbia,11,15547,631
2020-10-05,Florida,12,717866,14711
2020-10-05,Georgia,13,328127,7028
2020-10-05,Guam,66,3722,56
2020-10-05,Hawaii,15,13007,156
2020-10-05,Idaho,16,44832,487
2020-10-05,Illinois,17,307428,9071
2020-10-05,Indiana,18,128285,3681
2020-10-05,Iowa,19,93261,1399
2020-10-05,Kansas,20,63817,706
2020-10-05,Kentucky,21,76787,1248
2020-10-05,Louisiana,22,169937,5586
2020-10-05,Maine,23,5545,142
2020-10-05,Maryland,24,128277,3961
2020-10-05,Massachusetts,25,135462,9530
2020-10-05,Michigan,26,142757,7141
2020-10-05,Minnesota,27,104852,2136
2020-10-05,Mississippi,28,100703,3013
2020-10-05,Missouri,29,137297,2229
2020-10-05,Montana,30,15127,190
2020-10-05,Nebraska,31,48259,509
2020-10-05,Nevada,32,82544,1624
2020-10-05,New Hampshire,33,8680,444
2020-10-05,New Jersey,34,210500,16138
2020-10-05,New Mexico,35,30632,894
2020-10-05,New York,36,470244,32827
2020-10-05,North Carolina,37,220045,3656
2020-10-05,North Dakota,38,23865,280
2020-10-05,Northern Mariana Islands,69,75,2
2020-10-05,Ohio,39,159964,4931
2020-10-05,Oklahoma,40,91982,1055
2020-10-05,Oregon,41,35056,574
2020-10-05,Pennsylvania,42,169126,8300
2020-10-05,Puerto Rico,72,51305,695
2020-10-05,Rhode Island,44,25419,1121
2020-10-05,South Carolina,45,152159,3456
2020-10-05,South Dakota,46,24598,248
2020-10-05,Tennessee,47,200603,2570
2020-10-05,Texas,48,806535,16519
2020-10-05,Utah,49,78733,483
2020-10-05,Vermont,50,1817,58
2020-10-05,Virgin Islands,78,1322,20
2020-10-05,Virginia,51,152557,3276
2020-10-05,Washington,53,94202,2253
2020-10-05,West Virginia,54,16742,361
2020-10-05,Wisconsin,55,141780,1393
2020-10-05,Wyoming,56,6629,53
2020-10-06,Alabama,01,160477,2580
2020-10-06,Alaska,02,9656,54
2020-10-06,Arizona,04,221937,5713
2020-10-06,Arkansas,05,88071,1469
2020-10-06,California,06,840324,16251
2020-10-06,Colorado,08,74535,2094
2020-10-06,Connecticut,09,59241,4521
2020-10-06,Delaware,10,21466,646
2020-10-06,District of Columbia,11,15652,631
2020-10-06,Florida,12,720117,14766
2020-10-06,Georgia,13,329101,7062
2020-10-06,Guam,66,3787,56
2020-10-06,Hawaii,15,13090,159
2020-10-06,Idaho,16,45487,494
2020-10-06,Illinois,17,308990,9100
2020-10-06,Indiana,18,129281,3711
2020-10-06,Iowa,19,93909,1414
2020-10-06,Kansas,20,64077,706
2020-10-06,Kentucky,21,77741,1255
2020-10-06,Louisiana,22,170469,5592
2020-10-06,Maine,23,5565,142
2020-10-06,Maryland,24,128691,3967
2020-10-06,Massachusetts,25,135957,9538
2020-10-06,Michigan,26,143901,7163
2020-10-06,Minnesota,27,105793,2140
2020-10-06,Mississippi,28,101678,3027
2020-10-06,Missouri,29,139172,2258
2020-10-06,Montana,30,15633,192
2020-10-06,Nebraska,31,48757,511
2020-10-06,Nevada,32,83036,1630
2020-10-06,New Hampshire,33,8731,446
2020-10-06,New Jersey,34,211129,16147
2020-10-06,New Mexico,35,30947,894
2020-10-06,New York,36,471638,32836
2020-10-06,North Carolina,37,221438,3691
2020-10-06,North Dakota,38,24368,284
2020-10-06,Northern Mariana Islands,69,75,2
2020-10-06,Ohio,39,161299,4947
2020-10-06,Oklahoma,40,93346,1066
2020-10-06,Oregon,41,35347,581
2020-10-06,Pennsylvania,42,170255,8318
2020-10-06,Puerto Rico,72,51737,696
2020-10-06,Rhode Island,44,25596,1125
2020-10-06,South Carolina,45,152970,3471
2020-10-06,South Dakota,46,24876,248
2020-10-06,Tennessee,47,202257,2594
2020-10-06,Texas,48,811191,16622
2020-10-06,Utah,49,79449,489
2020-10-06,Vermont,50,1821,58
2020-10-06,Virgin Islands,78,1321,20
2020-10-06,Virginia,51,153182,3291
2020-10-06,Washington,53,94694,2261
2020-10-06,West Virginia,54,16936,364
2020-10-06,Wisconsin,55,143886,1410
2020-10-06,Wyoming,56,6770,53
2020-10-07,Alabama,01,161418,2601
2020-10-07,Alaska,02,9784,55
2020-10-07,Arizona,04,222558,5733
2020-10-07,Arkansas,05,88880,1482
2020-10-07,California,06,843734,16358
2020-10-07,Colorado,08,75410,2097
2020-10-07,Connecticut,09,59364,4522
2020-10-07,Delaware,10,21550,649
2020-10-07,District of Columbia,11,15697,632
2020-10-07,Florida,12,722699,14903
2020-10-07,Georgia,13,330769,7089
2020-10-07,Guam,66,3837,58
2020-10-07,Hawaii,15,13196,162
2020-10-07,Idaho,16,46233,502
2020-10-07,Illinois,17,311614,9138
2020-10-07,Indiana,18,130569,3727
2020-10-07,Iowa,19,95205,1419
2020-10-07,Kansas,20,65131,725
2020-10-07,Kentucky,21,78669,1261
2020-10-07,Louisiana,22,172625,5604
2020-10-07,Maine,23,5604,142
2020-10-07,Maryland,24,129158,3973
2020-10-07,Massachusetts,25,136492,9557
2020-10-07,Michigan,26,145131,7171
2020-10-07,Minnesota,27,106704,2154
2020-10-07,Mississippi,28,102241,3051
2020-10-07,Missouri,29,141262,2334
2020-10-07,Montana,30,16194,193
2020-10-07,Nebraska,31,49396,516
2020-10-07,Nevada,32,83500,1639
2020-10-07,New Hampshire,33,8800,448
2020-10-07,New Jersey,34,211638,16152
2020-10-07,New Mexico,35,31372,896
2020-10-07,New York,36,472994,32850
2020-10-07,North Carolina,37,223349,3716
2020-10-07,North Dakota,38,24861,308
2020-10-07,Northern Mariana Islands,69,75,2
2020-10-07,Ohio,39,162723,4970
2020-10-07,Oklahoma,40,94352,1075
2020-10-07,Oregon,41,35646,585
2020-10-07,Pennsylvania,42,171550,8347
2020-10-07,Puerto Rico,72,51768,705
2020-10-07,Rhode Island,44,25776,1126
2020-10-07,South Carolina,45,153705,3502
2020-10-07,South Dakota,46,25906,258
2020-10-07,Tennessee,47,204286,2615
2020-10-07,Texas,48,817166,16747
2020-10-07,Utah,49,80522,499
2020-10-07,Vermont,50,1827,58
2020-10-07,Virgin Islands,78,1322,20
2020-10-07,Virginia,51,153691,3303
2020-10-07,Washington,53,95500,2274
2020-10-07,West Virginia,54,17139,369
2020-10-07,Wisconsin,55,146376,1427
2020-10-07,Wyoming,56,6899,53
2020-10-08,Alabama,01,161975,2637
2020-10-08,Alaska,02,9919,56
2020-10-08,Arizona,04,223407,5743
2020-10-08,Arkansas,05,90145,1503
2020-10-08,California,06,847385,16425
2020-10-08,Colorado,08,76186,2107
2020-10-08,Connecticut,09,59748,4527
2020-10-08,Delaware,10,21682,651
2020-10-08,District of Columbia,11,15765,634
2020-10-08,Florida,12,726005,15067
2020-10-08,Georgia,13,332142,7125
2020-10-08,Guam,66,3903,59
2020-10-08,Hawaii,15,13297,163
2020-10-08,Idaho,16,46848,504
2020-10-08,Illinois,17,314725,9173
2020-10-08,Indiana,18,132030,3742
2020-10-08,Iowa,19,96749,1433
2020-10-08,Kansas,20,65296,741
2020-10-08,Kentucky,21,79550,1272
2020-10-08,Louisiana,22,173149,5609
2020-10-08,Maine,23,5639,142
2020-10-08,Maryland,24,129919,3979
2020-10-08,Massachusetts,25,136936,9565
2020-10-08,Michigan,26,146548,7194
2020-10-08,Minnesota,27,107975,2160
2020-10-08,Mississippi,28,102819,3074
2020-10-08,Missouri,29,142732,2360
2020-10-08,Montana,30,16766,197
2020-10-08,Nebraska,31,50059,518
2020-10-08,Nevada,32,83971,1650
2020-10-08,New Hampshire,33,8878,448
2020-10-08,New Jersey,34,212936,16161
2020-10-08,New Mexico,35,31756,899
2020-10-08,New York,36,474829,32859
2020-10-08,North Carolina,37,225738,3744
2020-10-08,North Dakota,38,25388,314
2020-10-08,Northern Mariana Islands,69,75,2
2020-10-08,Ohio,39,164262,4983
2020-10-08,Oklahoma,40,95564,1085
2020-10-08,Oregon,41,36121,596
2020-10-08,Pennsylvania,42,172971,8372
2020-10-08,Puerto Rico,72,52294,715
2020-10-08,Rhode Island,44,26045,1127
2020-10-08,South Carolina,45,154755,3514
2020-10-08,South Dakota,46,26441,272
2020-10-08,Tennessee,47,206265,2676
2020-10-08,Texas,48,821732,16853
2020-10-08,Utah,49,81975,504
2020-10-08,Vermont,50,1838,58
2020-10-08,Virgin Islands,78,1324,20
2020-10-08,Virginia,51,155535,3328
2020-10-08,Washington,53,96227,2280
2020-10-08,West Virginia,54,17325,370
2020-10-08,Wisconsin,55,149613,1436
2020-10-08,Wyoming,56,7092,54
2020-10-09,Alabama,01,163465,2653
2020-10-09,Alaska,02,10099,56
2020-10-09,Arizona,04,224101,5746
2020-10-09,Arkansas,05,91312,1530
2020-10-09,California,06,851229,16502
2020-10-09,Colorado,08,77068,2115
2020-10-09,Connecticut,09,60038,4530
2020-10-09,Delaware,10,21827,651
2020-10-09,District of Columbia,11,15843,634
2020-10-09,Florida,12,728913,15185
2020-10-09,Georgia,13,333934,7178
2020-10-09,Guam,66,3958,59
2020-10-09,Hawaii,15,13461,165
2020-10-09,Idaho,16,47674,506
2020-10-09,Illinois,17,317501,9207
2020-10-09,Indiana,18,133864,3761
2020-10-09,Iowa,19,98023,1454
2020-10-09,Kansas,20,67086,765
2020-10-09,Kentucky,21,80633,1283
2020-10-09,Louisiana,22,173406,5635
2020-10-09,Maine,23,5666,143
2020-10-09,Maryland,24,130652,3990
2020-10-09,Massachusetts,25,137701,9577
2020-10-09,Michigan,26,147880,7202
2020-10-09,Minnesota,27,109365,2174
2020-10-09,Mississippi,28,103681,3080
2020-10-09,Missouri,29,145034,2463
2020-10-09,Montana,30,17478,206
2020-10-09,Nebraska,31,50168,522
2020-10-09,Nevada,32,84785,1658
2020-10-09,New Hampshire,33,8970,450
2020-10-09,New Jersey,34,213801,16164
2020-10-09,New Mexico,35,32241,902
2020-10-09,New York,36,476422,32867
2020-10-09,North Carolina,37,227756,3768
2020-10-09,North Dakota,38,26044,325
2020-10-09,Northern Mariana Islands,69,75,2
2020-10-09,Ohio,39,166102,4994
2020-10-09,Oklahoma,40,97088,1091
2020-10-09,Oregon,41,36538,600
2020-10-09,Pennsylvania,42,174352,8387
2020-10-09,Puerto Rico,72,52892,720
2020-10-09,Rhode Island,44,26294,1130
2020-10-09,South Carolina,45,155676,3530
2020-10-09,South Dakota,46,27215,277
2020-10-09,Tennessee,47,207823,2702
2020-10-09,Texas,48,826241,16955
2020-10-09,Utah,49,83307,508
2020-10-09,Vermont,50,1846,58
2020-10-09,Virgin Islands,78,1324,20
2020-10-09,Virginia,51,156649,3344
2020-10-09,Washington,53,96837,2288
2020-10-09,West Virginia,54,17707,376
2020-10-09,Wisconsin,55,152831,1453
2020-10-09,Wyoming,56,7335,54
2020-10-10,Alabama,01,164526,2664
2020-10-10,Alaska,02,10350,56
2020-10-10,Arizona,04,224985,5759
2020-10-10,Arkansas,05,92220,1552
2020-10-10,California,06,854303,16568
2020-10-10,Colorado,08,78047,2121
2020-10-10,Connecticut,09,60038,4530
2020-10-10,Delaware,10,21998,653
2020-10-10,District of Columbia,11,15918,636
2020-10-10,Florida,12,728913,15185
2020-10-10,Georgia,13,335351,7223
2020-10-10,Guam,66,4025,60
2020-10-10,Hawaii,15,13532,167
2020-10-10,Idaho,16,47927,508
2020-10-10,Illinois,17,320283,9235
2020-10-10,Indiana,18,135789,3782
2020-10-10,Iowa,19,99099,1460
2020-10-10,Kansas,20,67193,768
2020-10-10,Kentucky,21,81630,1293
2020-10-10,Louisiana,22,173406,5635
2020-10-10,Maine,23,5696,143
2020-10-10,Maryland,24,131169,3995
2020-10-10,Massachusetts,25,138340,9587
2020-10-10,Michigan,26,149406,7221
2020-10-10,Minnesota,27,110881,2184
2020-10-10,Mississippi,28,104638,3096
2020-10-10,Missouri,29,148199,2483
2020-10-10,Montana,30,18118,209
2020-10-10,Nebraska,31,51887,525
2020-10-10,Nevada,32,85463,1659
2020-10-10,New Hampshire,33,9092,455
2020-10-10,New Jersey,34,214665,16171
2020-10-10,New Mexico,35,32722,907
2020-10-10,New York,36,477870,32875
2020-10-10,North Carolina,37,229959,3786
2020-10-10,North Dakota,38,26632,340
2020-10-10,Northern Mariana Islands,69,77,2
2020-10-10,Ohio,39,167458,4997
2020-10-10,Oklahoma,40,98621,1095
2020-10-10,Oregon,41,36925,600
2020-10-10,Pennsylvania,42,175804,8421
2020-10-10,Puerto Rico,72,53364,728
2020-10-10,Rhode Island,44,26294,1130
2020-10-10,South Carolina,45,156621,3551
2020-10-10,South Dakota,46,27947,286
2020-10-10,Tennessee,47,209593,2729
2020-10-10,Texas,48,829758,17019
2020-10-10,Utah,49,84697,512
2020-10-10,Vermont,50,1857,58
2020-10-10,Virgin Islands,78,1325,20
2020-10-10,Virginia,51,157905,3354
2020-10-10,Washington,53,97223,2289
2020-10-10,West Virginia,54,17913,381
2020-10-10,Wisconsin,55,155752,1470
2020-10-10,Wyoming,56,7455,54
2020-10-11,Alabama,01,165342,2664
2020-10-11,Alaska,02,10608,56
2020-10-11,Arizona,04,225575,5759
2020-10-11,Arkansas,05,92833,1569
2020-10-11,California,06,857077,16581
2020-10-11,Colorado,08,78752,2134
2020-10-11,Connecticut,09,60038,4530
2020-10-11,Delaware,10,22130,654
2020-10-11,District of Columbia,11,15984,637
2020-10-11,Florida,12,734483,15363
2020-10-11,Georgia,13,336586,7246
2020-10-11,Guam,66,4047,61
2020-10-11,Hawaii,15,13633,168
2020-10-11,Idaho,16,48155,508
2020-10-11,Illinois,17,322985,9245
2020-10-11,Indiana,18,137359,3789
2020-10-11,Iowa,19,99941,1462
2020-10-11,Kansas,20,67231,769
2020-10-11,Kentucky,21,82358,1295
2020-10-11,Louisiana,22,174587,5655
2020-10-11,Maine,23,5723,143
2020-10-11,Maryland,24,131853,3999
2020-10-11,Massachusetts,25,138903,9604
2020-10-11,Michigan,26,149448,7221
2020-10-11,Minnesota,27,112321,2194
2020-10-11,Mississippi,28,104932,3101
2020-10-11,Missouri,29,148481,2483
2020-10-11,Montana,30,18733,210
2020-10-11,Nebraska,31,52382,525
2020-10-11,Nevada,32,85922,1663
2020-10-11,New Hampshire,33,9143,456
2020-10-11,New Jersey,34,215416,16174
2020-10-11,New Mexico,35,32983,911
2020-10-11,New York,36,479013,32879
2020-10-11,North Carolina,37,231564,3791
2020-10-11,North Dakota,38,27269,343
2020-10-11,Northern Mariana Islands,69,77,2
2020-10-11,Ohio,39,168749,4999
2020-10-11,Oklahoma,40,99387,1098
2020-10-11,Oregon,41,37263,600
2020-10-11,Pennsylvania,42,176820,8426
2020-10-11,Puerto Rico,72,53671,730
2020-10-11,Rhode Island,44,26294,1130
2020-10-11,South Carolina,45,157406,3552
2020-10-11,South Dakota,46,28564,286
2020-10-11,Tennessee,47,211426,2738
2020-10-11,Texas,48,832750,17047
2020-10-11,Utah,49,85844,518
2020-10-11,Vermont,50,1868,58
2020-10-11,Virgin Islands,78,1325,20
2020-10-11,Virginia,51,158716,3358
2020-10-11,Washington,53,97527,2289
2020-10-11,West Virginia,54,18128,382
2020-10-11,Wisconsin,55,158426,1477
2020-10-11,Wyoming,56,7611,54
2020-10-12,Alabama,01,166076,2665
2020-10-12,Alaska,02,10805,56
2020-10-12,Arizona,04,226072,5759
2020-10-12,Arkansas,05,93487,1586
2020-10-12,California,06,859960,16594
2020-10-12,Colorado,08,79499,2144
2020-10-12,Connecticut,09,61377,4532
2020-10-12,Delaware,10,22289,656
2020-10-12,District of Columbia,11,16022,637
2020-10-12,Florida,12,736016,15411
2020-10-12,Georgia,13,339577,7259
2020-10-12,Guam,66,4139,61
2020-10-12,Hawaii,15,13675,168
2020-10-12,Idaho,16,48663,511
2020-10-12,Illinois,17,325755,9258
2020-10-12,Indiana,18,138933,3795
2020-10-12,Iowa,19,100451,1481
2020-10-12,Kansas,20,69158,774
2020-10-12,Kentucky,21,83074,1300
2020-10-12,Louisiana,22,174647,5669
2020-10-12,Maine,23,5752,143
2020-10-12,Maryland,24,132357,4003
2020-10-12,Massachusetts,25,139663,9617
2020-10-12,Michigan,26,151284,7227
2020-10-12,Minnesota,27,113492,2197
2020-10-12,Mississippi,28,105228,3101
2020-10-12,Missouri,29,149460,2484
2020-10-12,Montana,30,19205,212
2020-10-12,Nebraska,31,52839,529
2020-10-12,Nevada,32,86433,1670
2020-10-12,New Hampshire,33,9208,456
2020-10-12,New Jersey,34,215885,16175
2020-10-12,New Mexico,35,33362,915
2020-10-12,New York,36,480045,32896
2020-10-12,North Carolina,37,233059,3799
2020-10-12,North Dakota,38,27742,350
2020-10-12,Northern Mariana Islands,69,77,2
2020-10-12,Ohio,39,170179,5005
2020-10-12,Oklahoma,40,100184,1104
2020-10-12,Oregon,41,37472,600
2020-10-12,Pennsylvania,42,177844,8444
2020-10-12,Puerto Rico,72,54234,735
2020-10-12,Rhode Island,44,26294,1130
2020-10-12,South Carolina,45,158055,3559
2020-10-12,South Dakota,46,28925,288
2020-10-12,Tennessee,47,214245,2745
2020-10-12,Texas,48,836807,17073
2020-10-12,Utah,49,86879,524
2020-10-12,Vermont,50,1876,58
2020-10-12,Virgin Islands,78,1325,20
2020-10-12,Virginia,51,159570,3361
2020-10-12,Washington,53,98265,2292
2020-10-12,West Virginia,54,18281,385
2020-10-12,Wisconsin,55,160655,1488
2020-10-12,Wyoming,56,7802,54
2020-10-13,Alabama,01,167193,2665
2020-10-13,Alaska,02,10960,56
2020-10-13,Arizona,04,226749,5767
2020-10-13,Arkansas,05,94167,1611
2020-10-13,California,06,863614,16650
2020-10-13,Colorado,08,80414,2181
2020-10-13,Connecticut,09,61697,4533
2020-10-13,Delaware,10,22394,659
2020-10-13,District of Columbia,11,16068,637
2020-10-13,Florida,12,738741,15530
2020-10-13,Georgia,13,340758,7282
2020-10-13,Guam,66,4235,62
2020-10-13,Hawaii,15,13736,172
2020-10-13,Idaho,16,49987,514
2020-10-13,Illinois,17,329160,9288
2020-10-13,Indiana,18,140505,3822
2020-10-13,Iowa,19,101531,1491
2020-10-13,Kansas,20,69392,786
2020-10-13,Kentucky,21,83967,1318
2020-10-13,Louisiana,22,175329,5679
2020-10-13,Maine,23,5780,143
2020-10-13,Maryland,24,132839,4012
2020-10-13,Massachusetts,25,140412,9630
2020-10-13,Michigan,26,152842,7257
2020-10-13,Minnesota,27,114627,2204
2020-10-13,Mississippi,28,105941,3115
2020-10-13,Missouri,29,150496,2495
2020-10-13,Montana,30,19682,217
2020-10-13,Nebraska,31,53543,533
2020-10-13,Nevada,32,86970,1677
2020-10-13,New Hampshire,33,9279,456
2020-10-13,New Jersey,34,216873,16182
2020-10-13,New Mexico,35,33713,918
2020-10-13,New York,36,481436,32905
2020-10-13,North Carolina,37,234842,3849
2020-10-13,North Dakota,38,28250,362
2020-10-13,Northern Mariana Islands,69,77,2
2020-10-13,Ohio,39,171626,5017
2020-10-13,Oklahoma,40,101493,1119
2020-10-13,Oregon,41,37788,605
2020-10-13,Pennsylvania,42,179673,8458
2020-10-13,Puerto Rico,72,54540,738
2020-10-13,Rhode Island,44,26960,1139
2020-10-13,South Carolina,45,158883,3576
2020-10-13,South Dakota,46,29339,288
2020-10-13,Tennessee,47,215423,2768
2020-10-13,Texas,48,842316,17165
2020-10-13,Utah,49,87825,524
2020-10-13,Vermont,50,1886,58
2020-10-13,Virgin Islands,78,1328,20
2020-10-13,Virginia,51,160805,3372
2020-10-13,Washington,53,99311,2311
2020-10-13,West Virginia,54,18555,387
2020-10-13,Wisconsin,55,164137,1521
2020-10-13,Wyoming,56,7964,57
2020-10-14,Alabama,01,167977,2706
2020-10-14,Alaska,02,11103,60
2020-10-14,Arizona,04,227660,5772
2020-10-14,Arkansas,05,95246,1634
2020-10-14,California,06,867093,16752
2020-10-14,Colorado,08,81205,2186
2020-10-14,Connecticut,09,61861,4537
2020-10-14,Delaware,10,22465,660
2020-10-14,District of Columbia,11,16132,638
2020-10-14,Florida,12,741624,15594
2020-10-14,Georgia,13,342302,7298
2020-10-14,Guam,66,4310,62
2020-10-14,Hawaii,15,13834,182
2020-10-14,Idaho,16,50534,520
2020-10-14,Illinois,17,332124,9335
2020-10-14,Indiana,18,141670,3836
2020-10-14,Iowa,19,102905,1505
2020-10-14,Kansas,20,70665,838
2020-10-14,Kentucky,21,85278,1325
2020-10-14,Louisiana,22,176209,5695
2020-10-14,Maine,23,5816,143
2020-10-14,Maryland,24,133413,4022
2020-10-14,Massachusetts,25,140992,9647
2020-10-14,Michigan,26,154409,7270
2020-10-14,Minnesota,27,115996,2233
2020-10-14,Mississippi,28,106817,3140
2020-10-14,Missouri,29,154213,2598
2020-10-14,Montana,30,20321,225
2020-10-14,Nebraska,31,54467,536
2020-10-14,Nevada,32,87527,1694
2020-10-14,New Hampshire,33,9349,458
2020-10-14,New Jersey,34,217812,16191
2020-10-14,New Mexico,35,34290,921
2020-10-14,New York,36,482671,32916
2020-10-14,North Carolina,37,236812,3882
2020-10-14,North Dakota,38,28952,370
2020-10-14,Northern Mariana Islands,69,77,2
2020-10-14,Ohio,39,173665,5033
2020-10-14,Oklahoma,40,102615,1132
2020-10-14,Oregon,41,38175,609
2020-10-14,Pennsylvania,42,180956,8481
2020-10-14,Puerto Rico,72,55516,742
2020-10-14,Rhode Island,44,27164,1147
2020-10-14,South Carolina,45,159809,3593
2020-10-14,South Dakota,46,30215,291
2020-10-14,Tennessee,47,217140,2801
2020-10-14,Texas,48,848168,17276
2020-10-14,Utah,49,89018,529
2020-10-14,Vermont,50,1889,58
2020-10-14,Virgin Islands,78,1328,20
2020-10-14,Virginia,51,161610,3381
2020-10-14,Washington,53,100068,2319
2020-10-14,West Virginia,54,18818,391
2020-10-14,Wisconsin,55,167441,1549
2020-10-14,Wyoming,56,8177,57
2020-10-15,Alabama,01,169162,2756
2020-10-15,Alaska,02,11268,61
2020-10-15,Arizona,04,228748,5789
2020-10-15,Arkansas,05,96524,1645
2020-10-15,California,06,870380,16839
2020-10-15,Colorado,08,82443,2187
2020-10-15,Connecticut,09,62028,4540
2020-10-15,Delaware,10,22560,661
2020-10-15,District of Columbia,11,16166,638
2020-10-15,Florida,12,744980,15735
2020-10-15,Georgia,13,344093,7320
2020-10-15,Guam,66,4396,62
2020-10-15,Hawaii,15,13922,183
2020-10-15,Idaho,16,51471,521
2020-10-15,Illinois,17,336211,9392
2020-10-15,Indiana,18,143617,3864
2020-10-15,Iowa,19,104232,1516
2020-10-15,Kansas,20,70815,838
2020-10-15,Kentucky,21,86410,1341
2020-10-15,Louisiana,22,176952,5707
2020-10-15,Maine,23,5836,144
2020-10-15,Maryland,24,134042,4028
2020-10-15,Massachusetts,25,141579,9672
2020-10-15,Michigan,26,156926,7304
2020-10-15,Minnesota,27,117159,2252
2020-10-15,Mississippi,28,108139,3152
2020-10-15,Missouri,29,156142,2531
2020-10-15,Montana,30,21043,230
2020-10-15,Nebraska,31,55428,546
2020-10-15,Nevada,32,88081,1700
2020-10-15,New Hampshire,33,9426,463
2020-10-15,New Jersey,34,218783,16197
2020-10-15,New Mexico,35,34958,922
2020-10-15,New York,36,484135,32935
2020-10-15,North Carolina,37,239338,3899
2020-10-15,North Dakota,38,29658,375
2020-10-15,Northern Mariana Islands,69,80,2
2020-10-15,Ohio,39,175843,5038
2020-10-15,Oklahoma,40,103836,1143
2020-10-15,Oregon,41,38536,613
2020-10-15,Pennsylvania,42,182502,8496
2020-10-15,Puerto Rico,72,56085,743
2020-10-15,Rhode Island,44,27438,1149
2020-10-15,South Carolina,45,161106,3607
2020-10-15,South Dakota,46,31012,304
2020-10-15,Tennessee,47,219355,2836
2020-10-15,Texas,48,853977,17362
2020-10-15,Utah,49,90488,531
2020-10-15,Vermont,50,1903,58
2020-10-15,Virgin Islands,78,1329,21
2020-10-15,Virginia,51,162941,3388
2020-10-15,Washington,53,100838,2331
2020-10-15,West Virginia,54,19082,393
2020-10-15,Wisconsin,55,171480,1568
2020-10-15,Wyoming,56,8375,57
2020-10-16,Alabama,01,170374,2786
2020-10-16,Alaska,02,11496,62
2020-10-16,Arizona,04,229508,5806
2020-10-16,Arkansas,05,97539,1665
2020-10-16,California,06,874102,16901
2020-10-16,Colorado,08,83712,2196
2020-10-16,Connecticut,09,62830,4542
2020-10-16,Delaware,10,22724,662
2020-10-16,District of Columbia,11,16255,641
2020-10-16,Florida,12,748429,15829
2020-10-16,Georgia,13,345879,7382
2020-10-16,Guam,66,4507,64
2020-10-16,Hawaii,15,14007,184
2020-10-16,Idaho,16,52234,529
2020-10-16,Illinois,17,341219,9447
2020-10-16,Indiana,18,145915,3887
2020-10-16,Iowa,19,105746,1524
2020-10-16,Kansas,20,72509,859
2020-10-16,Kentucky,21,87764,1349
2020-10-16,Louisiana,22,177726,5727
2020-10-16,Maine,23,5865,145
2020-10-16,Maryland,24,134822,4032
2020-10-16,Massachusetts,25,142346,9702
2020-10-16,Michigan,26,159144,7320
2020-10-16,Minnesota,27,119449,2265
2020-10-16,Mississippi,28,109255,3160
2020-10-16,Missouri,29,158764,2550
2020-10-16,Montana,30,21674,235
2020-10-16,Nebraska,31,56724,556
2020-10-16,Nevada,32,88832,1707
2020-10-16,New Hampshire,33,9514,465
2020-10-16,New Jersey,34,219593,16202
2020-10-16,New Mexico,35,35770,928
2020-10-16,New York,36,485838,32944
2020-10-16,North Carolina,37,242032,3938
2020-10-16,North Dakota,38,30522,393
2020-10-16,Northern Mariana Islands,69,80,2
2020-10-16,Ohio,39,177991,5054
2020-10-16,Oklahoma,40,105308,1154
2020-10-16,Oregon,41,38947,620
2020-10-16,Pennsylvania,42,184185,8524
2020-10-16,Puerto Rico,72,56412,758
2020-10-16,Rhode Island,44,27691,1152
2020-10-16,South Carolina,45,162253,3615
2020-10-16,South Dakota,46,31805,307
2020-10-16,Tennessee,47,220099,2847
2020-10-16,Texas,48,859567,17454
2020-10-16,Utah,49,91966,539
2020-10-16,Vermont,50,1915,58
2020-10-16,Virgin Islands,78,1329,21
2020-10-16,Virginia,51,164124,3408
2020-10-16,Washington,53,101533,2338
2020-10-16,West Virginia,54,19580,396
2020-10-16,Wisconsin,55,175652,1588
2020-10-16,Wyoming,56,8665,57
2020-10-17,Alabama,01,171662,2788
2020-10-17,Alaska,02,11710,63
2020-10-17,Arizona,04,230412,5824
2020-10-17,Arkansas,05,98422,1684
2020-10-17,California,06,876258,16940
2020-10-17,Colorado,08,84804,2199
2020-10-17,Connecticut,09,62830,4542
2020-10-17,Delaware,10,22942,664
2020-10-17,District of Columbia,11,16334,641
2020-10-17,Florida,12,752473,15916
2020-10-17,Georgia,13,347468,7429
2020-10-17,Guam,66,4507,64
2020-10-17,Hawaii,15,14101,185
2020-10-17,Idaho,16,52582,532
2020-10-17,Illinois,17,344787,9474
2020-10-17,Indiana,18,148400,3918
2020-10-17,Iowa,19,106698,1528
2020-10-17,Kansas,20,72616,859
2020-10-17,Kentucky,21,88823,1363
2020-10-17,Louisiana,22,177726,5727
2020-10-17,Maine,23,5913,146
2020-10-17,Maryland,24,135463,4036
2020-10-17,Massachusetts,25,142930,9723
2020-10-17,Michigan,26,159259,7323
2020-10-17,Minnesota,27,121143,2270
2020-10-17,Mississippi,28,110006,3171
2020-10-17,Missouri,29,160654,2645
2020-10-17,Montana,30,22284,240
2020-10-17,Nebraska,31,57334,557
2020-10-17,Nevada,32,89848,1709
2020-10-17,New Hampshire,33,9625,466
2020-10-17,New Jersey,34,220527,16204
2020-10-17,New Mexico,35,36343,929
2020-10-17,New York,36,487626,32959
2020-10-17,North Carolina,37,244020,3955
2020-10-17,North Dakota,38,31266,404
2020-10-17,Northern Mariana Islands,69,86,2
2020-10-17,Ohio,39,180225,5067
2020-10-17,Oklahoma,40,106503,1168
2020-10-17,Oregon,41,39316,622
2020-10-17,Pennsylvania,42,185670,8535
2020-10-17,Puerto Rico,72,56650,761
2020-10-17,Rhode Island,44,27691,1152
2020-10-17,South Carolina,45,163214,3637
2020-10-17,South Dakota,46,32611,315
2020-10-17,Tennessee,47,222608,2875
2020-10-17,Texas,48,863993,17518
2020-10-17,Utah,49,93297,541
2020-10-17,Vermont,50,1926,58
2020-10-17,Virgin Islands,78,1335,21
2020-10-17,Virginia,51,165238,3422
2020-10-17,Washington,53,102054,2339
2020-10-17,West Virginia,54,19801,399
2020-10-17,Wisconsin,55,175652,1588
2020-10-17,Wyoming,56,8816,57
2020-10-18,Alabama,01,172626,2788
2020-10-18,Alaska,02,11934,63
2020-10-18,Arizona,04,231149,5827
2020-10-18,Arkansas,05,99066,1704
2020-10-18,California,06,878395,16979
2020-10-18,Colorado,08,85803,2199
2020-10-18,Connecticut,09,62830,4542
2020-10-18,Delaware,10,23093,665
2020-10-18,District of Columbia,11,16370,641
2020-10-18,Florida,12,755012,15966
2020-10-18,Georgia,13,348773,7460
2020-10-18,Guam,66,4507,64
2020-10-18,Hawaii,15,14183,186
2020-10-18,Idaho,16,53092,532
2020-10-18,Illinois,17,348870,9491
2020-10-18,Indiana,18,150005,3937
2020-10-18,Iowa,19,107334,1532
2020-10-18,Kansas,20,72722,859
2020-10-18,Kentucky,21,89538,1372
2020-10-18,Louisiana,22,178869,5750
2020-10-18,Maine,23,5939,146
2020-10-18,Maryland,24,136149,4037
2020-10-18,Massachusetts,25,143660,9737
2020-10-18,Michigan,26,159337,7323
2020-10-18,Minnesota,27,122865,2287
2020-10-18,Mississippi,28,110239,3171
2020-10-18,Missouri,29,162156,2648
2020-10-18,Montana,30,22821,241
2020-10-18,Nebraska,31,58068,557
2020-10-18,Nevada,32,90374,1711
2020-10-18,New Hampshire,33,9694,467
2020-10-18,New Jersey,34,221802,16211
2020-10-18,New Mexico,35,36788,934
2020-10-18,New York,36,489016,32972
2020-10-18,North Carolina,37,246116,3961
2020-10-18,North Dakota,38,31983,409
2020-10-18,Northern Mariana Islands,69,86,2
2020-10-18,Ohio,39,181787,5067
2020-10-18,Oklahoma,40,107299,1171
2020-10-18,Oregon,41,39532,622
2020-10-18,Pennsylvania,42,186772,8555
2020-10-18,Puerto Rico,72,57293,766
2020-10-18,Rhode Island,44,27691,1152
2020-10-18,South Carolina,45,163990,3650
2020-10-18,South Dakota,46,33269,323
2020-10-18,Tennessee,47,225126,2884
2020-10-18,Texas,48,869376,17541
2020-10-18,Utah,49,94394,544
2020-10-18,Vermont,50,1937,58
2020-10-18,Virgin Islands,78,1335,21
2020-10-18,Virginia,51,166138,3433
2020-10-18,Washington,53,102403,2339
2020-10-18,West Virginia,54,20081,399
2020-10-18,Wisconsin,55,175652,1588
2020-10-18,Wyoming,56,9025,57
2020-10-19,Alabama,01,173485,2789
2020-10-19,Alaska,02,12138,63
2020-10-19,Arizona,04,231933,5830
2020-10-19,Arkansas,05,99597,1714
2020-10-19,California,06,882666,16987
2020-10-19,Colorado,08,86727,2207
2020-10-19,Connecticut,09,64021,4554
2020-10-19,Delaware,10,23196,666
2020-10-19,District of Columbia,11,16395,641
2020-10-19,Florida,12,756719,16020
2020-10-19,Georgia,13,350654,7479
2020-10-19,Guam,66,4725,67
2020-10-19,Hawaii,15,14218,186
2020-10-19,Idaho,16,54123,535
2020-10-19,Illinois,17,352449,9520
2020-10-19,Indiana,18,151588,3960
2020-10-19,Iowa,19,108114,1548
2020-10-19,Kansas,20,74616,872
2020-10-19,Kentucky,21,90443,1381
2020-10-19,Louisiana,22,179070,5766
2020-10-19,Maine,23,5962,146
2020-10-19,Maryland,24,136643,4041
2020-10-19,Massachusetts,25,144488,9753
2020-10-19,Michigan,26,164055,7364
2020-10-19,Minnesota,27,124492,2292
2020-10-19,Mississippi,28,110592,3171
2020-10-19,Missouri,29,164249,2660
2020-10-19,Montana,30,23503,242
2020-10-19,Nebraska,31,58817,568
2020-10-19,Nevada,32,90978,1714
2020-10-19,New Hampshire,33,9746,468
2020-10-19,New Jersey,34,222994,16214
2020-10-19,New Mexico,35,37302,935
2020-10-19,New York,36,490015,32990
2020-10-19,North Carolina,37,247551,3969
2020-10-19,North Dakota,38,32642,413
2020-10-19,Northern Mariana Islands,69,86,2
2020-10-19,Ohio,39,183624,5075
2020-10-19,Oklahoma,40,108073,1173
2020-10-19,Oregon,41,39799,630
2020-10-19,Pennsylvania,42,188442,8562
2020-10-19,Puerto Rico,72,57950,768
2020-10-19,Rhode Island,44,28347,1159
2020-10-19,South Carolina,45,164609,3661
2020-10-19,South Dakota,46,33836,323
2020-10-19,Tennessee,47,228267,2896
2020-10-19,Texas,48,874080,17564
2020-10-19,Utah,49,95572,547
2020-10-19,Vermont,50,1946,58
2020-10-19,Virgin Islands,78,1335,21
2020-10-19,Virginia,51,166828,3457
2020-10-19,Washington,53,103323,2357
2020-10-19,West Virginia,54,20293,399
2020-10-19,Wisconsin,55,183177,1624
2020-10-19,Wyoming,56,9311,57
2020-10-20,Alabama,01,174528,2805
2020-10-20,Alaska,02,12349,63
2020-10-20,Arizona,04,232939,5837
2020-10-20,Arkansas,05,100441,1728
2020-10-20,California,06,887094,17067
2020-10-20,Colorado,08,87966,2212
2020-10-20,Connecticut,09,64455,4559
2020-10-20,Delaware,10,23325,668
2020-10-20,District of Columbia,11,16445,642
2020-10-20,Florida,12,760381,16104
2020-10-20,Georgia,13,351990,7494
2020-10-20,Guam,66,4855,67
2020-10-20,Hawaii,15,14302,188
2020-10-20,Idaho,16,55153,541
2020-10-20,Illinois,17,356151,9562
2020-10-20,Indiana,18,153088,4008
2020-10-20,Iowa,19,109210,1576
2020-10-20,Kansas,20,74883,902
2020-10-20,Kentucky,21,91731,1403
2020-10-20,Louisiana,22,179769,5772
2020-10-20,Maine,23,5989,146
2020-10-20,Maryland,24,137229,4050
2020-10-20,Massachusetts,25,145464,9758
2020-10-20,Michigan,26,165949,7386
2020-10-20,Minnesota,27,125584,2299
2020-10-20,Mississippi,28,111322,3202
2020-10-20,Missouri,29,164891,2668
2020-10-20,Montana,30,24201,252
2020-10-20,Nebraska,31,59409,575
2020-10-20,Nevada,32,91679,1728
2020-10-20,New Hampshire,33,9828,468
2020-10-20,New Jersey,34,223982,16227
2020-10-20,New Mexico,35,37896,942
2020-10-20,New York,36,491216,32998
2020-10-20,North Carolina,37,249158,4018
2020-10-20,North Dakota,38,33671,417
2020-10-20,Northern Mariana Islands,69,88,2
2020-10-20,Ohio,39,185639,5083
2020-10-20,Oklahoma,40,109548,1191
2020-10-20,Oregon,41,40149,636
2020-10-20,Pennsylvania,42,189988,8591
2020-10-20,Puerto Rico,72,58643,769
2020-10-20,Rhode Island,44,28649,1164
2020-10-20,South Carolina,45,165493,3696
2020-10-20,South Dakota,46,34457,330
2020-10-20,Tennessee,47,229794,2924
2020-10-20,Texas,48,879949,17644
2020-10-20,Utah,49,96643,552
2020-10-20,Vermont,50,1956,58
2020-10-20,Virgin Islands,78,1337,21
2020-10-20,Virginia,51,167754,3485
2020-10-20,Washington,53,103845,2380
2020-10-20,West Virginia,54,20519,408
2020-10-20,Wisconsin,55,187898,1660
2020-10-20,Wyoming,56,9526,61
2020-10-21,Alabama,01,175674,2828
2020-10-21,Alaska,02,12559,64
2020-10-21,Arizona,04,233948,5854
2020-10-21,Arkansas,05,101596,1751
2020-10-21,California,06,890154,17189
2020-10-21,Colorado,08,89245,2220
2020-10-21,Connecticut,09,64871,4567
2020-10-21,Delaware,10,23375,670
2020-10-21,District of Columbia,11,16498,642
2020-10-21,Florida,12,762525,16209
2020-10-21,Georgia,13,353449,7523
2020-10-21,Guam,66,4937,69
2020-10-21,Hawaii,15,14379,202
2020-10-21,Idaho,16,55922,551
2020-10-21,Illinois,17,360160,9622
2020-10-21,Indiana,18,154822,4023
2020-10-21,Iowa,19,110444,1594
2020-10-21,Kansas,20,76299,952
2020-10-21,Kentucky,21,93110,1424
2020-10-21,Louisiana,22,181132,5790
2020-10-21,Maine,23,6027,146
2020-10-21,Maryland,24,137720,4058
2020-10-21,Massachusetts,25,146166,9780
2020-10-21,Michigan,26,167857,7420
2020-10-21,Minnesota,27,126644,2334
2020-10-21,Mississippi,28,112123,3223
2020-10-21,Missouri,29,167435,2716
2020-10-21,Montana,30,24818,276
2020-10-21,Nebraska,31,60308,586
2020-10-21,Nevada,32,92193,1735
2020-10-21,New Hampshire,33,9917,469
2020-10-21,New Jersey,34,225012,16245
2020-10-21,New Mexico,35,38715,950
2020-10-21,New York,36,493245,33005
2020-10-21,North Carolina,37,251010,4063
2020-10-21,North Dakota,38,34170,427
2020-10-21,Northern Mariana Islands,69,88,2
2020-10-21,Ohio,39,188005,5149
2020-10-21,Oklahoma,40,110855,1210
2020-10-21,Oregon,41,40458,638
2020-10-21,Pennsylvania,42,191347,8629
2020-10-21,Puerto Rico,72,58830,774
2020-10-21,Rhode Island,44,29123,1169
2020-10-21,South Carolina,45,166357,3708
2020-10-21,South Dakota,46,35044,333
2020-10-21,Tennessee,47,232100,2946
2020-10-21,Texas,48,886421,17743
2020-10-21,Utah,49,98037,558
2020-10-21,Vermont,50,1971,58
2020-10-21,Virgin Islands,78,1337,21
2020-10-21,Virginia,51,168772,3515
2020-10-21,Washington,53,104624,2384
2020-10-21,West Virginia,54,20734,413
2020-10-21,Wisconsin,55,192225,1707
2020-10-21,Wyoming,56,9848,61
2020-10-22,Alabama,01,177064,2843
2020-10-22,Alaska,02,12790,64
2020-10-22,Arizona,04,234914,5859
2020-10-22,Arkansas,05,102798,1772
2020-10-22,California,06,896427,17266
2020-10-22,Colorado,08,90639,2224
2020-10-22,Connecticut,09,65373,4569
2020-10-22,Delaware,10,23528,670
2020-10-22,District of Columbia,11,16537,642
2020-10-22,Florida,12,768083,16266
2020-10-22,Georgia,13,355156,7547
2020-10-22,Guam,66,5025,70
2020-10-22,Hawaii,15,14478,205
2020-10-22,Idaho,16,56944,560
2020-10-22,Illinois,17,365120,9663
2020-10-22,Indiana,18,157678,4065
2020-10-22,Iowa,19,112242,1617
2020-10-22,Kansas,20,76546,952
2020-10-22,Kentucky,21,94582,1439
2020-10-22,Louisiana,22,181904,5799
2020-10-22,Maine,23,6064,146
2020-10-22,Maryland,24,138473,4070
2020-10-22,Massachusetts,25,147215,9810
2020-10-22,Michigan,26,170102,7465
2020-10-22,Minnesota,27,128205,2354
2020-10-22,Mississippi,28,113081,3231
2020-10-22,Missouri,29,169311,2734
2020-10-22,Montana,30,25736,279
2020-10-22,Nebraska,31,61285,589
2020-10-22,Nevada,32,93028,1736
2020-10-22,New Hampshire,33,9994,470
2020-10-22,New Jersey,34,226174,16263
2020-10-22,New Mexico,35,39377,953
2020-10-22,New York,36,494874,33022
2020-10-22,North Carolina,37,253418,4110
2020-10-22,North Dakota,38,35057,436
2020-10-22,Northern Mariana Islands,69,88,2
2020-10-22,Ohio,39,190430,5161
2020-10-22,Oklahoma,40,112483,1221
2020-10-22,Oregon,41,40825,647
2020-10-22,Pennsylvania,42,193401,8660
2020-10-22,Puerto Rico,72,59037,783
2020-10-22,Rhode Island,44,29594,1173
2020-10-22,South Carolina,45,167485,3755
2020-10-22,South Dakota,46,36017,347
2020-10-22,Tennessee,47,234079,2983
2020-10-22,Texas,48,891714,17760
2020-10-22,Utah,49,99563,563
2020-10-22,Vermont,50,1987,58
2020-10-22,Virgin Islands,78,1343,21
2020-10-22,Virginia,51,170104,3524
2020-10-22,Washington,53,105364,2389
2020-10-22,West Virginia,54,21057,418
2020-10-22,Wisconsin,55,195853,1730
2020-10-22,Wyoming,56,10119,68
2020-10-23,Alabama,01,180916,2859
2020-10-23,Alaska,02,13067,64
2020-10-23,Arizona,04,235910,5865
2020-10-23,Arkansas,05,104135,1782
2020-10-23,California,06,902328,17316
2020-10-23,Colorado,08,92067,2233
2020-10-23,Connecticut,09,66052,4577
2020-10-23,Delaware,10,23687,678
2020-10-23,District of Columbia,11,16609,642
2020-10-23,Florida,12,771772,16339
2020-10-23,Georgia,13,357319,7584
2020-10-23,Guam,66,5110,70
2020-10-23,Hawaii,15,14617,208
2020-10-23,Idaho,16,58083,568
2020-10-23,Illinois,17,370134,9704
2020-10-23,Indiana,18,160145,4092
2020-10-23,Iowa,19,113596,1629
2020-10-23,Kansas,20,78122,975
2020-10-23,Kentucky,21,96043,1462
2020-10-23,Louisiana,22,182603,5820
2020-10-23,Maine,23,6095,146
2020-10-23,Maryland,24,139185,4078
2020-10-23,Massachusetts,25,148285,9830
2020-10-23,Michigan,26,172128,7485
2020-10-23,Minnesota,27,129916,2367
2020-10-23,Mississippi,28,113876,3238
2020-10-23,Missouri,29,171871,2764
2020-10-23,Montana,30,26600,283
2020-10-23,Nebraska,31,62677,598
2020-10-23,Nevada,32,94044,1739
2020-10-23,New Hampshire,33,10112,471
2020-10-23,New Jersey,34,227219,16273
2020-10-23,New Mexico,35,40168,960
2020-10-23,New York,36,496510,33038
2020-10-23,North Carolina,37,255534,4140
2020-10-23,North Dakota,38,35944,445
2020-10-23,Northern Mariana Islands,69,88,2
2020-10-23,Ohio,39,192948,5184
2020-10-23,Oklahoma,40,113856,1234
2020-10-23,Oregon,41,41357,651
2020-10-23,Pennsylvania,42,195659,8695
2020-10-23,Puerto Rico,72,60984,791
2020-10-23,Rhode Island,44,30118,1177
2020-10-23,South Carolina,45,168549,3777
2020-10-23,South Dakota,46,37202,356
2020-10-23,Tennessee,47,237607,3043
2020-10-23,Texas,48,899390,17874
2020-10-23,Utah,49,101574,567
2020-10-23,Vermont,50,2016,58
2020-10-23,Virgin Islands,78,1346,21
2020-10-23,Virginia,51,171284,3539
2020-10-23,Washington,53,106189,2396
2020-10-23,West Virginia,54,21392,422
2020-10-23,Wisconsin,55,200479,1776
2020-10-23,Wyoming,56,10545,68
2020-10-24,Alabama,01,183276,2866
2020-10-24,Alaska,02,13439,64
2020-10-24,Arizona,04,236898,5870
2020-10-24,Arkansas,05,105318,1797
2020-10-24,California,06,906645,17345
2020-10-24,Colorado,08,93989,2241
2020-10-24,Connecticut,09,66052,4577
2020-10-24,Delaware,10,23847,680
2020-10-24,District of Columbia,11,16706,642
2020-10-24,Florida,12,776243,16416
2020-10-24,Georgia,13,359001,7625
2020-10-24,Guam,66,5144,72
2020-10-24,Hawaii,15,14706,211
2020-10-24,Idaho,16,58964,573
2020-10-24,Illinois,17,376034,9765
2020-10-24,Indiana,18,162886,4118
2020-10-24,Iowa,19,114952,1634
2020-10-24,Kansas,20,78177,975
2020-10-24,Kentucky,21,97501,1469
2020-10-24,Louisiana,22,182603,5820
2020-10-24,Maine,23,6137,146
2020-10-24,Maryland,24,139859,4091
2020-10-24,Massachusetts,25,149488,9839
2020-10-24,Michigan,26,175385,7522
2020-10-24,Minnesota,27,132175,2381
2020-10-24,Mississippi,28,115088,3255
2020-10-24,Missouri,29,173746,2854
2020-10-24,Montana,30,27149,295
2020-10-24,Nebraska,31,63264,607
2020-10-24,Nevada,32,94935,1746
2020-10-24,New Hampshire,33,10238,473
2020-10-24,New Jersey,34,229128,16281
2020-10-24,New Mexico,35,41040,965
2020-10-24,New York,36,498568,33049
2020-10-24,North Carolina,37,258439,4170
2020-10-24,North Dakota,38,36879,453
2020-10-24,Northern Mariana Islands,69,88,2
2020-10-24,Ohio,39,195806,5206
2020-10-24,Oklahoma,40,115685,1245
2020-10-24,Oregon,41,41739,654
2020-10-24,Pennsylvania,42,197370,8721
2020-10-24,Puerto Rico,72,61280,794
2020-10-24,Rhode Island,44,30118,1177
2020-10-24,South Carolina,45,169341,3793
2020-10-24,South Dakota,46,38141,366
2020-10-24,Tennessee,47,240191,3067
2020-10-24,Texas,48,906657,17998
2020-10-24,Utah,49,103137,568
2020-10-24,Vermont,50,2043,58
2020-10-24,Virgin Islands,78,1346,21
2020-10-24,Virginia,51,172372,3578
2020-10-24,Washington,53,106772,2396
2020-10-24,West Virginia,54,21712,422
2020-10-24,Wisconsin,55,205139,1804
2020-10-24,Wyoming,56,10805,68
2020-10-25,Alabama,01,184355,2866
2020-10-25,Alaska,02,13968,64
2020-10-25,Arizona,04,238200,5874
2020-10-25,Arkansas,05,106115,1812
2020-10-25,California,06,909345,17358
2020-10-25,Colorado,08,95742,2244
2020-10-25,Connecticut,09,66052,4577
2020-10-25,Delaware,10,23961,681
2020-10-25,District of Columbia,11,16767,642
2020-10-25,Florida,12,778628,16428
2020-10-25,Georgia,13,360344,7626
2020-10-25,Guam,66,5185,72
2020-10-25,Hawaii,15,14823,211
2020-10-25,Idaho,16,59344,574
2020-10-25,Illinois,17,380065,9788
2020-10-25,Indiana,18,165038,4130
2020-10-25,Iowa,19,116238,1635
2020-10-25,Kansas,20,78241,975
2020-10-25,Kentucky,21,98730,1472
2020-10-25,Louisiana,22,183575,5837
2020-10-25,Maine,23,6201,146
2020-10-25,Maryland,24,140770,4096
2020-10-25,Massachusetts,25,150565,9864
2020-10-25,Michigan,26,175515,7522
2020-10-25,Minnesota,27,133855,2402
2020-10-25,Mississippi,28,115088,3255
2020-10-25,Missouri,29,175243,2857
2020-10-25,Montana,30,27880,298
2020-10-25,Nebraska,31,63849,608
2020-10-25,Nevada,32,95798,1748
2020-10-25,New Hampshire,33,10328,473
2020-10-25,New Jersey,34,230257,16285
2020-10-25,New Mexico,35,41863,967
2020-10-25,New York,36,500201,33059
2020-10-25,North Carolina,37,260128,4183
2020-10-25,North Dakota,38,37724,461
2020-10-25,Northern Mariana Islands,69,88,2
2020-10-25,Ohio,39,198115,5206
2020-10-25,Oklahoma,40,116736,1249
2020-10-25,Oregon,41,42101,654
2020-10-25,Pennsylvania,42,198756,8730
2020-10-25,Puerto Rico,72,62503,801
2020-10-25,Rhode Island,44,30118,1177
2020-10-25,South Carolina,45,170678,3802
2020-10-25,South Dakota,46,39203,375
2020-10-25,Tennessee,47,243508,3105
2020-10-25,Texas,48,910592,18042
2020-10-25,Utah,49,105053,572
2020-10-25,Vermont,50,2073,58
2020-10-25,Virgin Islands,78,1346,21
2020-10-25,Virginia,51,173371,3579
2020-10-25,Washington,53,107270,2396
2020-10-25,West Virginia,54,21906,423
2020-10-25,Wisconsin,55,208917,1814
2020-10-25,Wyoming,56,11041,68
2020-10-26,Alabama,01,185322,2866
2020-10-26,Alaska,02,14316,64
2020-10-26,Arizona,04,239193,5875
2020-10-26,Arkansas,05,106727,1833
2020-10-26,California,06,913707,17398
2020-10-26,Colorado,08,97686,2255
2020-10-26,Connecticut,09,68099,4589
2020-10-26,Delaware,10,24168,685
2020-10-26,District of Columbia,11,16812,642
2020-10-26,Florida,12,782005,16448
2020-10-26,Georgia,13,364275,7644
2020-10-26,Guam,66,5305,76
2020-10-26,Hawaii,15,14858,211
2020-10-26,Idaho,16,60400,582
2020-10-26,Illinois,17,385084,9811
2020-10-26,Indiana,18,167010,4143
2020-10-26,Iowa,19,117198,1657
2020-10-26,Kansas,20,80473,976
2020-10-26,Kentucky,21,99965,1480
2020-10-26,Louisiana,22,183802,5854
2020-10-26,Maine,23,6254,146
2020-10-26,Maryland,24,141334,4099
2020-10-26,Massachusetts,25,151777,9881
2020-10-26,Michigan,26,179624,7551
2020-10-26,Minnesota,27,135425,2406
2020-10-26,Mississippi,28,115763,3263
2020-10-26,Missouri,29,177733,2869
2020-10-26,Montana,30,28580,304
2020-10-26,Nebraska,31,64692,612
2020-10-26,Nevada,32,96330,1751
2020-10-26,New Hampshire,33,10397,475
2020-10-26,New Jersey,34,231473,16292
2020-10-26,New Mexico,35,42586,976
2020-10-26,New York,36,501393,33073
2020-10-26,North Carolina,37,262159,4200
2020-10-26,North Dakota,38,38246,466
2020-10-26,Northern Mariana Islands,69,92,2
2020-10-26,Ohio,39,200231,5217
2020-10-26,Oklahoma,40,117399,1251
2020-10-26,Oregon,41,42454,657
2020-10-26,Pennsylvania,42,201248,8737
2020-10-26,Puerto Rico,72,63135,804
2020-10-26,Rhode Island,44,31024,1184
2020-10-26,South Carolina,45,171501,3823
2020-10-26,South Dakota,46,39741,375
2020-10-26,Tennessee,47,245760,3132
2020-10-26,Texas,48,917240,18077
2020-10-26,Utah,49,106083,575
2020-10-26,Vermont,50,2083,58
2020-10-26,Virgin Islands,78,1348,21
2020-10-26,Virginia,51,174275,3581
2020-10-26,Washington,53,108393,2428
2020-10-26,West Virginia,54,22223,424
2020-10-26,Wisconsin,55,212116,1825
2020-10-26,Wyoming,56,11477,77
2020-10-27,Alabama,01,186437,2892
2020-10-27,Alaska,02,14699,66
2020-10-27,Arizona,04,240158,5891
2020-10-27,Arkansas,05,107679,1857
2020-10-27,California,06,918635,17478
2020-10-27,Colorado,08,99111,2265
2020-10-27,Connecticut,09,68637,4595
2020-10-27,Delaware,10,24249,686
2020-10-27,District of Columbia,11,16906,644
2020-10-27,Florida,12,786303,16504
2020-10-27,Georgia,13,365498,7661
2020-10-27,Guam,66,5387,76
2020-10-27,Hawaii,15,14920,214
2020-10-27,Idaho,16,61282,588
2020-10-27,Illinois,17,389088,9860
2020-10-27,Indiana,18,168996,4194
2020-10-27,Iowa,19,118852,1680
2020-10-27,Kansas,20,80761,979
2020-10-27,Kentucky,21,101700,1493
2020-10-27,Louisiana,22,184724,5872
2020-10-27,Maine,23,6311,146
2020-10-27,Maryland,24,142237,4108
2020-10-27,Massachusetts,25,153037,9888
2020-10-27,Michigan,26,182284,7585
2020-10-27,Minnesota,27,137589,2421
2020-10-27,Mississippi,28,116617,3283
2020-10-27,Missouri,29,179457,2912
2020-10-27,Montana,30,29422,309
2020-10-27,Nebraska,31,65552,626
2020-10-27,Nevada,32,97138,1757
2020-10-27,New Hampshire,33,10530,475
2020-10-27,New Jersey,34,233120,16306
2020-10-27,New Mexico,35,43169,980
2020-10-27,New York,36,503387,33092
2020-10-27,North Carolina,37,264334,4236
2020-10-27,North Dakota,38,39135,481
2020-10-27,Northern Mariana Islands,69,92,2
2020-10-27,Ohio,39,202740,5239
2020-10-27,Oklahoma,40,118409,1273
2020-10-27,Oregon,41,42821,665
2020-10-27,Pennsylvania,42,203520,8760
2020-10-27,Puerto Rico,72,63497,808
2020-10-27,Rhode Island,44,31445,1188
2020-10-27,South Carolina,45,172579,3842
2020-10-27,South Dakota,46,40730,375
2020-10-27,Tennessee,47,247688,3176
2020-10-27,Texas,48,924475,18155
2020-10-27,Utah,49,107246,579
2020-10-27,Vermont,50,2113,58
2020-10-27,Virgin Islands,78,1351,21
2020-10-27,Virginia,51,175409,3600
2020-10-27,Washington,53,108966,2438
2020-10-27,West Virginia,54,22706,432
2020-10-27,Wisconsin,55,217447,1896
2020-10-27,Wyoming,56,11806,77
2020-10-28,Alabama,01,187706,2911
2020-10-28,Alaska,02,15053,67
2020-10-28,Arizona,04,241259,5906
2020-10-28,Arkansas,05,108640,1875
2020-10-28,California,06,922685,17541
2020-10-28,Colorado,08,100614,2277
2020-10-28,Connecticut,09,69127,4604
2020-10-28,Delaware,10,24392,688
2020-10-28,District of Columbia,11,16973,644
2020-10-28,Florida,12,790418,16570
2020-10-28,Georgia,13,367126,7692
2020-10-28,Guam,66,5435,77
2020-10-28,Hawaii,15,14975,212
2020-10-28,Idaho,16,62197,600
2020-10-28,Illinois,17,395204,9912
2020-10-28,Indiana,18,171566,4227
2020-10-28,Iowa,19,120911,1691
2020-10-28,Kansas,20,83485,1007
2020-10-28,Kentucky,21,103685,1509
2020-10-28,Louisiana,22,185822,5890
2020-10-28,Maine,23,6387,146
2020-10-28,Maryland,24,142918,4115
2020-10-28,Massachusetts,25,154218,9924
2020-10-28,Michigan,26,185818,7606
2020-10-28,Minnesota,27,139497,2440
2020-10-28,Mississippi,28,117617,3302
2020-10-28,Missouri,29,181877,2940
2020-10-28,Montana,30,30051,326
2020-10-28,Nebraska,31,66682,634
2020-10-28,Nevada,32,97824,1767
2020-10-28,New Hampshire,33,10641,478
2020-10-28,New Jersey,34,234790,16324
2020-10-28,New Mexico,35,43826,991
2020-10-28,New York,36,505416,33107
2020-10-28,North Carolina,37,266566,4275
2020-10-28,North Dakota,38,39912,493
2020-10-28,Northern Mariana Islands,69,92,2
2020-10-28,Ohio,39,205347,5256
2020-10-28,Oklahoma,40,119152,1286
2020-10-28,Oregon,41,43228,673
2020-10-28,Pennsylvania,42,205852,8789
2020-10-28,Puerto Rico,72,63587,813
2020-10-28,Rhode Island,44,31944,1192
2020-10-28,South Carolina,45,173491,3876
2020-10-28,South Dakota,46,42000,384
2020-10-28,Tennessee,47,250269,3209
2020-10-28,Texas,48,932245,18251
2020-10-28,Utah,49,108863,588
2020-10-28,Vermont,50,2120,58
2020-10-28,Virgin Islands,78,1353,21
2020-10-28,Virginia,51,176754,3616
2020-10-28,Washington,53,109865,2454
2020-10-28,West Virginia,54,23064,436
2020-10-28,Wisconsin,55,221578,1953
2020-10-28,Wyoming,56,12146,77
2020-10-29,Alabama,01,189149,2914
2020-10-29,Alaska,02,15417,72
2020-10-29,Arizona,04,242510,5920
2020-10-29,Arkansas,05,109712,1894
2020-10-29,California,06,926910,17567
2020-10-29,Colorado,08,102665,2295
2020-10-29,Connecticut,09,70446,4609
2020-10-29,Delaware,10,24553,689
2020-10-29,District of Columbia,11,17074,645
2020-10-29,Florida,12,794616,16647
2020-10-29,Georgia,13,368840,7737
2020-10-29,Guam,66,5518,79
2020-10-29,Hawaii,15,15046,214
2020-10-29,Idaho,16,63195,618
2020-10-29,Illinois,17,401622,9963
2020-10-29,Indiana,18,175190,4260
2020-10-29,Iowa,19,123232,1705
2020-10-29,Kansas,20,83838,1008
2020-10-29,Kentucky,21,105517,1524
2020-10-29,Louisiana,22,186216,5908
2020-10-29,Maine,23,6467,146
2020-10-29,Maryland,24,143875,4127
2020-10-29,Massachusetts,25,155564,9951
2020-10-29,Michigan,26,189926,7651
2020-10-29,Minnesota,27,142364,2472
2020-10-29,Mississippi,28,118587,3310
2020-10-29,Missouri,29,184847,2978
2020-10-29,Montana,30,30932,339
2020-10-29,Nebraska,31,68150,646
2020-10-29,Nevada,32,98814,1770
2020-10-29,New Hampshire,33,10768,482
2020-10-29,New Jersey,34,236340,16332
2020-10-29,New Mexico,35,44904,994
2020-10-29,New York,36,507913,33128
2020-10-29,North Carolina,37,269419,4307
2020-10-29,North Dakota,38,41135,504
2020-10-29,Northern Mariana Islands,69,92,2
2020-10-29,Ohio,39,208937,5275
2020-10-29,Oklahoma,40,120193,1306
2020-10-29,Oregon,41,43793,674
2020-10-29,Pennsylvania,42,208087,8828
2020-10-29,Puerto Rico,72,64798,814
2020-10-29,Rhode Island,44,32312,1195
2020-10-29,South Carolina,45,174591,3889
2020-10-29,South Dakota,46,43000,403
2020-10-29,Tennessee,47,252727,3229
2020-10-29,Texas,48,939355,18372
2020-10-29,Utah,49,110666,598
2020-10-29,Vermont,50,2141,58
2020-10-29,Virgin Islands,78,1353,21
2020-10-29,Virginia,51,178183,3636
2020-10-29,Washington,53,110748,2463
2020-10-29,West Virginia,54,23466,443
2020-10-29,Wisconsin,55,226712,2008
2020-10-29,Wyoming,56,12507,87
2020-10-30,Alabama,01,190496,2932
2020-10-30,Alaska,02,15803,76
2020-10-30,Arizona,04,244099,5934
2020-10-30,Arkansas,05,110874,1900
2020-10-30,California,06,931843,17627
2020-10-30,Colorado,08,104927,2302
2020-10-30,Connecticut,09,71207,4616
2020-10-30,Delaware,10,24751,704
2020-10-30,District of Columbia,11,17144,646
2020-10-30,Florida,12,800208,16719
2020-10-30,Georgia,13,370157,7768
2020-10-30,Guam,66,5597,80
2020-10-30,Hawaii,15,15145,215
2020-10-30,Idaho,16,64175,627
2020-10-30,Illinois,17,410141,10012
2020-10-30,Indiana,18,178372,4286
2020-10-30,Iowa,19,125973,1714
2020-10-30,Kansas,20,86768,1029
2020-10-30,Kentucky,21,107620,1543
2020-10-30,Louisiana,22,186649,5919
2020-10-30,Maine,23,6570,146
2020-10-30,Maryland,24,144800,4137
2020-10-30,Massachusetts,25,157146,9975
2020-10-30,Michigan,26,193360,7664
2020-10-30,Minnesota,27,145519,2491
2020-10-30,Mississippi,28,119336,3328
2020-10-30,Missouri,29,187830,3014
2020-10-30,Montana,30,31995,368
2020-10-30,Nebraska,31,69699,648
2020-10-30,Nevada,32,100038,1777
2020-10-30,New Hampshire,33,10884,482
2020-10-30,New Jersey,34,238316,16339
2020-10-30,New Mexico,35,45909,1007
2020-10-30,New York,36,510171,33143
2020-10-30,North Carolina,37,272231,4354
2020-10-30,North Dakota,38,42488,517
2020-10-30,Northern Mariana Islands,69,92,2
2020-10-30,Ohio,39,212782,5291
2020-10-30,Oklahoma,40,121495,1326
2020-10-30,Oregon,41,44388,677
2020-10-30,Pennsylvania,42,210586,8860
2020-10-30,Puerto Rico,72,65743,820
2020-10-30,Rhode Island,44,32874,1201
2020-10-30,South Carolina,45,175594,3896
2020-10-30,South Dakota,46,44559,415
2020-10-30,Tennessee,47,255332,3307
2020-10-30,Texas,48,946023,18477
2020-10-30,Utah,49,112932,601
2020-10-30,Vermont,50,2155,58
2020-10-30,Virgin Islands,78,1362,21
2020-10-30,Virginia,51,179639,3643
2020-10-30,Washington,53,111893,2468
2020-10-30,West Virginia,54,23990,451
2020-10-30,Wisconsin,55,232092,2034
2020-10-30,Wyoming,56,13028,87
2020-10-31,Alabama,01,192285,2967
2020-10-31,Alaska,02,16247,77
2020-10-31,Arizona,04,245962,5979
2020-10-31,Arkansas,05,112190,1925
2020-10-31,California,06,935262,17661
2020-10-31,Colorado,08,107844,2309
2020-10-31,Connecticut,09,71207,4616
2020-10-31,Delaware,10,24951,708
2020-10-31,District of Columbia,11,17266,646
2020-10-31,Florida,12,802539,16760
2020-10-31,Georgia,13,372631,7790
2020-10-31,Guam,66,5650,80
2020-10-31,Hawaii,15,15207,218
2020-10-31,Idaho,16,64797,630
2020-10-31,Illinois,17,416557,10030
2020-10-31,Indiana,18,181837,4332
2020-10-31,Iowa,19,128798,1716
2020-10-31,Kansas,20,86771,1029
2020-10-31,Kentucky,21,109244,1551
2020-10-31,Louisiana,22,186649,5919
2020-10-31,Maine,23,6668,147
2020-10-31,Maryland,24,145593,4147
2020-10-31,Massachusetts,25,158576,9991
2020-10-31,Michigan,26,197164,7699
2020-10-31,Minnesota,27,148526,2511
2020-10-31,Mississippi,28,120160,3334
2020-10-31,Missouri,29,189925,3090
2020-10-31,Montana,30,32801,377
2020-10-31,Nebraska,31,70761,654
2020-10-31,Nevada,32,100844,1779
2020-10-31,New Hampshire,33,11084,483
2020-10-31,New Jersey,34,239679,16350
2020-10-31,New Mexico,35,46490,1018
2020-10-31,New York,36,512223,33152
2020-10-31,North Carolina,37,274805,4400
2020-10-31,North Dakota,38,43921,529
2020-10-31,Northern Mariana Islands,69,92,2
2020-10-31,Ohio,39,215697,5301
2020-10-31,Oklahoma,40,122762,1337
2020-10-31,Oregon,41,44923,690
2020-10-31,Pennsylvania,42,212816,8883
2020-10-31,Puerto Rico,72,66128,822
2020-10-31,Rhode Island,44,32874,1201
2020-10-31,South Carolina,45,176612,3935
2020-10-31,South Dakota,46,45992,425
2020-10-31,Tennessee,47,256923,3322
2020-10-31,Texas,48,953451,18549
2020-10-31,Utah,49,114670,604
2020-10-31,Vermont,50,2179,58
2020-10-31,Virgin Islands,78,1376,21
2020-10-31,Virginia,51,181190,3654
2020-10-31,Washington,53,112580,2468
2020-10-31,West Virginia,54,24460,457
2020-10-31,Wisconsin,55,237870,2092
2020-10-31,Wyoming,56,13298,87
2020-11-01,Alabama,01,193985,2973
2020-11-01,Alaska,02,16597,78
2020-11-01,Arizona,04,247484,5981
2020-11-01,Arkansas,05,113057,1958
2020-11-01,California,06,938897,17671
2020-11-01,Colorado,08,110640,2312
2020-11-01,Connecticut,09,71207,4616
2020-11-01,Delaware,10,25126,710
2020-11-01,District of Columbia,11,17369,646
2020-11-01,Florida,12,807404,16788
2020-11-01,Georgia,13,373700,7792
2020-11-01,Guam,66,5659,80
2020-11-01,Hawaii,15,15287,218
2020-11-01,Idaho,16,65272,631
2020-11-01,Illinois,17,424860,10091
2020-11-01,Indiana,18,184589,4364
2020-11-01,Iowa,19,131097,1733
2020-11-01,Kansas,20,86809,1029
2020-11-01,Kentucky,21,110600,1554
2020-11-01,Louisiana,22,187720,5926
2020-11-01,Maine,23,6715,147
2020-11-01,Maryland,24,146627,4152
2020-11-01,Massachusetts,25,159707,10013
2020-11-01,Michigan,26,197501,7700
2020-11-01,Minnesota,27,150726,2529
2020-11-01,Mississippi,28,120500,3348
2020-11-01,Missouri,29,192141,3091
2020-11-01,Montana,30,33495,378
2020-11-01,Nebraska,31,71666,661
2020-11-01,Nevada,32,101594,1783
2020-11-01,New Hampshire,33,11214,483
2020-11-01,New Jersey,34,241422,16354
2020-11-01,New Mexico,35,47232,1026
2020-11-01,New York,36,514482,33174
2020-11-01,North Carolina,37,276706,4405
2020-11-01,North Dakota,38,45048,536
2020-11-01,Northern Mariana Islands,69,96,2
2020-11-01,Ohio,39,219000,5303
2020-11-01,Oklahoma,40,124111,1345
2020-11-01,Oregon,41,45419,691
2020-11-01,Pennsylvania,42,214500,8888
2020-11-01,Puerto Rico,72,66661,832
2020-11-01,Rhode Island,44,32874,1201
2020-11-01,South Carolina,45,178023,3936
2020-11-01,South Dakota,46,47324,437
2020-11-01,Tennessee,47,257658,3322
2020-11-01,Texas,48,957789,18582
2020-11-01,Utah,49,116510,614
2020-11-01,Vermont,50,2196,58
2020-11-01,Virgin Islands,78,1376,21
2020-11-01,Virginia,51,182392,3655
2020-11-01,Washington,53,113109,2468
2020-11-01,West Virginia,54,24883,457
2020-11-01,Wisconsin,55,241423,2110
2020-11-01,Wyoming,56,13723,87
2020-11-02,Alabama,01,194892,2973
2020-11-02,Alaska,02,16948,79
2020-11-02,Arizona,04,248293,5982
2020-11-02,Arkansas,05,113641,1985
2020-11-02,California,06,944148,17700
2020-11-02,Colorado,08,112821,2320
2020-11-02,Connecticut,09,73858,4627
2020-11-02,Delaware,10,25311,710
2020-11-02,District of Columbia,11,17438,647
2020-11-02,Florida,12,812055,16833
2020-11-02,Georgia,13,377261,7810
2020-11-02,Guam,66,5662,80
2020-11-02,Hawaii,15,15359,218
2020-11-02,Idaho,16,66249,641
2020-11-02,Illinois,17,431281,10115
2020-11-02,Indiana,18,187665,4390
2020-11-02,Iowa,19,132697,1755
2020-11-02,Kansas,20,90613,1046
2020-11-02,Kentucky,21,111816,1565
2020-11-02,Louisiana,22,187995,5934
2020-11-02,Maine,23,6799,148
2020-11-02,Maryland,24,147477,4155
2020-11-02,Massachusetts,25,160549,10023
2020-11-02,Michigan,26,204135,7716
2020-11-02,Minnesota,27,153674,2538
2020-11-02,Mississippi,28,120865,3348
2020-11-02,Missouri,29,195938,3101
2020-11-02,Montana,30,34317,387
2020-11-02,Nebraska,31,72905,662
2020-11-02,Nevada,32,102243,1785
2020-11-02,New Hampshire,33,11320,483
2020-11-02,New Jersey,34,242790,16357
2020-11-02,New Mexico,35,48104,1036
2020-11-02,New York,36,516114,33187
2020-11-02,North Carolina,37,278477,4413
2020-11-02,North Dakota,38,46020,545
2020-11-02,Northern Mariana Islands,69,96,2
2020-11-02,Ohio,39,221909,5340
2020-11-02,Oklahoma,40,125195,1354
2020-11-02,Oregon,41,45978,694
2020-11-02,Pennsylvania,42,217243,8893
2020-11-02,Puerto Rico,72,68172,839
2020-11-02,Rhode Island,44,34120,1210
2020-11-02,South Carolina,45,178917,3946
2020-11-02,South Dakota,46,47850,438
2020-11-02,Tennessee,47,260275,3347
2020-11-02,Texas,48,965780,18626
2020-11-02,Utah,49,117767,614
2020-11-02,Vermont,50,2219,58
2020-11-02,Virgin Islands,78,1376,21
2020-11-02,Virginia,51,183418,3658
2020-11-02,Washington,53,114787,2484
2020-11-02,West Virginia,54,25235,458
2020-11-02,Wisconsin,55,244974,2117
2020-11-02,Wyoming,56,14167,87
2020-11-03,Alabama,01,195929,2987
2020-11-03,Alaska,02,17339,79
2020-11-03,Arizona,04,249841,6022
2020-11-03,Arkansas,05,114519,2003
2020-11-03,California,06,949390,17751
2020-11-03,Colorado,08,115364,2337
2020-11-03,Connecticut,09,74843,4635
2020-11-03,Delaware,10,25426,712
2020-11-03,District of Columbia,11,17524,647
2020-11-03,Florida,12,816692,16889
2020-11-03,Georgia,13,378894,7837
2020-11-03,Guam,66,5781,81
2020-11-03,Hawaii,15,15441,218
2020-11-03,Idaho,16,67504,649
2020-11-03,Illinois,17,437879,10177
2020-11-03,Indiana,18,190555,4439
2020-11-03,Iowa,19,134576,1780
2020-11-03,Kansas,20,91072,1051
2020-11-03,Kentucky,21,113457,1578
2020-11-03,Louisiana,22,189148,5951
2020-11-03,Maine,23,6926,148
2020-11-03,Maryland,24,148249,4162
2020-11-03,Massachusetts,25,161585,10035
2020-11-03,Michigan,26,207799,7758
2020-11-03,Minnesota,27,157150,2553
2020-11-03,Mississippi,28,121509,3384
2020-11-03,Missouri,29,198312,3136
2020-11-03,Montana,30,35222,400
2020-11-03,Nebraska,31,74120,665
2020-11-03,Nevada,32,103305,1807
2020-11-03,New Hampshire,33,11448,483
2020-11-03,New Jersey,34,244614,16371
2020-11-03,New Mexico,35,49240,1045
2020-11-03,New York,36,518431,33198
2020-11-03,North Carolina,37,280657,4481
2020-11-03,North Dakota,38,47192,561
2020-11-03,Northern Mariana Islands,69,96,2
2020-11-03,Ohio,39,226138,5373
2020-11-03,Oklahoma,40,126526,1375
2020-11-03,Oregon,41,46460,701
2020-11-03,Pennsylvania,42,220111,8926
2020-11-03,Puerto Rico,72,68943,842
2020-11-03,Rhode Island,44,34543,1212
2020-11-03,South Carolina,45,179952,3968
2020-11-03,South Dakota,46,48854,446
2020-11-03,Tennessee,47,262053,3419
2020-11-03,Texas,48,974292,18722
2020-11-03,Utah,49,119375,620
2020-11-03,Vermont,50,2237,58
2020-11-03,Virgin Islands,78,1385,22
2020-11-03,Virginia,51,184679,3666
2020-11-03,Washington,53,115608,2507
2020-11-03,West Virginia,54,25593,469
2020-11-03,Wisconsin,55,251227,2179
2020-11-03,Wyoming,56,14619,93
2020-11-04,Alabama,01,197777,3006
2020-11-04,Alaska,02,17750,79
2020-11-04,Arizona,04,250853,6059
2020-11-04,Arkansas,05,115812,2026
2020-11-04,California,06,954629,17818
2020-11-04,Colorado,08,118356,2366
2020-11-04,Connecticut,09,75373,4645
2020-11-04,Delaware,10,25534,712
2020-11-04,District of Columbia,11,17601,647
2020-11-04,Florida,12,821115,16921
2020-11-04,Georgia,13,382113,8303
2020-11-04,Guam,66,5872,84
2020-11-04,Hawaii,15,15591,218
2020-11-04,Idaho,16,68791,665
2020-11-04,Illinois,17,445537,10239
2020-11-04,Indiana,18,194261,4464
2020-11-04,Iowa,19,137315,1801
2020-11-04,Kansas,20,93967,1087
2020-11-04,Kentucky,21,115426,1593
2020-11-04,Louisiana,22,190164,5975
2020-11-04,Maine,23,7077,150
2020-11-04,Maryland,24,149232,4172
2020-11-04,Massachusetts,25,163299,10062
2020-11-04,Michigan,26,212126,7783
2020-11-04,Minnesota,27,160977,2584
2020-11-04,Mississippi,28,122275,3397
2020-11-04,Missouri,29,201515,3166
2020-11-04,Montana,30,36012,404
2020-11-04,Nebraska,31,76145,676
2020-11-04,Nevada,32,104514,1816
2020-11-04,New Hampshire,33,11563,484
2020-11-04,New Jersey,34,247057,16391
2020-11-04,New Mexico,35,50251,1059
2020-11-04,New York,36,520557,33222
2020-11-04,North Carolina,37,283280,4535
2020-11-04,North Dakota,38,48306,573
2020-11-04,Northern Mariana Islands,69,96,2
2020-11-04,Ohio,39,230209,5428
2020-11-04,Oklahoma,40,127772,1392
2020-11-04,Oregon,41,47049,707
2020-11-04,Pennsylvania,42,222883,8967
2020-11-04,Puerto Rico,72,69020,850
2020-11-04,Rhode Island,44,35122,1214
2020-11-04,South Carolina,45,180870,3985
2020-11-04,South Dakota,46,49791,460
2020-11-04,Tennessee,47,265407,3446
2020-11-04,Texas,48,984919,18870
2020-11-04,Utah,49,121563,625
2020-11-04,Vermont,50,2267,58
2020-11-04,Virgin Islands,78,1388,23
2020-11-04,Virginia,51,185836,3677
2020-11-04,Washington,53,117091,2526
2020-11-04,West Virginia,54,25987,472
2020-11-04,Wisconsin,55,257365,2237
2020-11-04,Wyoming,56,15044,105
2020-11-05,Alabama,01,199158,3026
2020-11-05,Alaska,02,18064,79
2020-11-05,Arizona,04,252843,6087
2020-11-05,Arkansas,05,117360,2037
2020-11-05,California,06,960905,17866
2020-11-05,Colorado,08,122170,2383
2020-11-05,Connecticut,09,77060,4656
2020-11-05,Delaware,10,25753,716
2020-11-05,District of Columbia,11,17682,650
2020-11-05,Florida,12,827372,16960
2020-11-05,Georgia,13,384531,8359
2020-11-05,Guam,66,5973,84
2020-11-05,Hawaii,15,15683,218
2020-11-05,Idaho,16,70005,673
2020-11-05,Illinois,17,455528,10334
2020-11-05,Indiana,18,198684,4511
2020-11-05,Iowa,19,142795,1814
2020-11-05,Kansas,20,94427,1087
2020-11-05,Kentucky,21,117654,1611
2020-11-05,Louisiana,22,190845,5995
2020-11-05,Maine,23,7260,150
2020-11-05,Maryland,24,150424,4182
2020-11-05,Massachusetts,25,165161,10085
2020-11-05,Michigan,26,218136,7833
2020-11-05,Minnesota,27,164919,2609
2020-11-05,Mississippi,28,123887,3405
2020-11-05,Missouri,29,205036,3197
2020-11-05,Montana,30,37024,409
2020-11-05,Nebraska,31,78061,681
2020-11-05,Nevada,32,105706,1825
2020-11-05,New Hampshire,33,11808,486
2020-11-05,New Jersey,34,249019,16403
2020-11-05,New Mexico,35,51110,1082
2020-11-05,New York,36,523559,33247
2020-11-05,North Carolina,37,286210,4572
2020-11-05,North Dakota,38,49842,601
2020-11-05,Northern Mariana Islands,69,96,2
2020-11-05,Ohio,39,235170,5461
2020-11-05,Oklahoma,40,129873,1413
2020-11-05,Oregon,41,47839,710
2020-11-05,Pennsylvania,42,225698,9009
2020-11-05,Puerto Rico,72,69416,855
2020-11-05,Rhode Island,44,35750,1222
2020-11-05,South Carolina,45,181639,3992
2020-11-05,South Dakota,46,51151,482
2020-11-05,Tennessee,47,267557,3474
2020-11-05,Texas,48,993894,19000
2020-11-05,Utah,49,124366,632
2020-11-05,Vermont,50,2303,58
2020-11-05,Virgin Islands,78,1388,23
2020-11-05,Virginia,51,187202,3688
2020-11-05,Washington,53,118459,2542
2020-11-05,West Virginia,54,26547,480
2020-11-05,Wisconsin,55,263640,2273
2020-11-05,Wyoming,56,15409,105
2020-11-06,Alabama,01,200714,3049
2020-11-06,Alaska,02,18589,79
2020-11-06,Arizona,04,254961,6111
2020-11-06,Arkansas,05,119230,2056
2020-11-06,California,06,967618,17939
2020-11-06,Colorado,08,125397,2404
2020-11-06,Connecticut,09,78125,4671
2020-11-06,Delaware,10,26035,716
2020-11-06,District of Columbia,11,17792,652
2020-11-06,Florida,12,832617,17013
2020-11-06,Georgia,13,387202,8389
2020-11-06,Guam,66,6046,89
2020-11-06,Hawaii,15,15816,218
2020-11-06,Idaho,16,71496,685
2020-11-06,Illinois,17,466884,10412
2020-11-06,Indiana,18,203332,4547
2020-11-06,Iowa,19,146267,1828
2020-11-06,Kansas,20,99605,1172
2020-11-06,Kentucky,21,119952,1621
2020-11-06,Louisiana,22,191715,6016
2020-11-06,Maine,23,7444,150
2020-11-06,Maryland,24,151964,4194
2020-11-06,Massachusetts,25,167274,10123
2020-11-06,Michigan,26,222423,7883
2020-11-06,Minnesota,27,170361,2645
2020-11-06,Mississippi,28,124854,3419
2020-11-06,Missouri,29,210054,3217
2020-11-06,Montana,30,38012,420
2020-11-06,Nebraska,31,80693,710
2020-11-06,Nevada,32,107258,1846
2020-11-06,New Hampshire,33,12012,488
2020-11-06,New Jersey,34,251180,16416
2020-11-06,New Mexico,35,52394,1088
2020-11-06,New York,36,526767,33267
2020-11-06,North Carolina,37,289124,4608
2020-11-06,North Dakota,38,51607,618
2020-11-06,Northern Mariana Islands,69,98,2
2020-11-06,Ohio,39,240178,5494
2020-11-06,Oklahoma,40,131751,1429
2020-11-06,Oregon,41,48608,716
2020-11-06,Pennsylvania,42,229346,9052
2020-11-06,Puerto Rico,72,70519,862
2020-11-06,Rhode Island,44,36380,1224
2020-11-06,South Carolina,45,182872,4005
2020-11-06,South Dakota,46,52639,510
2020-11-06,Tennessee,47,269292,3508
2020-11-06,Texas,48,1003908,19125
2020-11-06,Utah,49,127294,649
2020-11-06,Vermont,50,2326,58
2020-11-06,Virgin Islands,78,1390,23
2020-11-06,Virginia,51,188770,3682
2020-11-06,Washington,53,120123,2552
2020-11-06,West Virginia,54,27087,487
2020-11-06,Wisconsin,55,270074,2340
2020-11-06,Wyoming,56,16405,105
2020-11-07,Alabama,01,202482,3082
2020-11-07,Alaska,02,19194,79
2020-11-07,Arizona,04,257384,6147
2020-11-07,Arkansas,05,120828,2068
2020-11-07,California,06,972821,17964
2020-11-07,Colorado,08,128611,2417
2020-11-07,Connecticut,09,78125,4671
2020-11-07,Delaware,10,26258,716
2020-11-07,District of Columbia,11,17891,654
2020-11-07,Florida,12,837069,17099
2020-11-07,Georgia,13,389257,8427
2020-11-07,Guam,66,6046,89
2020-11-07,Hawaii,15,15939,219
2020-11-07,Idaho,16,72528,685
2020-11-07,Illinois,17,479061,10498
2020-11-07,Indiana,18,208243,4592
2020-11-07,Iowa,19,150639,1842
2020-11-07,Kansas,20,99671,1166
2020-11-07,Kentucky,21,122021,1640
2020-11-07,Louisiana,22,191715,6016
2020-11-07,Maine,23,7603,152
2020-11-07,Maryland,24,153198,4201
2020-11-07,Massachusetts,25,169576,10146
2020-11-07,Michigan,26,228706,7943
2020-11-07,Minnesota,27,175008,2679
2020-11-07,Mississippi,28,125885,3433
2020-11-07,Missouri,29,213645,3235
2020-11-07,Montana,30,38948,445
2020-11-07,Nebraska,31,82395,715
2020-11-07,Nevada,32,109326,1851
2020-11-07,New Hampshire,33,12241,489
2020-11-07,New Jersey,34,254382,16425
2020-11-07,New Mexico,35,53671,1104
2020-11-07,New York,36,530354,33287
2020-11-07,North Carolina,37,291563,4629
2020-11-07,North Dakota,38,53209,633
2020-11-07,Northern Mariana Islands,69,98,2
2020-11-07,Ohio,39,245727,5506
2020-11-07,Oklahoma,40,136258,1438
2020-11-07,Oregon,41,49587,729
2020-11-07,Pennsylvania,42,232582,9089
2020-11-07,Puerto Rico,72,71532,862
2020-11-07,Rhode Island,44,36380,1224
2020-11-07,South Carolina,45,184742,4015
2020-11-07,South Dakota,46,53976,523
2020-11-07,Tennessee,47,273603,3556
2020-11-07,Texas,48,1009837,19219
2020-11-07,Utah,49,130238,658
2020-11-07,Vermont,50,2347,59
2020-11-07,Virgin Islands,78,1405,23
2020-11-07,Virginia,51,190873,3704
2020-11-07,Washington,53,121220,2552
2020-11-07,West Virginia,54,27742,502
2020-11-07,Wisconsin,55,277568,2385
2020-11-07,Wyoming,56,16597,105
2020-11-08,Alabama,01,203687,3084
2020-11-08,Alaska,02,19712,79
2020-11-08,Arizona,04,259299,6164
2020-11-08,Arkansas,05,121866,2085
2020-11-08,California,06,978861,17975
2020-11-08,Colorado,08,131870,2421
2020-11-08,Connecticut,09,78125,4671
2020-11-08,Delaware,10,26603,718
2020-11-08,District of Columbia,11,18001,654
2020-11-08,Florida,12,843889,17120
2020-11-08,Georgia,13,390617,8428
2020-11-08,Guam,66,6046,89
2020-11-08,Hawaii,15,16066,220
2020-11-08,Idaho,16,73212,691
2020-11-08,Illinois,17,488980,10548
2020-11-08,Indiana,18,212895,4629
2020-11-08,Iowa,19,155583,1845
2020-11-08,Kansas,20,99805,1166
2020-11-08,Kentucky,21,123195,1641
2020-11-08,Louisiana,22,192981,6036
2020-11-08,Maine,23,7693,152
2020-11-08,Maryland,24,154451,4212
2020-11-08,Massachusetts,25,171399,10166
2020-11-08,Michigan,26,229085,7944
2020-11-08,Minnesota,27,180916,2710
2020-11-08,Mississippi,28,126689,3443
2020-11-08,Missouri,29,216654,3238
2020-11-08,Montana,30,39679,456
2020-11-08,Nebraska,31,83969,715
2020-11-08,Nevada,32,110308,1852
2020-11-08,New Hampshire,33,12488,489
2020-11-08,New Jersey,34,256395,16429
2020-11-08,New Mexico,35,54881,1118
2020-11-08,New York,36,533784,33314
2020-11-08,North Carolina,37,293431,4630
2020-11-08,North Dakota,38,54310,644
2020-11-08,Northern Mariana Islands,69,98,2
2020-11-08,Ohio,39,250268,5517
2020-11-08,Oklahoma,40,136258,1438
2020-11-08,Oregon,41,50448,730
2020-11-08,Pennsylvania,42,235162,9093
2020-11-08,Puerto Rico,72,71715,872
2020-11-08,Rhode Island,44,36380,1224
2020-11-08,South Carolina,45,185688,4036
2020-11-08,South Dakota,46,55404,536
2020-11-08,Tennessee,47,277073,3561
2020-11-08,Texas,48,1016772,19256
2020-11-08,Utah,49,132621,659
2020-11-08,Vermont,50,2392,59
2020-11-08,Virgin Islands,78,1405,23
2020-11-08,Virginia,51,192175,3707
2020-11-08,Washington,53,122310,2552
2020-11-08,West Virginia,54,28404,502
2020-11-08,Wisconsin,55,281910,2396
2020-11-08,Wyoming,56,17310,114
2020-11-09,Alabama,01,204857,3084
2020-11-09,Alaska,02,20185,79
2020-11-09,Arizona,04,260646,6164
2020-11-09,Arkansas,05,122811,2108
2020-11-09,California,06,985623,18035
2020-11-09,Colorado,08,135747,2438
2020-11-09,Connecticut,09,81463,4698
2020-11-09,Delaware,10,26908,719
2020-11-09,District of Columbia,11,18087,655
2020-11-09,Florida,12,847813,17178
2020-11-09,Georgia,13,392246,8457
2020-11-09,Guam,66,6442,91
2020-11-09,Hawaii,15,16124,220
2020-11-09,Idaho,16,74713,704
2020-11-09,Illinois,17,500015,10577
2020-11-09,Indiana,18,217028,4664
2020-11-09,Iowa,19,159910,1872
2020-11-09,Kansas,20,105298,1181
2020-11-09,Kentucky,21,125332,1655
2020-11-09,Louisiana,22,193372,6048
2020-11-09,Maine,23,7888,153
2020-11-09,Maryland,24,155824,4221
2020-11-09,Massachusetts,25,172727,10180
2020-11-09,Michigan,26,238136,8008
2020-11-09,Minnesota,27,184842,2729
2020-11-09,Mississippi,28,127205,3443
2020-11-09,Missouri,29,221874,3241
2020-11-09,Montana,30,40118,463
2020-11-09,Nebraska,31,85551,719
2020-11-09,Nevada,32,111323,1853
2020-11-09,New Hampshire,33,12699,489
2020-11-09,New Jersey,34,258453,16440
2020-11-09,New Mexico,35,56289,1130
2020-11-09,New York,36,536933,33343
2020-11-09,North Carolina,37,295105,4638
2020-11-09,North Dakota,38,55463,649
2020-11-09,Northern Mariana Islands,69,100,2
2020-11-09,Ohio,39,254974,5524
2020-11-09,Oklahoma,40,138455,1444
2020-11-09,Oregon,41,51155,738
2020-11-09,Pennsylvania,42,239724,9098
2020-11-09,Puerto Rico,72,72196,882
2020-11-09,Rhode Island,44,38009,1233
2020-11-09,South Carolina,45,186391,4041
2020-11-09,South Dakota,46,56311,537
2020-11-09,Tennessee,47,282746,3577
2020-11-09,Texas,48,1026570,19298
2020-11-09,Utah,49,134868,661
2020-11-09,Vermont,50,2415,59
2020-11-09,Virgin Islands,78,1405,23
2020-11-09,Virginia,51,193477,3713
2020-11-09,Washington,53,124560,2577
2020-11-09,West Virginia,54,28805,530
2020-11-09,Wisconsin,55,286446,2421
2020-11-09,Wyoming,56,18010,114
2020-11-10,Alabama,01,206567,3120
2020-11-10,Alaska,02,20715,87
2020-11-10,Arizona,04,263445,6198
2020-11-10,Arkansas,05,124235,2112
2020-11-10,California,06,994366,18073
2020-11-10,Colorado,08,139246,2469
2020-11-10,Connecticut,09,82987,4707
2020-11-10,Delaware,10,27112,722
2020-11-10,District of Columbia,11,18173,657
2020-11-10,Florida,12,852166,17247
2020-11-10,Georgia,13,396498,8507
2020-11-10,Guam,66,6623,92
2020-11-10,Hawaii,15,16193,221
2020-11-10,Idaho,16,76010,720
2020-11-10,Illinois,17,512688,10658
2020-11-10,Indiana,18,221894,4731
2020-11-10,Iowa,19,163827,1898
2020-11-10,Kansas,20,105760,1181
2020-11-10,Kentucky,21,127472,1674
2020-11-10,Louisiana,22,194702,6058
2020-11-10,Maine,23,8060,156
2020-11-10,Maryland,24,157149,4233
2020-11-10,Massachusetts,25,174881,10201
2020-11-10,Michigan,26,245005,8095
2020-11-10,Minnesota,27,189735,2752
2020-11-10,Mississippi,28,128138,3480
2020-11-10,Missouri,29,226372,3375
2020-11-10,Montana,30,41219,468
2020-11-10,Nebraska,31,87743,745
2020-11-10,Nevada,32,112602,1863
2020-11-10,New Hampshire,33,12919,489
2020-11-10,New Jersey,34,262230,16461
2020-11-10,New Mexico,35,57547,1144
2020-11-10,New York,36,540897,33373
2020-11-10,North Carolina,37,298089,4685
2020-11-10,North Dakota,38,56357,679
2020-11-10,Northern Mariana Islands,69,100,2
2020-11-10,Ohio,39,261482,5547
2020-11-10,Oklahoma,40,140157,1451
2020-11-10,Oregon,41,51909,741
2020-11-10,Pennsylvania,42,244046,9156
2020-11-10,Puerto Rico,72,72471,889
2020-11-10,Rhode Island,44,38798,1237
2020-11-10,South Carolina,45,187738,4062
2020-11-10,South Dakota,46,57334,540
2020-11-10,Tennessee,47,284725,3639
2020-11-10,Texas,48,1038214,19423
2020-11-10,Utah,49,137523,672
2020-11-10,Vermont,50,2462,59
2020-11-10,Virgin Islands,78,1413,23
2020-11-10,Virginia,51,194912,3726
2020-11-10,Washington,53,126091,2594
2020-11-10,West Virginia,54,29316,546
2020-11-10,Wisconsin,55,293862,2497
2020-11-10,Wyoming,56,19242,127
2020-11-11,Alabama,01,208637,3201
2020-11-11,Alaska,02,21211,90
2020-11-11,Arizona,04,265195,6228
2020-11-11,Arkansas,05,126197,2126
2020-11-11,California,06,999516,18109
2020-11-11,Colorado,08,143553,2481
2020-11-11,Connecticut,09,84741,4716
2020-11-11,Delaware,10,27342,724
2020-11-11,District of Columbia,11,18379,657
2020-11-11,Florida,12,858004,17299
2020-11-11,Georgia,13,398769,8582
2020-11-11,Guam,66,6724,92
2020-11-11,Hawaii,15,16309,221
2020-11-11,Idaho,16,77536,738
2020-11-11,Illinois,17,525072,10805
2020-11-11,Indiana,18,226935,4762
2020-11-11,Iowa,19,168457,1927
2020-11-11,Kansas,20,110977,1215
2020-11-11,Kentucky,21,130308,1689
2020-11-11,Louisiana,22,194702,6058
2020-11-11,Maine,23,8202,158
2020-11-11,Maryland,24,158836,4249
2020-11-11,Massachusetts,25,177541,10222
2020-11-11,Michigan,26,251499,8137
2020-11-11,Minnesota,27,194626,2810
2020-11-11,Mississippi,28,129394,3497
2020-11-11,Missouri,29,230003,3411
2020-11-11,Montana,30,42132,475
2020-11-11,Nebraska,31,89977,745
2020-11-11,Nevada,32,113856,1877
2020-11-11,New Hampshire,33,13148,492
2020-11-11,New Jersey,34,265295,16476
2020-11-11,New Mexico,35,59034,1158
2020-11-11,New York,36,545718,33398
2020-11-11,North Carolina,37,300725,4723
2020-11-11,North Dakota,38,57378,691
2020-11-11,Northern Mariana Islands,69,100,2
2020-11-11,Ohio,39,267356,5623
2020-11-11,Oklahoma,40,142334,1470
2020-11-11,Oregon,41,52770,746
2020-11-11,Pennsylvania,42,248144,9217
2020-11-11,Puerto Rico,72,72735,901
2020-11-11,Rhode Island,44,39776,1243
2020-11-11,South Carolina,45,188995,4076
2020-11-11,South Dakota,46,58696,567
2020-11-11,Tennessee,47,288311,3727
2020-11-11,Texas,48,1051071,19544
2020-11-11,Utah,49,139815,678
2020-11-11,Vermont,50,2535,59
2020-11-11,Virgin Islands,78,1413,23
2020-11-11,Virginia,51,196506,3741
2020-11-11,Washington,53,126886,2595
2020-11-11,West Virginia,54,30201,553
2020-11-11,Wisconsin,55,301349,2562
2020-11-11,Wyoming,56,19374,127
2020-11-12,Alabama,01,210637,3213
2020-11-12,Alaska,02,21689,90
2020-11-12,Arizona,04,266644,6240
2020-11-12,Arkansas,05,128006,2144
2020-11-12,California,06,1009216,18141
2020-11-12,Colorado,08,149262,2512
2020-11-12,Connecticut,09,85899,4726
2020-11-12,Delaware,10,27546,732
2020-11-12,District of Columbia,11,18507,657
2020-11-12,Florida,12,863611,17371
2020-11-12,Georgia,13,401750,8655
2020-11-12,Guam,66,6819,92
2020-11-12,Hawaii,15,16403,221
2020-11-12,Idaho,16,78877,753
2020-11-12,Illinois,17,537860,10855
2020-11-12,Indiana,18,233540,4813
2020-11-12,Iowa,19,173401,1947
2020-11-12,Kansas,20,111503,1215
2020-11-12,Kentucky,21,132686,1702
2020-11-12,Louisiana,22,198531,6097
2020-11-12,Maine,23,8395,159
2020-11-12,Maryland,24,160311,4261
2020-11-12,Massachusetts,25,180189,10242
2020-11-12,Michigan,26,258973,8187
2020-11-12,Minnesota,27,201851,2849
2020-11-12,Mississippi,28,130665,3514
2020-11-12,Missouri,29,235341,3441
2020-11-12,Montana,30,43084,478
2020-11-12,Nebraska,31,92737,772
2020-11-12,Nevada,32,115360,1880
2020-11-12,New Hampshire,33,13470,495
2020-11-12,New Jersey,34,268787,16495
2020-11-12,New Mexico,35,60776,1176
2020-11-12,New York,36,550516,33424
2020-11-12,North Carolina,37,303931,4730
2020-11-12,North Dakota,38,59179,703
2020-11-12,Northern Mariana Islands,69,100,2
2020-11-12,Ohio,39,274457,5658
2020-11-12,Oklahoma,40,144691,1481
2020-11-12,Oregon,41,53879,748
2020-11-12,Pennsylvania,42,254167,9272
2020-11-12,Puerto Rico,72,74067,909
2020-11-12,Rhode Island,44,40764,1250
2020-11-12,South Carolina,45,190490,4084
2020-11-12,South Dakota,46,60716,567
2020-11-12,Tennessee,47,291482,3751
2020-11-12,Texas,48,1060798,19705
2020-11-12,Utah,49,143639,689
2020-11-12,Vermont,50,2651,59
2020-11-12,Virgin Islands,78,1413,23
2020-11-12,Virginia,51,198027,3758
2020-11-12,Washington,53,129672,2619
2020-11-12,West Virginia,54,30897,555
2020-11-12,Wisconsin,55,309605,2626
2020-11-12,Wyoming,56,20479,127
2020-11-13,Alabama,01,213617,3231
2020-11-13,Alaska,02,22282,91
2020-11-13,Arizona,04,270596,6257
2020-11-13,Arkansas,05,130318,2148
2020-11-13,California,06,1019080,18218
2020-11-13,Colorado,08,155761,2541
2020-11-13,Connecticut,09,88645,4737
2020-11-13,Delaware,10,28016,734
2020-11-13,District of Columbia,11,18666,657
2020-11-13,Florida,12,870544,17444
2020-11-13,Georgia,13,404577,8678
2020-11-13,Guam,66,6893,93
2020-11-13,Hawaii,15,16514,221
2020-11-13,Idaho,16,80440,756
2020-11-13,Illinois,17,553083,10907
2020-11-13,Indiana,18,239139,4863
2020-11-13,Iowa,19,178890,1972
2020-11-13,Kansas,20,117282,1256
2020-11-13,Kentucky,21,135855,1729
2020-11-13,Louisiana,22,201981,6121
2020-11-13,Maine,23,8639,162
2020-11-13,Maryland,24,162181,4273
2020-11-13,Massachusetts,25,183095,10265
2020-11-13,Michigan,26,268072,8312
2020-11-13,Minnesota,27,207395,2895
2020-11-13,Mississippi,28,131970,3519
2020-11-13,Missouri,29,241236,3452
2020-11-13,Montana,30,44297,483
2020-11-13,Nebraska,31,95010,794
2020-11-13,Nevada,32,117322,1896
2020-11-13,New Hampshire,33,13929,498
2020-11-13,New Jersey,34,272184,16522
2020-11-13,New Mexico,35,62006,1198
2020-11-13,New York,36,555917,33452
2020-11-13,North Carolina,37,306498,4749
2020-11-13,North Dakota,38,60608,713
2020-11-13,Northern Mariana Islands,69,100,2
2020-11-13,Ohio,39,282528,5700
2020-11-13,Oklahoma,40,147358,1493
2020-11-13,Oregon,41,54937,759
2020-11-13,Pennsylvania,42,260001,9306
2020-11-13,Puerto Rico,72,74734,914
2020-11-13,Rhode Island,44,41529,1254
2020-11-13,South Carolina,45,192101,4101
2020-11-13,South Dakota,46,62327,568
2020-11-13,Tennessee,47,295135,3814
2020-11-13,Texas,48,1073382,19917
2020-11-13,Utah,49,146155,703
2020-11-13,Vermont,50,2743,59
2020-11-13,Virgin Islands,78,1426,23
2020-11-13,Virginia,51,199262,3785
2020-11-13,Washington,53,132183,2634
2020-11-13,West Virginia,54,31639,565
2020-11-13,Wisconsin,55,318023,2694
2020-11-13,Wyoming,56,21341,127
2020-11-14,Alabama,01,215843,3246
2020-11-14,Alaska,02,23029,92
2020-11-14,Arizona,04,273400,6300
2020-11-14,Arkansas,05,132166,2159
2020-11-14,California,06,1027044,18254
2020-11-14,Colorado,08,160459,2554
2020-11-14,Connecticut,09,88645,4737
2020-11-14,Delaware,10,28395,736
2020-11-14,District of Columbia,11,18814,658
2020-11-14,Florida,12,875088,17488
2020-11-14,Georgia,13,407596,8729
2020-11-14,Guam,66,6893,93
2020-11-14,Hawaii,15,16619,221
2020-11-14,Idaho,16,81625,763
2020-11-14,Illinois,17,564086,11098
2020-11-14,Indiana,18,247466,4888
2020-11-14,Iowa,19,183557,1985
2020-11-14,Kansas,20,117728,1256
2020-11-14,Kentucky,21,138854,1739
2020-11-14,Louisiana,22,201981,6121
2020-11-14,Maine,23,8791,163
2020-11-14,Maryland,24,164239,4293
2020-11-14,Massachusetts,25,186142,10293
2020-11-14,Michigan,26,275393,8375
2020-11-14,Minnesota,27,216084,2930
2020-11-14,Mississippi,28,133340,3540
2020-11-14,Missouri,29,248400,3463
2020-11-14,Montana,30,45919,519
2020-11-14,Nebraska,31,96834,795
2020-11-14,Nevada,32,119228,1908
2020-11-14,New Hampshire,33,14311,499
2020-11-14,New Jersey,34,276537,16548
2020-11-14,New Mexico,35,63171,1208
2020-11-14,New York,36,561308,33477
2020-11-14,North Carolina,37,309703,4783
2020-11-14,North Dakota,38,62878,732
2020-11-14,Northern Mariana Islands,69,100,2
2020-11-14,Ohio,39,290243,5714
2020-11-14,Oklahoma,40,150205,1516
2020-11-14,Oregon,41,56018,760
2020-11-14,Pennsylvania,42,264396,9353
2020-11-14,Puerto Rico,72,75387,921
2020-11-14,Rhode Island,44,41529,1254
2020-11-14,South Carolina,45,194014,4110
2020-11-14,South Dakota,46,64182,621
2020-11-14,Tennessee,47,299597,3839
2020-11-14,Texas,48,1083132,20035
2020-11-14,Utah,49,151141,712
2020-11-14,Vermont,50,2843,59
2020-11-14,Virgin Islands,78,1434,23
2020-11-14,Virginia,51,200799,3799
2020-11-14,Washington,53,133612,2638
2020-11-14,West Virginia,54,32792,574
2020-11-14,Wisconsin,55,323604,2748
2020-11-14,Wyoming,56,21881,144
2020-11-15,Alabama,01,217822,3248
2020-11-15,Alaska,02,23688,92
2020-11-15,Arizona,04,275523,6302
2020-11-15,Arkansas,05,133040,2183
2020-11-15,California,06,1036008,18265
2020-11-15,Colorado,08,164408,2574
2020-11-15,Connecticut,09,88645,4737
2020-11-15,Delaware,10,28803,736
2020-11-15,District of Columbia,11,18977,660
2020-11-15,Florida,12,885193,17517
2020-11-15,Georgia,13,409504,8730
2020-11-15,Guam,66,6893,93
2020-11-15,Hawaii,15,16619,221
2020-11-15,Idaho,16,82545,763
2020-11-15,Illinois,17,574722,11170
2020-11-15,Indiana,18,254172,4910
2020-11-15,Iowa,19,186314,1989
2020-11-15,Kansas,20,117851,1256
2020-11-15,Kentucky,21,140267,1742
2020-11-15,Louisiana,22,204513,6132
2020-11-15,Maine,23,8944,165
2020-11-15,Maryland,24,166317,4302
2020-11-15,Massachusetts,25,188275,10329
2020-11-15,Michigan,26,275892,8378
2020-11-15,Minnesota,27,223637,2961
2020-11-15,Mississippi,28,134309,3543
2020-11-15,Missouri,29,249608,3463
2020-11-15,Montana,30,47158,525
2020-11-15,Nebraska,31,98161,796
2020-11-15,Nevada,32,120744,1913
2020-11-15,New Hampshire,33,14671,499
2020-11-15,New Jersey,34,281075,16566
2020-11-15,New Mexico,35,64201,1215
2020-11-15,New York,36,564952,33508
2020-11-15,North Carolina,37,312406,4830
2020-11-15,North Dakota,38,63802,742
2020-11-15,Northern Mariana Islands,69,100,2
2020-11-15,Ohio,39,298096,5722
2020-11-15,Oklahoma,40,154128,1528
2020-11-15,Oregon,41,56880,762
2020-11-15,Pennsylvania,42,269043,9385
2020-11-15,Puerto Rico,72,76094,935
2020-11-15,Rhode Island,44,41529,1254
2020-11-15,South Carolina,45,195507,4112
2020-11-15,South Dakota,46,65381,644
2020-11-15,Tennessee,47,305211,3856
2020-11-15,Texas,48,1090500,20110
2020-11-15,Utah,49,153808,718
2020-11-15,Vermont,50,2889,59
2020-11-15,Virgin Islands,78,1434,23
2020-11-15,Virginia,51,201960,3800
2020-11-15,Washington,53,135365,2638
2020-11-15,West Virginia,54,33659,582
2020-11-15,Wisconsin,55,329924,2759
2020-11-15,Wyoming,56,22494,144
2020-11-16,Alabama,01,219232,3249
2020-11-16,Alaska,02,24268,92
2020-11-16,Arizona,04,277179,6302
2020-11-16,Arkansas,05,134348,2225
2020-11-16,California,06,1047390,18304
2020-11-16,Colorado,08,168890,2605
2020-11-16,Connecticut,09,93284,4759
2020-11-16,Delaware,10,29200,736
2020-11-16,District of Columbia,11,19064,660
2020-11-16,Florida,12,889856,17558
2020-11-16,Georgia,13,410581,8740
2020-11-16,Guam,66,7144,99
2020-11-16,Hawaii,15,16711,221
2020-11-16,Idaho,16,83906,773
2020-11-16,Illinois,17,586569,11217
2020-11-16,Indiana,18,259318,4936
2020-11-16,Iowa,19,189597,2023
2020-11-16,Kansas,20,124697,1266
2020-11-16,Kentucky,21,142277,1750
2020-11-16,Louisiana,22,205059,6139
2020-11-16,Maine,23,9117,165
2020-11-16,Maryland,24,168041,4309
2020-11-16,Massachusetts,25,190439,10340
2020-11-16,Michigan,26,288543,8437
2020-11-16,Minnesota,27,231074,2973
2020-11-16,Mississippi,28,134898,3545
2020-11-16,Missouri,29,255942,3485
2020-11-16,Montana,30,48101,528
2020-11-16,Nebraska,31,101707,810
2020-11-16,Nevada,32,122441,1919
2020-11-16,New Hampshire,33,15029,500
2020-11-16,New Jersey,34,283294,16580
2020-11-16,New Mexico,35,65454,1236
2020-11-16,New York,36,568450,33540
2020-11-16,North Carolina,37,315314,4843
2020-11-16,North Dakota,38,64891,749
2020-11-16,Northern Mariana Islands,69,102,2
2020-11-16,Ohio,39,305364,5742
2020-11-16,Oklahoma,40,156857,1538
2020-11-16,Oregon,41,57646,772
2020-11-16,Pennsylvania,42,275257,9399
2020-11-16,Puerto Rico,72,76631,942
2020-11-16,Rhode Island,44,43923,1270
2020-11-16,South Carolina,45,196617,4143
2020-11-16,South Dakota,46,66278,644
2020-11-16,Tennessee,47,312710,3884
2020-11-16,Texas,48,1101781,20157
2020-11-16,Utah,49,155779,725
2020-11-16,Vermont,50,3008,59
2020-11-16,Virgin Islands,78,1434,23
2020-11-16,Virginia,51,204637,3806
2020-11-16,Washington,53,138602,2661
2020-11-16,West Virginia,54,34460,585
2020-11-16,Wisconsin,55,334640,2775
2020-11-16,Wyoming,56,23193,144
2020-11-17,Alabama,01,220848,3301
2020-11-17,Alaska,02,24909,94
2020-11-17,Arizona,04,281284,6320
2020-11-17,Arkansas,05,135902,2245
2020-11-17,California,06,1058123,18360
2020-11-17,Colorado,08,173220,2626
2020-11-17,Connecticut,09,94986,4771
2020-11-17,Delaware,10,29552,739
2020-11-17,District of Columbia,11,19309,660
2020-11-17,Florida,12,897315,17643
2020-11-17,Georgia,13,414821,8778
2020-11-17,Guam,66,7203,101
2020-11-17,Hawaii,15,16755,221
2020-11-17,Idaho,16,85383,803
2020-11-17,Illinois,17,599358,11327
2020-11-17,Indiana,18,264810,5025
2020-11-17,Iowa,19,193196,2064
2020-11-17,Kansas,20,125668,1266
2020-11-17,Kentucky,21,145220,1787
2020-11-17,Louisiana,22,207685,6156
2020-11-17,Maine,23,9363,166
2020-11-17,Maryland,24,170193,4335
2020-11-17,Massachusetts,25,192964,10360
2020-11-17,Michigan,26,296436,8513
2020-11-17,Minnesota,27,237005,2999
2020-11-17,Mississippi,28,135803,3581
2020-11-17,Missouri,29,261105,3552
2020-11-17,Montana,30,49496,548
2020-11-17,Nebraska,31,103805,832
2020-11-17,Nevada,32,124082,1946
2020-11-17,New Hampshire,33,15303,502
2020-11-17,New Jersey,34,287320,16618
2020-11-17,New Mexico,35,67559,1264
2020-11-17,New York,36,573544,33576
2020-11-17,North Carolina,37,318537,4881
2020-11-17,North Dakota,38,65973,775
2020-11-17,Northern Mariana Islands,69,103,2
2020-11-17,Ohio,39,312443,5772
2020-11-17,Oklahoma,40,158408,1544
2020-11-17,Oregon,41,58570,779
2020-11-17,Pennsylvania,42,280978,9433
2020-11-17,Puerto Rico,72,77200,951
2020-11-17,Rhode Island,44,44528,1278
2020-11-17,South Carolina,45,197900,4156
2020-11-17,South Dakota,46,67284,644
2020-11-17,Tennessee,47,314553,3953
2020-11-17,Texas,48,1112676,20278
2020-11-17,Utah,49,159006,734
2020-11-17,Vermont,50,3104,59
2020-11-17,Virgin Islands,78,1450,23
2020-11-17,Virginia,51,206762,3835
2020-11-17,Washington,53,140923,2686
2020-11-17,West Virginia,54,35324,598
2020-11-17,Wisconsin,55,342155,2876
2020-11-17,Wyoming,56,24453,155
2020-11-18,Alabama,01,223486,3347
2020-11-18,Alaska,02,25454,94
2020-11-18,Arizona,04,284554,6365
2020-11-18,Arkansas,05,137617,2275
2020-11-18,California,06,1069544,18467
2020-11-18,Colorado,08,178224,2669
2020-11-18,Connecticut,09,97028,4784
2020-11-18,Delaware,10,29755,742
2020-11-18,District of Columbia,11,19465,665
2020-11-18,Florida,12,905240,17730
2020-11-18,Georgia,13,417934,8833
2020-11-18,Guam,66,7315,101
2020-11-18,Hawaii,15,16817,222
2020-11-18,Idaho,16,87020,815
2020-11-18,Illinois,17,608056,11488
2020-11-18,Indiana,18,270847,5084
2020-11-18,Iowa,19,197532,2102
2020-11-18,Kansas,20,131051,1326
2020-11-18,Kentucky,21,148069,1816
2020-11-18,Louisiana,22,209914,6184
2020-11-18,Maine,23,9519,170
2020-11-18,Maryland,24,172204,4351
2020-11-18,Massachusetts,25,195868,10407
2020-11-18,Michigan,26,302541,8576
2020-11-18,Minnesota,27,242099,3066
2020-11-18,Mississippi,28,137396,3601
2020-11-18,Missouri,29,266079,3591
2020-11-18,Montana,30,50650,568
2020-11-18,Nebraska,31,106617,842
2020-11-18,Nevada,32,126106,1947
2020-11-18,New Hampshire,33,15749,504
2020-11-18,New Jersey,34,291374,16655
2020-11-18,New Mexico,35,70452,1290
2020-11-18,New York,36,578826,33607
2020-11-18,North Carolina,37,322258,4927
2020-11-18,North Dakota,38,67236,791
2020-11-18,Northern Mariana Islands,69,103,2
2020-11-18,Ohio,39,318828,5827
2020-11-18,Oklahoma,40,161425,1570
2020-11-18,Oregon,41,59670,791
2020-11-18,Pennsylvania,42,287464,9541
2020-11-18,Puerto Rico,72,77525,971
2020-11-18,Rhode Island,44,45911,1284
2020-11-18,South Carolina,45,199447,4182
2020-11-18,South Dakota,46,68671,674
2020-11-18,Tennessee,47,319021,4005
2020-11-18,Texas,48,1125898,20471
2020-11-18,Utah,49,162091,742
2020-11-18,Vermont,50,3161,60
2020-11-18,Virgin Islands,78,1463,23
2020-11-18,Virginia,51,208833,3860
2020-11-18,Washington,53,142511,2704
2020-11-18,West Virginia,54,36277,612
2020-11-18,Wisconsin,55,350665,2939
2020-11-18,Wyoming,56,25275,155
2020-11-19,Alabama,01,225910,3419
2020-11-19,Alaska,02,25946,95
2020-11-19,Arizona,04,288807,6384
2020-11-19,Arkansas,05,139855,2297
2020-11-19,California,06,1082705,18555
2020-11-19,Colorado,08,184260,2734
2020-11-19,Connecticut,09,99381,4805
2020-11-19,Delaware,10,30153,742
2020-11-19,District of Columbia,11,19678,667
2020-11-19,Florida,12,914325,17809
2020-11-19,Georgia,13,421381,8867
2020-11-19,Guam,66,7385,102
2020-11-19,Hawaii,15,16917,222
2020-11-19,Idaho,16,88642,838
2020-11-19,Illinois,17,622869,11671
2020-11-19,Indiana,18,278142,5143
2020-11-19,Iowa,19,201572,2127
2020-11-19,Kansas,20,131408,1326
2020-11-19,Kentucky,21,151706,1843
2020-11-19,Louisiana,22,211966,6199
2020-11-19,Maine,23,9734,171
2020-11-19,Maryland,24,175092,4372
2020-11-19,Massachusetts,25,198550,10435
2020-11-19,Michigan,26,310396,8717
2020-11-19,Minnesota,27,249962,3138
2020-11-19,Mississippi,28,138791,3619
2020-11-19,Missouri,29,270387,3618
2020-11-19,Montana,30,51872,569
2020-11-19,Nebraska,31,109325,866
2020-11-19,Nevada,32,128234,1958
2020-11-19,New Hampshire,33,16277,506
2020-11-19,New Jersey,34,295556,16689
2020-11-19,New Mexico,35,74116,1302
2020-11-19,New York,36,584128,33648
2020-11-19,North Carolina,37,325658,4968
2020-11-19,North Dakota,38,68618,801
2020-11-19,Northern Mariana Islands,69,103,2
2020-11-19,Ohio,39,326615,5890
2020-11-19,Oklahoma,40,164340,1588
2020-11-19,Oregon,41,60874,809
2020-11-19,Pennsylvania,42,294345,9643
2020-11-19,Puerto Rico,72,78046,982
2020-11-19,Rhode Island,44,46951,1288
2020-11-19,South Carolina,45,201160,4201
2020-11-19,South Dakota,46,69742,705
2020-11-19,Tennessee,47,321832,4082
2020-11-19,Texas,48,1139676,20689
2020-11-19,Utah,49,166040,758
2020-11-19,Vermont,50,3310,61
2020-11-19,Virgin Islands,78,1469,23
2020-11-19,Virginia,51,210787,3896
2020-11-19,Washington,53,144968,2717
2020-11-19,West Virginia,54,37399,623
2020-11-19,Wisconsin,55,358113,3021
2020-11-19,Wyoming,56,26169,176
2020-11-20,Alabama,01,228373,3451
2020-11-20,Alaska,02,26403,95
2020-11-20,Arizona,04,292880,6427
2020-11-20,Arkansas,05,141916,2321
2020-11-20,California,06,1096427,18649
2020-11-20,Colorado,08,190100,2752
2020-11-20,Connecticut,09,101469,4828
2020-11-20,Delaware,10,30816,746
2020-11-20,District of Columbia,11,19808,669
2020-11-20,Florida,12,923410,17888
2020-11-20,Georgia,13,424759,8904
2020-11-20,Guam,66,7421,104
2020-11-20,Hawaii,15,17029,222
2020-11-20,Idaho,16,90346,849
2020-11-20,Illinois,17,635823,11814
2020-11-20,Indiana,18,284960,5206
2020-11-20,Iowa,19,205918,2159
2020-11-20,Kansas,20,137224,1410
2020-11-20,Kentucky,21,155625,1862
2020-11-20,Louisiana,22,216709,6233
2020-11-20,Maine,23,9958,173
2020-11-20,Maryland,24,177239,4398
2020-11-20,Massachusetts,25,200949,10469
2020-11-20,Michigan,26,320621,8776
2020-11-20,Minnesota,27,256756,3206
2020-11-20,Mississippi,28,140429,3642
2020-11-20,Missouri,29,275917,3675
2020-11-20,Montana,30,53346,575
2020-11-20,Nebraska,31,111915,925
2020-11-20,Nevada,32,130102,1987
2020-11-20,New Hampshire,33,16797,507
2020-11-20,New Jersey,34,299182,16712
2020-11-20,New Mexico,35,77098,1327
2020-11-20,New York,36,589605,33696
2020-11-20,North Carolina,37,330021,5012
2020-11-20,North Dakota,38,70022,824
2020-11-20,Northern Mariana Islands,69,103,2
2020-11-20,Ohio,39,335423,5955
2020-11-20,Oklahoma,40,167261,1603
2020-11-20,Oregon,41,62176,815
2020-11-20,Pennsylvania,42,301373,9748
2020-11-20,Puerto Rico,72,78950,991
2020-11-20,Rhode Island,44,48001,1294
2020-11-20,South Carolina,45,203161,4231
2020-11-20,South Dakota,46,71070,741
2020-11-20,Tennessee,47,325282,4156
2020-11-20,Texas,48,1153363,20872
2020-11-20,Utah,49,170644,776
2020-11-20,Vermont,50,3459,62
2020-11-20,Virgin Islands,78,1482,23
2020-11-20,Virginia,51,213331,3912
2020-11-20,Washington,53,147251,2738
2020-11-20,West Virginia,54,38480,639
2020-11-20,Wisconsin,55,365190,3106
2020-11-20,Wyoming,56,27129,176
2020-11-21,Alabama,01,230708,3457
2020-11-21,Alaska,02,27079,95
2020-11-21,Arizona,04,296997,6459
2020-11-21,Arkansas,05,143821,2337
2020-11-21,California,06,1109869,18709
2020-11-21,Colorado,08,195220,2791
2020-11-21,Connecticut,09,101469,4828
2020-11-21,Delaware,10,31321,746
2020-11-21,District of Columbia,11,19961,670
2020-11-21,Florida,12,931819,17929
2020-11-21,Georgia,13,430687,8940
2020-11-21,Guam,66,7421,104
2020-11-21,Hawaii,15,17182,229
2020-11-21,Idaho,16,91312,851
2020-11-21,Illinois,17,647474,11967
2020-11-21,Indiana,18,291838,5246
2020-11-21,Iowa,19,209203,2191
2020-11-21,Kansas,20,137295,1411
2020-11-21,Kentucky,21,159035,1886
2020-11-21,Louisiana,22,216709,6233
2020-11-21,Maine,23,10123,174
2020-11-21,Maryland,24,180125,4415
2020-11-21,Massachusetts,25,204155,10488
2020-11-21,Michigan,26,328178,8874
2020-11-21,Minnesota,27,263008,3257
2020-11-21,Mississippi,28,142401,3657
2020-11-21,Missouri,29,279987,3684
2020-11-21,Montana,30,54542,604
2020-11-21,Nebraska,31,113225,933
2020-11-21,Nevada,32,132610,2017
2020-11-21,New Hampshire,33,17281,508
2020-11-21,New Jersey,34,303851,16746
2020-11-21,New Mexico,35,79440,1352
2020-11-21,New York,36,595581,33737
2020-11-21,North Carolina,37,333074,5035
2020-11-21,North Dakota,38,71546,840
2020-11-21,Northern Mariana Islands,69,103,2
2020-11-21,Ohio,39,343286,5984
2020-11-21,Oklahoma,40,170924,1624
2020-11-21,Oregon,41,63668,822
2020-11-21,Pennsylvania,42,307247,9862
2020-11-21,Puerto Rico,72,80049,1012
2020-11-21,Rhode Island,44,48001,1294
2020-11-21,South Carolina,45,205018,4274
2020-11-21,South Dakota,46,72214,777
2020-11-21,Tennessee,47,329490,4163
2020-11-21,Texas,48,1164267,21004
2020-11-21,Utah,49,173987,789
2020-11-21,Vermont,50,3546,63
2020-11-21,Virgin Islands,78,1491,23
2020-11-21,Virginia,51,215679,3938
2020-11-21,Washington,53,148691,2738
2020-11-21,West Virginia,54,39598,658
2020-11-21,Wisconsin,55,372219,3155
2020-11-21,Wyoming,56,27410,176
2020-11-22,Alabama,01,232506,3457
2020-11-22,Alaska,02,27629,97
2020-11-22,Arizona,04,299698,6464
2020-11-22,Arkansas,05,145173,2357
2020-11-22,California,06,1118673,18726
2020-11-22,Colorado,08,199296,2811
2020-11-22,Connecticut,09,101469,4828
2020-11-22,Delaware,10,31808,748
2020-11-22,District of Columbia,11,20151,670
2020-11-22,Florida,12,938406,17990
2020-11-22,Georgia,13,432954,8955
2020-11-22,Guam,66,7518,107
2020-11-22,Hawaii,15,17302,231
2020-11-22,Idaho,16,91935,852
2020-11-22,Illinois,17,657402,12064
2020-11-22,Indiana,18,298021,5305
2020-11-22,Iowa,19,211664,2202
2020-11-22,Kansas,20,137530,1410
2020-11-22,Kentucky,21,161222,1887
2020-11-22,Louisiana,22,220192,6260
2020-11-22,Maine,23,10359,176
2020-11-22,Maryland,24,182482,4434
2020-11-22,Massachusetts,25,206850,10512
2020-11-22,Michigan,26,328833,8874
2020-11-22,Minnesota,27,270213,3297
2020-11-22,Mississippi,28,143180,3676
2020-11-22,Missouri,29,283756,3688
2020-11-22,Montana,30,55680,607
2020-11-22,Nebraska,31,114061,937
2020-11-22,Nevada,32,134761,2022
2020-11-22,New Hampshire,33,17598,512
2020-11-22,New Jersey,34,307819,16761
2020-11-22,New Mexico,35,81896,1385
2020-11-22,New York,36,600967,33767
2020-11-22,North Carolina,37,336983,5062
2020-11-22,North Dakota,38,72689,846
2020-11-22,Northern Mariana Islands,69,104,2
2020-11-22,Ohio,39,351419,5996
2020-11-22,Oklahoma,40,174330,1634
2020-11-22,Oregon,41,65170,822
2020-11-22,Pennsylvania,42,313788,9901
2020-11-22,Puerto Rico,72,81074,1017
2020-11-22,Rhode Island,44,48001,1294
2020-11-22,South Carolina,45,206295,4283
2020-11-22,South Dakota,46,73065,819
2020-11-22,Tennessee,47,333853,4218
2020-11-22,Texas,48,1172761,21083
2020-11-22,Utah,49,177176,793
2020-11-22,Vermont,50,3629,63
2020-11-22,Virgin Islands,78,1504,23
2020-11-22,Virginia,51,217796,3938
2020-11-22,Washington,53,149703,2738
2020-11-22,West Virginia,54,40478,662
2020-11-22,Wisconsin,55,376238,3162
2020-11-22,Wyoming,56,28169,176
2020-11-23,Alabama,01,234080,3459
2020-11-23,Alaska,02,28128,97
2020-11-23,Arizona,04,303188,6465
2020-11-23,Arkansas,05,146190,2387
2020-11-23,California,06,1136498,18768
2020-11-23,Colorado,08,203578,2821
2020-11-23,Connecticut,09,106740,4871
2020-11-23,Delaware,10,32211,752
2020-11-23,District of Columbia,11,20290,672
2020-11-23,Florida,12,944737,18084
2020-11-23,Georgia,13,434916,8972
2020-11-23,Guam,66,7571,107
2020-11-23,Hawaii,15,17405,231
2020-11-23,Idaho,16,93602,869
2020-11-23,Illinois,17,665865,12141
2020-11-23,Indiana,18,303575,5332
2020-11-23,Iowa,19,214792,2222
2020-11-23,Kansas,20,144831,1462
2020-11-23,Kentucky,21,163767,1906
2020-11-23,Louisiana,22,221160,6284
2020-11-23,Maine,23,10544,177
2020-11-23,Maryland,24,184140,4448
2020-11-23,Massachusetts,25,208623,10531
2020-11-23,Michigan,26,340223,8937
2020-11-23,Minnesota,27,276556,3321
2020-11-23,Mississippi,28,143879,3676
2020-11-23,Missouri,29,288308,3697
2020-11-23,Montana,30,56428,615
2020-11-23,Nebraska,31,116434,962
2020-11-23,Nevada,32,136672,2030
2020-11-23,New Hampshire,33,18042,512
2020-11-23,New Jersey,34,311400,16772
2020-11-23,New Mexico,35,84148,1402
2020-11-23,New York,36,606878,33804
2020-11-23,North Carolina,37,339672,5076
2020-11-23,North Dakota,38,73403,852
2020-11-23,Northern Mariana Islands,69,104,2
2020-11-23,Ohio,39,363304,6020
2020-11-23,Oklahoma,40,177874,1649
2020-11-23,Oregon,41,66334,830
2020-11-23,Pennsylvania,42,320250,9932
2020-11-23,Puerto Rico,72,81815,1032
2020-11-23,Rhode Island,44,50573,1309
2020-11-23,South Carolina,45,207552,4288
2020-11-23,South Dakota,46,73848,819
2020-11-23,Tennessee,47,337637,4254
2020-11-23,Texas,48,1183834,21144
2020-11-23,Utah,49,179420,799
2020-11-23,Vermont,50,3714,63
2020-11-23,Virgin Islands,78,1507,23
2020-11-23,Virginia,51,221038,3942
2020-11-23,Washington,53,155336,2775
2020-11-23,West Virginia,54,41114,667
2020-11-23,Wisconsin,55,379693,3175
2020-11-23,Wyoming,56,29431,202
2020-11-24,Alabama,01,236865,3472
2020-11-24,Alaska,02,28708,110
2020-11-24,Arizona,04,307943,6515
2020-11-24,Arkansas,05,148312,2405
2020-11-24,California,06,1153032,18875
2020-11-24,Colorado,08,207882,2868
2020-11-24,Connecticut,09,107280,4881
2020-11-24,Delaware,10,32664,757
2020-11-24,District of Columbia,11,20409,673
2020-11-24,Florida,12,953292,18156
2020-11-24,Georgia,13,438441,8979
2020-11-24,Guam,66,7624,108
2020-11-24,Hawaii,15,17461,231
2020-11-24,Idaho,16,95588,881
2020-11-24,Illinois,17,675543,12294
2020-11-24,Indiana,18,309218,5435
2020-11-24,Iowa,19,217786,2271
2020-11-24,Kansas,20,145272,1456
2020-11-24,Kentucky,21,166478,1938
2020-11-24,Louisiana,22,224403,6323
2020-11-24,Maine,23,10799,189
2020-11-24,Maryland,24,185812,4481
2020-11-24,Massachusetts,25,211199,10551
2020-11-24,Michigan,26,346926,9094
2020-11-24,Minnesota,27,282972,3359
2020-11-24,Mississippi,28,144544,3729
2020-11-24,Missouri,29,292786,3869
2020-11-24,Montana,30,57559,630
2020-11-24,Nebraska,31,117929,985
2020-11-24,Nevada,32,140572,2053
2020-11-24,New Hampshire,33,18382,513
2020-11-24,New Jersey,34,315675,16819
2020-11-24,New Mexico,35,86247,1430
2020-11-24,New York,36,611756,33847
2020-11-24,North Carolina,37,343566,5114
2020-11-24,North Dakota,38,74407,889
2020-11-24,Northern Mariana Islands,69,104,2
2020-11-24,Ohio,39,371908,6118
2020-11-24,Oklahoma,40,180610,1664
2020-11-24,Oregon,41,67337,848
2020-11-24,Pennsylvania,42,326615,10014
2020-11-24,Puerto Rico,72,82163,1038
2020-11-24,Rhode Island,44,51424,1325
2020-11-24,South Carolina,45,209230,4313
2020-11-24,South Dakota,46,74859,821
2020-11-24,Tennessee,47,339059,4325
2020-11-24,Texas,48,1204366,21338
2020-11-24,Utah,49,182121,810
2020-11-24,Vermont,50,3762,64
2020-11-24,Virgin Islands,78,1521,23
2020-11-24,Virginia,51,223582,3979
2020-11-24,Washington,53,158234,2807
2020-11-24,West Virginia,54,42083,682
2020-11-24,Wisconsin,55,386441,3295
2020-11-24,Wyoming,56,29959,202
2020-11-25,Alabama,01,239318,3532
2020-11-25,Alaska,02,29386,110
2020-11-25,Arizona,04,311727,6529
2020-11-25,Arkansas,05,150277,2425
2020-11-25,California,06,1167176,18982
2020-11-25,Colorado,08,212416,2930
2020-11-25,Connecticut,09,109152,4926
2020-11-25,Delaware,10,32995,760
2020-11-25,District of Columbia,11,20516,677
2020-11-25,Florida,12,961668,18253
2020-11-25,Georgia,13,441737,9054
2020-11-25,Guam,66,7674,110
2020-11-25,Hawaii,15,17561,233
2020-11-25,Idaho,16,97007,901
2020-11-25,Illinois,17,686855,12465
2020-11-25,Indiana,18,315212,5498
2020-11-25,Iowa,19,221288,2312
2020-11-25,Kansas,20,150515,1503
2020-11-25,Kentucky,21,169822,1975
2020-11-25,Louisiana,22,225638,6350
2020-11-25,Maine,23,11027,190
2020-11-25,Maryland,24,188509,4518
2020-11-25,Massachusetts,25,214594,10604
2020-11-25,Michigan,26,351831,9168
2020-11-25,Minnesota,27,289362,3434
2020-11-25,Mississippi,28,145636,3745
2020-11-25,Missouri,29,297374,3908
2020-11-25,Montana,30,58620,653
2020-11-25,Nebraska,31,120459,1008
2020-11-25,Nevada,32,142951,2077
2020-11-25,New Hampshire,33,18776,514
2020-11-25,New Jersey,34,319734,16886
2020-11-25,New Mexico,35,88102,1451
2020-11-25,New York,36,618023,33890
2020-11-25,North Carolina,37,348102,5177
2020-11-25,North Dakota,38,75484,893
2020-11-25,Northern Mariana Islands,69,104,2
2020-11-25,Ohio,39,382743,6274
2020-11-25,Oklahoma,40,184342,1680
2020-11-25,Oregon,41,68504,871
2020-11-25,Pennsylvania,42,333571,10162
2020-11-25,Puerto Rico,72,82340,1052
2020-11-25,Rhode Island,44,52317,1335
2020-11-25,South Carolina,45,210905,4317
2020-11-25,South Dakota,46,76142,849
2020-11-25,Tennessee,47,341456,4415
2020-11-25,Texas,48,1219283,21536
2020-11-25,Utah,49,183960,834
2020-11-25,Vermont,50,3827,64
2020-11-25,Virgin Islands,78,1521,23
2020-11-25,Virginia,51,226300,4008
2020-11-25,Washington,53,161207,2825
2020-11-25,West Virginia,54,43050,695
2020-11-25,Wisconsin,55,392443,3363
2020-11-25,Wyoming,56,30761,215
2020-11-26,Alabama,01,241957,3572
2020-11-26,Alaska,02,29940,113
2020-11-26,Arizona,04,314326,6568
2020-11-26,Arkansas,05,152625,2436
2020-11-26,California,06,1176159,19025
2020-11-26,Colorado,08,217655,2977
2020-11-26,Connecticut,09,109152,4926
2020-11-26,Delaware,10,33579,761
2020-11-26,District of Columbia,11,20736,677
2020-11-26,Florida,12,961668,18253
2020-11-26,Georgia,13,445204,9089
2020-11-26,Guam,66,7717,112
2020-11-26,Hawaii,15,17678,235
2020-11-26,Idaho,16,97007,901
2020-11-26,Illinois,17,698364,12609
2020-11-26,Indiana,18,321595,5561
2020-11-26,Iowa,19,223323,2349
2020-11-26,Kansas,20,150522,1503
2020-11-26,Kentucky,21,170081,1983
2020-11-26,Louisiana,22,225638,6350
2020-11-26,Maine,23,11265,190
2020-11-26,Maryland,24,190635,4547
2020-11-26,Massachusetts,25,214594,10604
2020-11-26,Michigan,26,352121,9169
2020-11-26,Minnesota,27,289362,3434
2020-11-26,Mississippi,28,147382,3763
2020-11-26,Missouri,29,300825,3932
2020-11-26,Montana,30,59682,658
2020-11-26,Nebraska,31,123124,1011
2020-11-26,Nevada,32,144794,2093
2020-11-26,New Hampshire,33,18776,514
2020-11-26,New Jersey,34,324207,16925
2020-11-26,New Mexico,35,89796,1469
2020-11-26,New York,36,624961,33959
2020-11-26,North Carolina,37,348148,5177
2020-11-26,North Dakota,38,76448,903
2020-11-26,Northern Mariana Islands,69,104,2
2020-11-26,Ohio,39,382743,6274
2020-11-26,Oklahoma,40,184342,1680
2020-11-26,Oregon,41,70006,884
2020-11-26,Pennsylvania,42,340998,10271
2020-11-26,Puerto Rico,72,82841,1069
2020-11-26,Rhode Island,44,52317,1335
2020-11-26,South Carolina,45,210905,4317
2020-11-26,South Dakota,46,76142,849
2020-11-26,Tennessee,47,345371,4468
2020-11-26,Texas,48,1223893,21709
2020-11-26,Utah,49,184382,834
2020-11-26,Vermont,50,3827,64
2020-11-26,Virgin Islands,78,1521,23
2020-11-26,Virginia,51,228900,4029
2020-11-26,Washington,53,161911,2825
2020-11-26,West Virginia,54,44180,712
2020-11-26,Wisconsin,55,398104,3431
2020-11-26,Wyoming,56,30761,215
2020-11-27,Alabama,01,242874,3572
2020-11-27,Alaska,02,30612,113
2020-11-27,Arizona,04,318695,6588
2020-11-27,Arkansas,05,153677,2436
2020-11-27,California,06,1193089,19100
2020-11-27,Colorado,08,222544,2998
2020-11-27,Connecticut,09,112581,4961
2020-11-27,Delaware,10,34170,763
2020-11-27,District of Columbia,11,20937,677
2020-11-27,Florida,12,979012,18362
2020-11-27,Georgia,13,447942,9130
2020-11-27,Guam,66,7737,113
2020-11-27,Hawaii,15,17796,238
2020-11-27,Idaho,16,99148,914
2020-11-27,Illinois,17,706123,12705
2020-11-27,Indiana,18,327234,5594
2020-11-27,Iowa,19,225065,2360
2020-11-27,Kansas,20,155245,1529
2020-11-27,Kentucky,21,174684,2009
2020-11-27,Louisiana,22,230602,6391
2020-11-27,Maine,23,11265,190
2020-11-27,Maryland,24,193205,4569
2020-11-27,Massachusetts,25,219252,10635
2020-11-27,Michigan,26,368890,9352
2020-11-27,Minnesota,27,295060,3535
2020-11-27,Mississippi,28,148387,3769
2020-11-27,Missouri,29,304234,3943
2020-11-27,Montana,30,59796,658
2020-11-27,Nebraska,31,124664,1017
2020-11-27,Nevada,32,147145,2103
2020-11-27,New Hampshire,33,19313,517
2020-11-27,New Jersey,34,328302,16942
2020-11-27,New Mexico,35,91852,1504
2020-11-27,New York,36,633140,34004
2020-11-27,North Carolina,37,355664,5240
2020-11-27,North Dakota,38,77238,908
2020-11-27,Northern Mariana Islands,69,104,2
2020-11-27,Ohio,39,399808,6346
2020-11-27,Oklahoma,40,187567,1704
2020-11-27,Oregon,41,70833,890
2020-11-27,Pennsylvania,42,349360,10295
2020-11-27,Puerto Rico,72,84293,1076
2020-11-27,Rhode Island,44,53954,1346
2020-11-27,South Carolina,45,213120,4346
2020-11-27,South Dakota,46,78280,888
2020-11-27,Tennessee,47,349506,4475
2020-11-27,Texas,48,1228514,21762
2020-11-27,Utah,49,190044,849
2020-11-27,Vermont,50,4005,67
2020-11-27,Virgin Islands,78,1521,23
2020-11-27,Virginia,51,230444,4044
2020-11-27,Washington,53,165230,2828
2020-11-27,West Virginia,54,45046,712
2020-11-27,Wisconsin,55,399557,3444
2020-11-27,Wyoming,56,31773,215
2020-11-28,Alabama,01,244993,3572
2020-11-28,Alaska,02,31279,115
2020-11-28,Arizona,04,322774,6624
2020-11-28,Arkansas,05,155026,2449
2020-11-28,California,06,1206296,19132
2020-11-28,Colorado,08,226567,3012
2020-11-28,Connecticut,09,112581,4961
2020-11-28,Delaware,10,34670,763
2020-11-28,District of Columbia,11,21308,678
2020-11-28,Florida,12,985289,18441
2020-11-28,Georgia,13,450627,9173
2020-11-28,Guam,66,7751,113
2020-11-28,Hawaii,15,17871,238
2020-11-28,Idaho,16,99984,919
2020-11-28,Illinois,17,714070,12852
2020-11-28,Indiana,18,331725,5663
2020-11-28,Iowa,19,227181,2375
2020-11-28,Kansas,20,155265,1529
2020-11-28,Kentucky,21,177453,2028
2020-11-28,Louisiana,22,230602,6391
2020-11-28,Maine,23,11288,191
2020-11-28,Maryland,24,194603,4602
2020-11-28,Massachusetts,25,222469,10676
2020-11-28,Michigan,26,377209,9461
2020-11-28,Minnesota,27,304082,3580
2020-11-28,Mississippi,28,149940,3779
2020-11-28,Missouri,29,306526,3950
2020-11-28,Montana,30,60845,670
2020-11-28,Nebraska,31,125820,1021
2020-11-28,Nevada,32,149613,2123
2020-11-28,New Hampshire,33,20002,523
2020-11-28,New Jersey,34,332104,16965
2020-11-28,New Mexico,35,93982,1527
2020-11-28,New York,36,639200,34049
2020-11-28,North Carolina,37,358654,5249
2020-11-28,North Dakota,38,77941,921
2020-11-28,Northern Mariana Islands,69,104,2
2020-11-28,Ohio,39,406703,6378
2020-11-28,Oklahoma,40,193824,1717
2020-11-28,Oregon,41,72506,899
2020-11-28,Pennsylvania,42,356243,10337
2020-11-28,Puerto Rico,72,85196,1083
2020-11-28,Rhode Island,44,53954,1346
2020-11-28,South Carolina,45,214911,4346
2020-11-28,South Dakota,46,79099,942
2020-11-28,Tennessee,47,355885,4489
2020-11-28,Texas,48,1234740,21847
2020-11-28,Utah,49,192087,863
2020-11-28,Vermont,50,4033,67
2020-11-28,Virgin Islands,78,1540,23
2020-11-28,Virginia,51,233617,4054
2020-11-28,Washington,53,166736,2828
2020-11-28,West Virginia,54,45845,718
2020-11-28,Wisconsin,55,404999,3474
2020-11-28,Wyoming,56,31929,215
2020-11-29,Alabama,01,247229,3577
2020-11-29,Alaska,02,31896,115
2020-11-29,Arizona,04,325995,6635
2020-11-29,Arkansas,05,156247,2470
2020-11-29,California,06,1219511,19151
2020-11-29,Colorado,08,230057,3025
2020-11-29,Connecticut,09,112581,4961
2020-11-29,Delaware,10,35251,770
2020-11-29,District of Columbia,11,21448,680
2020-11-29,Florida,12,992652,18499
2020-11-29,Georgia,13,452322,9189
2020-11-29,Guam,66,7787,113
2020-11-29,Hawaii,15,17925,242
2020-11-29,Idaho,16,100758,925
2020-11-29,Illinois,17,721487,12895
2020-11-29,Indiana,18,336027,5685
2020-11-29,Iowa,19,228690,2399
2020-11-29,Kansas,20,155377,1529
2020-11-29,Kentucky,21,180164,2039
2020-11-29,Louisiana,22,232245,6407
2020-11-29,Maine,23,11508,191
2020-11-29,Maryland,24,196727,4625
2020-11-29,Massachusetts,25,224964,10722
2020-11-29,Michigan,26,377526,9461
2020-11-29,Minnesota,27,313028,3637
2020-11-29,Mississippi,28,151785,3806
2020-11-29,Missouri,29,309420,3956
2020-11-29,Montana,30,61801,672
2020-11-29,Nebraska,31,127022,1025
2020-11-29,Nevada,32,150825,2140
2020-11-29,New Hampshire,33,20480,526
2020-11-29,New Jersey,34,335943,16978
2020-11-29,New Mexico,35,95417,1540
2020-11-29,New York,36,645932,34101
2020-11-29,North Carolina,37,362124,5279
2020-11-29,North Dakota,38,78664,926
2020-11-29,Northern Mariana Islands,69,104,2
2020-11-29,Ohio,39,414432,6399
2020-11-29,Oklahoma,40,195545,1736
2020-11-29,Oregon,41,74120,907
2020-11-29,Pennsylvania,42,361387,10406
2020-11-29,Puerto Rico,72,85317,1094
2020-11-29,Rhode Island,44,53954,1346
2020-11-29,South Carolina,45,216129,4353
2020-11-29,South Dakota,46,79900,943
2020-11-29,Tennessee,47,358809,4500
2020-11-29,Texas,48,1246883,21900
2020-11-29,Utah,49,193809,868
2020-11-29,Vermont,50,4100,67
2020-11-29,Virgin Islands,78,1544,23
2020-11-29,Virginia,51,235942,4058
2020-11-29,Washington,53,168333,2828
2020-11-29,West Virginia,54,46997,729
2020-11-29,Wisconsin,55,409054,3496
2020-11-29,Wyoming,56,32489,215
2020-11-30,Alabama,01,249524,3578
2020-11-30,Alaska,02,32407,115
2020-11-30,Arizona,04,327046,6640
2020-11-30,Arkansas,05,157359,2502
2020-11-30,California,06,1237238,19209
2020-11-30,Colorado,08,234502,3060
2020-11-30,Connecticut,09,117295,5020
2020-11-30,Delaware,10,35654,772
2020-11-30,District of Columbia,11,21552,680
2020-11-30,Florida,12,999311,18596
2020-11-30,Georgia,13,454328,9198
2020-11-30,Guam,66,7821,113
2020-11-30,Hawaii,15,18006,242
2020-11-30,Idaho,16,102158,937
2020-11-30,Illinois,17,727825,13015
2020-11-30,Indiana,18,341694,5723
2020-11-30,Iowa,19,230634,2426
2020-11-30,Kansas,20,160428,1560
2020-11-30,Kentucky,21,183255,2065
2020-11-30,Louisiana,22,232414,6420
2020-11-30,Maine,23,11757,194
2020-11-30,Maryland,24,198710,4641
2020-11-30,Massachusetts,25,226132,10748
2020-11-30,Michigan,26,388102,9565
2020-11-30,Minnesota,27,318822,3652
2020-11-30,Mississippi,28,153270,3807
2020-11-30,Missouri,29,314981,3981
2020-11-30,Montana,30,62256,684
2020-11-30,Nebraska,31,129043,1047
2020-11-30,Nevada,32,152726,2149
2020-11-30,New Hampshire,33,20994,526
2020-11-30,New Jersey,34,339133,16993
2020-11-30,New Mexico,35,97095,1568
2020-11-30,New York,36,652748,34150
2020-11-30,North Carolina,37,364968,5296
2020-11-30,North Dakota,38,79258,933
2020-11-30,Northern Mariana Islands,69,106,2
2020-11-30,Ohio,39,421063,6429
2020-11-30,Oklahoma,40,197745,1743
2020-11-30,Oregon,41,75454,919
2020-11-30,Pennsylvania,42,366971,10439
2020-11-30,Puerto Rico,72,86160,1106
2020-11-30,Rhode Island,44,56723,1373
2020-11-30,South Carolina,45,217487,4381
2020-11-30,South Dakota,46,80464,946
2020-11-30,Tennessee,47,366412,4546
2020-11-30,Texas,48,1261943,21968
2020-11-30,Utah,49,195744,871
2020-11-30,Vermont,50,4172,69
2020-11-30,Virgin Islands,78,1544,23
2020-11-30,Virginia,51,237835,4062
2020-11-30,Washington,53,172175,2895
2020-11-30,West Virginia,54,47842,735
2020-11-30,Wisconsin,55,411730,3504
2020-11-30,Wyoming,56,33305,215
2020-12-01,Alabama,01,252900,3638
2020-12-01,Alaska,02,32911,116
2020-12-01,Arizona,04,338254,6692
2020-12-01,Arkansas,05,159309,2512
2020-12-01,California,06,1253905,19327
2020-12-01,Colorado,08,238779,3136
2020-12-01,Connecticut,09,118754,5040
2020-12-01,Delaware,10,36343,777
2020-12-01,District of Columbia,11,21685,685
2020-12-01,Florida,12,1008158,18678
2020-12-01,Georgia,13,458985,9253
2020-12-01,Guam,66,7858,113
2020-12-01,Hawaii,15,18049,242
2020-12-01,Idaho,16,103642,966
2020-12-01,Illinois,17,740510,13175
2020-12-01,Indiana,18,347097,5864
2020-12-01,Iowa,19,233062,2449
2020-12-01,Kansas,20,160718,1560
2020-12-01,Kentucky,21,187285,2097
2020-12-01,Louisiana,22,237740,6455
2020-12-01,Maine,23,11976,214
2020-12-01,Maryland,24,201479,4673
2020-12-01,Massachusetts,25,229205,10778
2020-12-01,Michigan,26,394554,9758
2020-12-01,Minnesota,27,322371,3674
2020-12-01,Mississippi,28,154411,3836
2020-12-01,Missouri,29,317903,4130
2020-12-01,Montana,30,63324,700
2020-12-01,Nebraska,31,130796,1092
2020-12-01,Nevada,32,155312,2182
2020-12-01,New Hampshire,33,21766,528
2020-12-01,New Jersey,34,343739,17083
2020-12-01,New Mexico,35,99419,1589
2020-12-01,New York,36,660041,34222
2020-12-01,North Carolina,37,368615,5322
2020-12-01,North Dakota,38,79661,960
2020-12-01,Northern Mariana Islands,69,106,2
2020-12-01,Ohio,39,430093,6548
2020-12-01,Oklahoma,40,199482,1758
2020-12-01,Oregon,41,76655,938
2020-12-01,Pennsylvania,42,372688,10614
2020-12-01,Puerto Rico,72,86935,1122
2020-12-01,Rhode Island,44,57906,1380
2020-12-01,South Carolina,45,218912,4404
2020-12-01,South Dakota,46,80912,948
2020-12-01,Tennessee,47,371980,4584
2020-12-01,Texas,48,1275295,22204
2020-12-01,Utah,49,198260,890
2020-12-01,Vermont,50,4239,72
2020-12-01,Virgin Islands,78,1550,23
2020-12-01,Virginia,51,240063,4093
2020-12-01,Washington,53,174969,2927
2020-12-01,West Virginia,54,48818,758
2020-12-01,Wisconsin,55,416365,3628
2020-12-01,Wyoming,56,33805,230
2020-12-02,Alabama,01,256828,3711
2020-12-02,Alaska,02,33614,116
2020-12-02,Arizona,04,342925,6755
2020-12-02,Arkansas,05,161521,2522
2020-12-02,California,06,1272079,19440
2020-12-02,Colorado,08,243324,3226
2020-12-02,Connecticut,09,121426,5091
2020-12-02,Delaware,10,36698,779
2020-12-02,District of Columbia,11,21842,690
2020-12-02,Florida,12,1018152,18775
2020-12-02,Georgia,13,464417,9301
2020-12-02,Guam,66,7889,113
2020-12-02,Hawaii,15,18117,242
2020-12-02,Idaho,16,105250,1002
2020-12-02,Illinois,17,750208,13433
2020-12-02,Indiana,18,353722,5973
2020-12-02,Iowa,19,236159,2518
2020-12-02,Kansas,20,164981,1679
2020-12-02,Kentucky,21,191067,2124
2020-12-02,Louisiana,22,241335,6501
2020-12-02,Maine,23,12208,218
2020-12-02,Maryland,24,203672,4715
2020-12-02,Massachusetts,25,234232,10824
2020-12-02,Michigan,26,401953,9839
2020-12-02,Minnesota,27,327536,3751
2020-12-02,Mississippi,28,156868,3851
2020-12-02,Missouri,29,321411,4185
2020-12-02,Montana,30,64399,713
2020-12-02,Nebraska,31,133139,1139
2020-12-02,Nevada,32,157586,2225
2020-12-02,New Hampshire,33,22332,537
2020-12-02,New Jersey,34,348042,17145
2020-12-02,New Mexico,35,100963,1629
2020-12-02,New York,36,669016,34286
2020-12-02,North Carolina,37,372525,5406
2020-12-02,North Dakota,38,80141,972
2020-12-02,Northern Mariana Islands,69,106,2
2020-12-02,Ohio,39,437928,6671
2020-12-02,Oklahoma,40,202341,1812
2020-12-02,Oregon,41,78206,962
2020-12-02,Pennsylvania,42,381342,10803
2020-12-02,Puerto Rico,72,87323,1144
2020-12-02,Rhode Island,44,59005,1391
2020-12-02,South Carolina,45,220835,4444
2020-12-02,South Dakota,46,82203,995
2020-12-02,Tennessee,47,375995,4635
2020-12-02,Texas,48,1293839,22422
2020-12-02,Utah,49,202220,906
2020-12-02,Vermont,50,4461,74
2020-12-02,Virgin Islands,78,1589,23
2020-12-02,Virginia,51,242480,4113
2020-12-02,Washington,53,177929,2979
2020-12-02,West Virginia,54,49905,778
2020-12-02,Wisconsin,55,420930,3715
2020-12-02,Wyoming,56,34507,230
2020-12-03,Alabama,01,260359,3776
2020-12-03,Alaska,02,34377,124
2020-12-03,Arizona,04,348134,6834
2020-12-03,Arkansas,05,164310,2555
2020-12-03,California,06,1293937,19586
2020-12-03,Colorado,08,248779,3335
2020-12-03,Connecticut,09,126177,5111
2020-12-03,Delaware,10,37456,779
2020-12-03,District of Columbia,11,22164,692
2020-12-03,Florida,12,1029022,18873
2020-12-03,Georgia,13,469955,9377
2020-12-03,Guam,66,7911,113
2020-12-03,Hawaii,15,18256,244
2020-12-03,Idaho,16,106882,1023
2020-12-03,Illinois,17,761209,13650
2020-12-03,Indiana,18,362182,6033
2020-12-03,Iowa,19,238722,2603
2020-12-03,Kansas,20,165613,1679
2020-12-03,Kentucky,21,194851,2185
2020-12-03,Louisiana,22,244078,6524
2020-12-03,Maine,23,12554,220
2020-12-03,Maryland,24,205716,4764
2020-12-03,Massachusetts,25,240907,10874
2020-12-03,Michigan,26,410052,10031
2020-12-03,Minnesota,27,333685,3843
2020-12-03,Mississippi,28,159036,3879
2020-12-03,Missouri,29,325519,4274
2020-12-03,Montana,30,65242,723
2020-12-03,Nebraska,31,135123,1180
2020-12-03,Nevada,32,160317,2259
2020-12-03,New Hampshire,33,22925,544
2020-12-03,New Jersey,34,352835,17209
2020-12-03,New Mexico,35,102873,1673
2020-12-03,New York,36,678869,34346
2020-12-03,North Carolina,37,378370,5454
2020-12-03,North Dakota,38,81111,983
2020-12-03,Northern Mariana Islands,69,106,2
2020-12-03,Ohio,39,446859,6753
2020-12-03,Oklahoma,40,204048,1836
2020-12-03,Oregon,41,79294,974
2020-12-03,Pennsylvania,42,392610,11008
2020-12-03,Puerto Rico,72,87720,1155
2020-12-03,Rhode Island,44,60722,1400
2020-12-03,South Carolina,45,223063,4466
2020-12-03,South Dakota,46,83348,1033
2020-12-03,Tennessee,47,379679,4727
2020-12-03,Texas,48,1311751,22645
2020-12-03,Utah,49,206255,918
2020-12-03,Vermont,50,4642,75
2020-12-03,Virgin Islands,78,1589,23
2020-12-03,Virginia,51,244503,4147
2020-12-03,Washington,53,180125,3040
2020-12-03,West Virginia,54,51025,789
2020-12-03,Wisconsin,55,426534,3781
2020-12-03,Wyoming,56,35078,257
2020-12-04,Alabama,01,264199,3831
2020-12-04,Alaska,02,35138,135
2020-12-04,Arizona,04,355054,6885
2020-12-04,Arkansas,05,167137,2586
2020-12-04,California,06,1318188,19791
2020-12-04,Colorado,08,252960,3375
2020-12-04,Connecticut,09,127715,5146
2020-12-04,Delaware,10,38398,782
2020-12-04,District of Columbia,11,22480,693
2020-12-04,Florida,12,1039199,18993
2020-12-04,Georgia,13,476181,9443
2020-12-04,Guam,66,7928,114
2020-12-04,Hawaii,15,18373,254
2020-12-04,Idaho,16,108741,1037
2020-12-04,Illinois,17,771696,13808
2020-12-04,Indiana,18,370091,6122
2020-12-04,Iowa,19,241531,2665
2020-12-04,Kansas,20,171513,1786
2020-12-04,Kentucky,21,198506,2216
2020-12-04,Louisiana,22,247177,6548
2020-12-04,Maine,23,12844,224
2020-12-04,Maryland,24,209512,4790
2020-12-04,Massachusetts,25,246398,10910
2020-12-04,Michigan,26,419370,10113
2020-12-04,Minnesota,27,339032,3904
2020-12-04,Mississippi,28,161516,3916
2020-12-04,Missouri,29,330445,4375
2020-12-04,Montana,30,66494,728
2020-12-04,Nebraska,31,136968,1205
2020-12-04,Nevada,32,163065,2276
2020-12-04,New Hampshire,33,23690,552
2020-12-04,New Jersey,34,358498,17255
2020-12-04,New Mexico,35,104935,1706
2020-12-04,New York,36,690143,34409
2020-12-04,North Carolina,37,384165,5505
2020-12-04,North Dakota,38,81955,995
2020-12-04,Northern Mariana Islands,69,106,2
2020-12-04,Ohio,39,456963,6882
2020-12-04,Oklahoma,40,208875,1860
2020-12-04,Oregon,41,81441,1004
2020-12-04,Pennsylvania,42,404699,11189
2020-12-04,Puerto Rico,72,88212,1172
2020-12-04,Rhode Island,44,62137,1413
2020-12-04,South Carolina,45,226013,4496
2020-12-04,South Dakota,46,84398,1064
2020-12-04,Tennessee,47,383995,4822
2020-12-04,Texas,48,1325855,22890
2020-12-04,Utah,49,209258,926
2020-12-04,Vermont,50,4763,77
2020-12-04,Virgin Islands,78,1613,23
2020-12-04,Virginia,51,247380,4160
2020-12-04,Washington,53,182758,3062
2020-12-04,West Virginia,54,52172,799
2020-12-04,Wisconsin,55,432217,3847
2020-12-04,Wyoming,56,35737,257
2020-12-05,Alabama,01,267589,3877
2020-12-05,Alaska,02,36083,136
2020-12-05,Arizona,04,361186,6940
2020-12-05,Arkansas,05,169382,2620
2020-12-05,California,06,1343193,19876
2020-12-05,Colorado,08,258124,3415
2020-12-05,Connecticut,09,127715,5146
2020-12-05,Delaware,10,39096,782
2020-12-05,District of Columbia,11,22872,695
2020-12-05,Florida,12,1049630,19083
2020-12-05,Georgia,13,481126,9506
2020-12-05,Guam,66,7946,114
2020-12-05,Hawaii,15,18484,259
2020-12-05,Idaho,16,109764,1037
2020-12-05,Illinois,17,781441,14028
2020-12-05,Indiana,18,377790,6207
2020-12-05,Iowa,19,243385,2682
2020-12-05,Kansas,20,171626,1786
2020-12-05,Kentucky,21,202135,2241
2020-12-05,Louisiana,22,247177,6548
2020-12-05,Maine,23,13127,227
2020-12-05,Maryland,24,212545,4820
2020-12-05,Massachusetts,25,252017,10953
2020-12-05,Michigan,26,425496,10313
2020-12-05,Minnesota,27,345340,3979
2020-12-05,Mississippi,28,163458,3949
2020-12-05,Missouri,29,334637,4412
2020-12-05,Montana,30,67092,734
2020-12-05,Nebraska,31,139103,1208
2020-12-05,Nevada,32,166187,2309
2020-12-05,New Hampshire,33,24138,559
2020-12-05,New Jersey,34,363822,17306
2020-12-05,New Mexico,35,106856,1738
2020-12-05,New York,36,700902,34488
2020-12-05,North Carolina,37,388760,5547
2020-12-05,North Dakota,38,82510,1013
2020-12-05,Northern Mariana Islands,69,106,2
2020-12-05,Ohio,39,467432,6947
2020-12-05,Oklahoma,40,213245,1874
2020-12-05,Oregon,41,83243,1027
2020-12-05,Pennsylvania,42,416073,11331
2020-12-05,Puerto Rico,72,89147,1184
2020-12-05,Rhode Island,44,62137,1413
2020-12-05,South Carolina,45,229235,4517
2020-12-05,South Dakota,46,85304,1091
2020-12-05,Tennessee,47,388815,4851
2020-12-05,Texas,48,1337030,23111
2020-12-05,Utah,49,212844,939
2020-12-05,Vermont,50,4894,79
2020-12-05,Virgin Islands,78,1613,23
2020-12-05,Virginia,51,251173,4197
2020-12-05,Washington,53,184079,3065
2020-12-05,West Virginia,54,53572,829
2020-12-05,Wisconsin,55,437918,3938
2020-12-05,Wyoming,56,35941,257
2020-12-06,Alabama,01,269877,3889
2020-12-06,Alaska,02,36847,136
2020-12-06,Arizona,04,364276,6950
2020-12-06,Arkansas,05,170924,2660
2020-12-06,California,06,1371985,19937
2020-12-06,Colorado,08,262460,3437
2020-12-06,Connecticut,09,127715,5146
2020-12-06,Delaware,10,39912,793
2020-12-06,District of Columbia,11,23136,697
2020-12-06,Florida,12,1058066,19176
2020-12-06,Georgia,13,483106,9516
2020-12-06,Guam,66,7973,114
2020-12-06,Hawaii,15,18581,260
2020-12-06,Idaho,16,110553,1040
2020-12-06,Illinois,17,788922,14127
2020-12-06,Indiana,18,384391,6242
2020-12-06,Iowa,19,244689,2717
2020-12-06,Kansas,20,171635,1786
2020-12-06,Kentucky,21,204772,2250
2020-12-06,Louisiana,22,251123,6584
2020-12-06,Maine,23,13348,227
2020-12-06,Maryland,24,215348,4846
2020-12-06,Massachusetts,25,256844,11004
2020-12-06,Michigan,26,425844,10313
2020-12-06,Minnesota,27,350921,4043
2020-12-06,Mississippi,28,164931,3961
2020-12-06,Missouri,29,337927,4420
2020-12-06,Montana,30,67875,736
2020-12-06,Nebraska,31,140318,1219
2020-12-06,Nevada,32,168758,2318
2020-12-06,New Hampshire,33,24771,564
2020-12-06,New Jersey,34,369852,17321
2020-12-06,New Mexico,35,108088,1749
2020-12-06,New York,36,710612,34552
2020-12-06,North Carolina,37,395020,5578
2020-12-06,North Dakota,38,82987,1019
2020-12-06,Northern Mariana Islands,69,106,2
2020-12-06,Ohio,39,475024,6960
2020-12-06,Oklahoma,40,216486,1896
2020-12-06,Oregon,41,84496,1033
2020-12-06,Pennsylvania,42,423828,11389
2020-12-06,Puerto Rico,72,90286,1191
2020-12-06,Rhode Island,44,62137,1413
2020-12-06,South Carolina,45,232099,4566
2020-12-06,South Dakota,46,85991,1110
2020-12-06,Tennessee,47,391393,4888
2020-12-06,Texas,48,1346249,23187
2020-12-06,Utah,49,215407,939
2020-12-06,Vermont,50,5015,79
2020-12-06,Virgin Islands,78,1613,23
2020-12-06,Virginia,51,255053,4200
2020-12-06,Washington,53,185505,3065
2020-12-06,West Virginia,54,54997,838
2020-12-06,Wisconsin,55,441067,3956
2020-12-06,Wyoming,56,36317,257
2020-12-07,Alabama,01,272229,3892
2020-12-07,Alaska,02,37350,139
2020-12-07,Arizona,04,366364,6950
2020-12-07,Arkansas,05,172042,2713
2020-12-07,California,06,1399239,20052
2020-12-07,Colorado,08,266670,3466
2020-12-07,Connecticut,09,135844,5224
2020-12-07,Delaware,10,40711,793
2020-12-07,District of Columbia,11,23319,701
2020-12-07,Florida,12,1065777,19281
2020-12-07,Georgia,13,488225,9559
2020-12-07,Guam,66,7988,114
2020-12-07,Hawaii,15,18659,260
2020-12-07,Idaho,16,112433,1062
2020-12-07,Illinois,17,797789,14234
2020-12-07,Indiana,18,390048,6284
2020-12-07,Iowa,19,245985,2723
2020-12-07,Kansas,20,177389,1856
2020-12-07,Kentucky,21,207043,2276
2020-12-07,Louisiana,22,252136,6607
2020-12-07,Maine,23,13775,227
2020-12-07,Maryland,24,217647,4865
2020-12-07,Massachusetts,25,259325,11035
2020-12-07,Michigan,26,435461,10415
2020-12-07,Minnesota,27,356211,4064
2020-12-07,Mississippi,28,166194,3961
2020-12-07,Missouri,29,342244,4452
2020-12-07,Montana,30,68651,743
2020-12-07,Nebraska,31,141918,1251
2020-12-07,Nevada,32,171159,2326
2020-12-07,New Hampshire,33,25816,566
2020-12-07,New Jersey,34,373415,17336
2020-12-07,New Mexico,35,109947,1756
2020-12-07,New York,36,718991,34637
2020-12-07,North Carolina,37,399796,5598
2020-12-07,North Dakota,38,83348,1028
2020-12-07,Northern Mariana Islands,69,109,2
2020-12-07,Ohio,39,484297,7023
2020-12-07,Oklahoma,40,218389,1911
2020-12-07,Oregon,41,85803,1049
2020-12-07,Pennsylvania,42,432410,11431
2020-12-07,Puerto Rico,72,91237,1202
2020-12-07,Rhode Island,44,65818,1448
2020-12-07,South Carolina,45,234652,4579
2020-12-07,South Dakota,46,86500,1110
2020-12-07,Tennessee,47,399323,4953
2020-12-07,Texas,48,1361070,23258
2020-12-07,Utah,49,217638,949
2020-12-07,Vermont,50,5080,81
2020-12-07,Virgin Islands,78,1649,23
2020-12-07,Virginia,51,258870,4208
2020-12-07,Washington,53,191468,3080
2020-12-07,West Virginia,54,56128,841
2020-12-07,Wisconsin,55,443415,3979
2020-12-07,Wyoming,56,36985,280
2020-12-08,Alabama,01,276665,3942
2020-12-08,Alaska,02,37923,139
2020-12-08,Arizona,04,379662,6985
2020-12-08,Arkansas,05,174325,2752
2020-12-08,California,06,1425501,20238
2020-12-08,Colorado,08,270381,3508
2020-12-08,Connecticut,09,138258,5242
2020-12-08,Delaware,10,41464,803
2020-12-08,District of Columbia,11,23589,701
2020-12-08,Florida,12,1073762,19377
2020-12-08,Georgia,13,493558,9582
2020-12-08,Guam,66,7995,114
2020-12-08,Hawaii,15,18712,260
2020-12-08,Idaho,16,114411,1081
2020-12-08,Illinois,17,805794,14392
2020-12-08,Indiana,18,395449,6410
2020-12-08,Iowa,19,246237,2915
2020-12-08,Kansas,20,177780,1856
2020-12-08,Kentucky,21,210232,2328
2020-12-08,Louisiana,22,254562,6652
2020-12-08,Maine,23,14049,239
2020-12-08,Maryland,24,220279,4916
2020-12-08,Massachusetts,25,263447,11076
2020-12-08,Michigan,26,442126,10620
2020-12-08,Minnesota,27,359262,4086
2020-12-08,Mississippi,28,167926,4017
2020-12-08,Missouri,29,346161,4594
2020-12-08,Montana,30,69465,763
2020-12-08,Nebraska,31,143328,1295
2020-12-08,Nevada,32,174050,2368
2020-12-08,New Hampshire,33,26623,566
2020-12-08,New Jersey,34,378891,17426
2020-12-08,New Mexico,35,111191,1789
2020-12-08,New York,36,728010,34723
2020-12-08,North Carolina,37,404520,5642
2020-12-08,North Dakota,38,85688,1064
2020-12-08,Northern Mariana Islands,69,111,2
2020-12-08,Ohio,39,510018,7103
2020-12-08,Oklahoma,40,220686,1922
2020-12-08,Oregon,41,87082,1082
2020-12-08,Pennsylvania,42,442528,11592
2020-12-08,Puerto Rico,72,91931,1205
2020-12-08,Rhode Island,44,67067,1470
2020-12-08,South Carolina,45,236954,4585
2020-12-08,South Dakota,46,87038,1111
2020-12-08,Tennessee,47,405149,5051
2020-12-08,Texas,48,1374960,23439
2020-12-08,Utah,49,219971,972
2020-12-08,Vermont,50,5180,85
2020-12-08,Virgin Islands,78,1680,23
2020-12-08,Virginia,51,262730,4260
2020-12-08,Washington,53,194788,3102
2020-12-08,West Virginia,54,57060,870
2020-12-08,Wisconsin,55,448009,4059
2020-12-08,Wyoming,56,37475,280
2020-12-09,Alabama,01,280187,3985
2020-12-09,Alaska,02,38510,143
2020-12-09,Arizona,04,384241,7081
2020-12-09,Arkansas,05,176652,2786
2020-12-09,California,06,1457273,20466
2020-12-09,Colorado,08,274354,3671
2020-12-09,Connecticut,09,140548,5285
2020-12-09,Delaware,10,42393,803
2020-12-09,District of Columbia,11,23854,704
2020-12-09,Florida,12,1083354,19461
2020-12-09,Georgia,13,499299,9630
2020-12-09,Guam,66,8008,114
2020-12-09,Hawaii,15,18785,264
2020-12-09,Idaho,16,116677,1124
2020-12-09,Illinois,17,813990,14621
2020-12-09,Indiana,18,401219,6506
2020-12-09,Iowa,19,248782,3017
2020-12-09,Kansas,20,183404,1941
2020-12-09,Kentucky,21,212997,2359
2020-12-09,Louisiana,22,258914,6684
2020-12-09,Maine,23,14454,246
2020-12-09,Maryland,24,222971,4962
2020-12-09,Massachusetts,25,269412,11166
2020-12-09,Michigan,26,447434,10699
2020-12-09,Minnesota,27,363778,4168
2020-12-09,Mississippi,28,170672,4041
2020-12-09,Missouri,29,349046,4640
2020-12-09,Montana,30,70191,771
2020-12-09,Nebraska,31,144755,1311
2020-12-09,Nevada,32,176674,2395
2020-12-09,New Hampshire,33,27592,570
2020-12-09,New Jersey,34,383354,17542
2020-12-09,New Mexico,35,112950,1823
2020-12-09,New York,36,738947,34799
2020-12-09,North Carolina,37,412140,5704
2020-12-09,North Dakota,38,86149,1081
2020-12-09,Northern Mariana Islands,69,113,2
2020-12-09,Ohio,39,520112,7187
2020-12-09,Oklahoma,40,222993,1945
2020-12-09,Oregon,41,88308,1112
2020-12-09,Pennsylvania,42,451154,11839
2020-12-09,Puerto Rico,72,92577,1219
2020-12-09,Rhode Island,44,68299,1484
2020-12-09,South Carolina,45,239444,4612
2020-12-09,South Dakota,46,88023,1147
2020-12-09,Tennessee,47,413043,5113
2020-12-09,Texas,48,1390227,23727
2020-12-09,Utah,49,222545,995
2020-12-09,Vermont,50,5285,86
2020-12-09,Virgin Islands,78,1698,23
2020-12-09,Virginia,51,267128,4281
2020-12-09,Washington,53,197973,3146
2020-12-09,West Virginia,54,58462,901
2020-12-09,Wisconsin,55,452180,4149
2020-12-09,Wyoming,56,37885,299
2020-12-10,Alabama,01,284922,4034
2020-12-10,Alaska,02,39146,148
2020-12-10,Arizona,04,390047,7173
2020-12-10,Arkansas,05,178854,2820
2020-12-10,California,06,1491132,20636
2020-12-10,Colorado,08,278916,3795
2020-12-10,Connecticut,09,142979,5327
2020-12-10,Delaware,10,43036,806
2020-12-10,District of Columbia,11,24098,708
2020-12-10,Florida,12,1094689,19590
2020-12-10,Georgia,13,506802,9683
2020-12-10,Guam,66,8021,116
2020-12-10,Hawaii,15,18901,266
2020-12-10,Idaho,16,118352,1145
2020-12-10,Illinois,17,825136,14852
2020-12-10,Indiana,18,407755,6603
2020-12-10,Iowa,19,251027,3116
2020-12-10,Kansas,20,183750,1941
2020-12-10,Kentucky,21,217112,2387
2020-12-10,Louisiana,22,261329,6724
2020-12-10,Maine,23,14861,246
2020-12-10,Maryland,24,226173,5012
2020-12-10,Massachusetts,25,274781,11209
2020-12-10,Michigan,26,453792,10895
2020-12-10,Minnesota,27,367277,4257
2020-12-10,Mississippi,28,172955,4083
2020-12-10,Missouri,29,353082,4690
2020-12-10,Montana,30,70954,786
2020-12-10,Nebraska,31,146456,1358
2020-12-10,Nevada,32,179409,2448
2020-12-10,New Hampshire,33,28273,584
2020-12-10,New Jersey,34,388474,17608
2020-12-10,New Mexico,35,114731,1846
2020-12-10,New York,36,749204,34884
2020-12-10,North Carolina,37,417951,5752
2020-12-10,North Dakota,38,86713,1109
2020-12-10,Northern Mariana Islands,69,113,2
2020-12-10,Ohio,39,531850,7298
2020-12-10,Oklahoma,40,225453,1980
2020-12-10,Oregon,41,89838,1124
2020-12-10,Pennsylvania,42,463175,12066
2020-12-10,Puerto Rico,72,93073,1238
2020-12-10,Rhode Island,44,69247,1498
2020-12-10,South Carolina,45,241686,4627
2020-12-10,South Dakota,46,88727,1177
2020-12-10,Tennessee,47,418902,5183
2020-12-10,Texas,48,1403359,23967
2020-12-10,Utah,49,225946,1016
2020-12-10,Vermont,50,5413,89
2020-12-10,Virgin Islands,78,1733,23
2020-12-10,Virginia,51,271043,4335
2020-12-10,Washington,53,201179,3075
2020-12-10,West Virginia,54,59695,921
2020-12-10,Wisconsin,55,456889,4216
2020-12-10,Wyoming,56,38223,299
2020-12-11,Alabama,01,288775,4086
2020-12-11,Alaska,02,39773,151
2020-12-11,Arizona,04,398150,7250
2020-12-11,Arkansas,05,181624,2875
2020-12-11,California,06,1528237,20854
2020-12-11,Colorado,08,283571,3858
2020-12-11,Connecticut,09,146761,5363
2020-12-11,Delaware,10,43818,807
2020-12-11,District of Columbia,11,24357,709
2020-12-11,Florida,12,1106388,19713
2020-12-11,Georgia,13,512715,9738
2020-12-11,Guam,66,8048,116
2020-12-11,Hawaii,15,19029,267
2020-12-11,Idaho,16,119934,1169
2020-12-11,Illinois,17,834668,15076
2020-12-11,Indiana,18,414961,6673
2020-12-11,Iowa,19,253612,3193
2020-12-11,Kansas,20,188610,2072
2020-12-11,Kentucky,21,220898,2416
2020-12-11,Louisiana,22,264191,6767
2020-12-11,Maine,23,15206,250
2020-12-11,Maryland,24,228792,5064
2020-12-11,Massachusetts,25,280436,11257
2020-12-11,Michigan,26,459398,10961
2020-12-11,Minnesota,27,371027,4351
2020-12-11,Mississippi,28,175282,4124
2020-12-11,Missouri,29,355147,4704
2020-12-11,Montana,30,71931,805
2020-12-11,Nebraska,31,147727,1377
2020-12-11,Nevada,32,181922,2488
2020-12-11,New Hampshire,33,29460,590
2020-12-11,New Jersey,34,392124,17662
2020-12-11,New Mexico,35,116565,1889
2020-12-11,New York,36,759765,34983
2020-12-11,North Carolina,37,424991,5791
2020-12-11,North Dakota,38,87220,1136
2020-12-11,Northern Mariana Islands,69,113,2
2020-12-11,Ohio,39,542209,7426
2020-12-11,Oklahoma,40,229353,2007
2020-12-11,Oregon,41,91434,1147
2020-12-11,Pennsylvania,42,475844,12298
2020-12-11,Puerto Rico,72,94617,1249
2020-12-11,Rhode Island,44,70818,1509
2020-12-11,South Carolina,45,245226,4673
2020-12-11,South Dakota,46,89672,1210
2020-12-11,Tennessee,47,425954,5271
2020-12-11,Texas,48,1461605,24208
2020-12-11,Utah,49,228146,1027
2020-12-11,Vermont,50,5541,93
2020-12-11,Virgin Islands,78,1791,23
2020-12-11,Virginia,51,274438,4370
2020-12-11,Washington,53,204484,3097
2020-12-11,West Virginia,54,60637,938
2020-12-11,Wisconsin,55,461367,4272
2020-12-11,Wyoming,56,38785,321
2020-12-12,Alabama,01,292841,4102
2020-12-12,Alaska,02,40293,169
2020-12-12,Arizona,04,405656,7340
2020-12-12,Arkansas,05,184252,2911
2020-12-12,California,06,1554920,20958
2020-12-12,Colorado,08,287364,3916
2020-12-12,Connecticut,09,146761,5363
2020-12-12,Delaware,10,44876,815
2020-12-12,District of Columbia,11,24643,713
2020-12-12,Florida,12,1116965,19784
2020-12-12,Georgia,13,518973,9779
2020-12-12,Guam,66,8059,118
2020-12-12,Hawaii,15,19225,269
2020-12-12,Idaho,16,120703,1173
2020-12-12,Illinois,17,843328,15232
2020-12-12,Indiana,18,422368,6758
2020-12-12,Iowa,19,255009,3208
2020-12-12,Kansas,20,188610,2072
2020-12-12,Kentucky,21,224155,2446
2020-12-12,Louisiana,22,264191,6767
2020-12-12,Maine,23,15620,257
2020-12-12,Maryland,24,232172,5100
2020-12-12,Massachusetts,25,285725,11307
2020-12-12,Michigan,26,463961,11186
2020-12-12,Minnesota,27,375457,4418
2020-12-12,Mississippi,28,177947,4180
2020-12-12,Missouri,29,360623,4754
2020-12-12,Montana,30,72659,816
2020-12-12,Nebraska,31,148467,1395
2020-12-12,Nevada,32,184527,2530
2020-12-12,New Hampshire,33,30244,600
2020-12-12,New Jersey,34,398364,17732
2020-12-12,New Mexico,35,118358,1913
2020-12-12,New York,36,770804,35074
2020-12-12,North Carolina,37,430325,5831
2020-12-12,North Dakota,38,87596,1158
2020-12-12,Northern Mariana Islands,69,113,2
2020-12-12,Ohio,39,553461,7477
2020-12-12,Oklahoma,40,233336,2042
2020-12-12,Oregon,41,92839,1155
2020-12-12,Pennsylvania,42,485901,12489
2020-12-12,Puerto Rico,72,95338,1266
2020-12-12,Rhode Island,44,70818,1509
2020-12-12,South Carolina,45,248798,4685
2020-12-12,South Dakota,46,90407,1243
2020-12-12,Tennessee,47,432246,5344
2020-12-12,Texas,48,1473080,24400
2020-12-12,Utah,49,231821,1039
2020-12-12,Vermont,50,5626,95
2020-12-12,Virgin Islands,78,1791,23
2020-12-12,Virginia,51,278615,4409
2020-12-12,Washington,53,207399,3043
2020-12-12,West Virginia,54,62151,966
2020-12-12,Wisconsin,55,465991,4329
2020-12-12,Wyoming,56,38907,321
2020-12-13,Alabama,01,295631,4102
2020-12-13,Alaska,02,40934,169
2020-12-13,Arizona,04,408646,7357
2020-12-13,Arkansas,05,185702,2945
2020-12-13,California,06,1590726,21043
2020-12-13,Colorado,08,289679,3982
2020-12-13,Connecticut,09,146761,5363
2020-12-13,Delaware,10,45460,816
2020-12-13,District of Columbia,11,24874,715
2020-12-13,Florida,12,1125923,19865
2020-12-13,Georgia,13,523580,9781
2020-12-13,Guam,66,8075,119
2020-12-13,Hawaii,15,19302,272
2020-12-13,Idaho,16,121243,1179
2020-12-13,Illinois,17,850412,15340
2020-12-13,Indiana,18,428275,6805
2020-12-13,Iowa,19,256249,3209
2020-12-13,Kansas,20,188660,2072
2020-12-13,Kentucky,21,226604,2453
2020-12-13,Louisiana,22,268613,6818
2020-12-13,Maine,23,15923,257
2020-12-13,Maryland,24,234975,5117
2020-12-13,Massachusetts,25,290578,11349
2020-12-13,Michigan,26,464199,11186
2020-12-13,Minnesota,27,378882,4503
2020-12-13,Mississippi,28,179447,4199
2020-12-13,Missouri,29,363246,4761
2020-12-13,Montana,30,73303,818
2020-12-13,Nebraska,31,149695,1399
2020-12-13,Nevada,32,187502,2545
2020-12-13,New Hampshire,33,30956,603
2020-12-13,New Jersey,34,402518,17751
2020-12-13,New Mexico,35,119800,1957
2020-12-13,New York,36,780831,35198
2020-12-13,North Carolina,37,436655,5855
2020-12-13,North Dakota,38,87877,1158
2020-12-13,Northern Mariana Islands,69,113,2
2020-12-13,Ohio,39,562727,7492
2020-12-13,Oklahoma,40,237668,2064
2020-12-13,Oregon,41,93853,1158
2020-12-13,Pennsylvania,42,495906,12613
2020-12-13,Puerto Rico,72,96046,1272
2020-12-13,Rhode Island,44,70818,1509
2020-12-13,South Carolina,45,252206,4739
2020-12-13,South Dakota,46,91038,1259
2020-12-13,Tennessee,47,442707,5406
2020-12-13,Texas,48,1479805,24501
2020-12-13,Utah,49,233904,1055
2020-12-13,Vermont,50,5753,95
2020-12-13,Virgin Islands,78,1791,23
2020-12-13,Virginia,51,281909,4411
2020-12-13,Washington,53,209385,3045
2020-12-13,West Virginia,54,63217,968
2020-12-13,Wisconsin,55,468956,4344
2020-12-13,Wyoming,56,39360,321
2020-12-14,Alabama,01,297895,4102
2020-12-14,Alaska,02,41363,169
2020-12-14,Arizona,04,420459,7358
2020-12-14,Arkansas,05,187057,2990
2020-12-14,California,06,1620916,21196
2020-12-14,Colorado,08,291645,4015
2020-12-14,Connecticut,09,153992,5444
2020-12-14,Delaware,10,46457,816
2020-12-14,District of Columbia,11,25038,716
2020-12-14,Florida,12,1134375,20002
2020-12-14,Georgia,13,527157,9803
2020-12-14,Guam,66,8106,120
2020-12-14,Hawaii,15,19489,272
2020-12-14,Idaho,16,122679,1199
2020-12-14,Illinois,17,857860,15458
2020-12-14,Indiana,18,433242,6840
2020-12-14,Iowa,19,256902,3269
2020-12-14,Kansas,20,193109,2109
2020-12-14,Kentucky,21,228668,2472
2020-12-14,Louisiana,22,269643,6845
2020-12-14,Maine,23,16349,259
2020-12-14,Maryland,24,237215,5142
2020-12-14,Massachusetts,25,294231,11388
2020-12-14,Michigan,26,471738,11282
2020-12-14,Minnesota,27,381900,4521
2020-12-14,Mississippi,28,181095,4204
2020-12-14,Missouri,29,367510,4787
2020-12-14,Montana,30,73356,818
2020-12-14,Nebraska,31,150322,1442
2020-12-14,Nevada,32,189805,2557
2020-12-14,New Hampshire,33,31875,604
2020-12-14,New Jersey,34,407316,17775
2020-12-14,New Mexico,35,121299,1978
2020-12-14,New York,36,789815,35288
2020-12-14,North Carolina,37,441721,5899
2020-12-14,North Dakota,38,88073,1163
2020-12-14,Northern Mariana Islands,69,113,2
2020-12-14,Ohio,39,570602,7551
2020-12-14,Oklahoma,40,239767,2072
2020-12-14,Oregon,41,95042,1168
2020-12-14,Pennsylvania,42,505422,12668
2020-12-14,Puerto Rico,72,96600,1282
2020-12-14,Rhode Island,44,74071,1555
2020-12-14,South Carolina,45,254776,4751
2020-12-14,South Dakota,46,91354,1259
2020-12-14,Tennessee,47,452476,5484
2020-12-14,Texas,48,1493407,24582
2020-12-14,Utah,49,235872,1065
2020-12-14,Vermont,50,5857,96
2020-12-14,Virgin Islands,78,1807,23
2020-12-14,Virginia,51,285149,4414
2020-12-14,Washington,53,212342,3084
2020-12-14,West Virginia,54,64394,978
2020-12-14,Wisconsin,55,471285,4359
2020-12-14,Wyoming,56,39775,321
2020-12-15,Alabama,01,301533,4124
2020-12-15,Alaska,02,41645,172
2020-12-15,Arizona,04,427121,7428
2020-12-15,Arkansas,05,189198,3016
2020-12-15,California,06,1655166,21483
2020-12-15,Colorado,08,295558,4131
2020-12-15,Connecticut,09,155462,5466
2020-12-15,Delaware,10,47142,826
2020-12-15,District of Columbia,11,25339,720
2020-12-15,Florida,12,1143786,20081
2020-12-15,Georgia,13,534488,9856
2020-12-15,Guam,66,8118,120
2020-12-15,Hawaii,15,19541,272
2020-12-15,Idaho,16,124286,1219
2020-12-15,Illinois,17,865261,15591
2020-12-15,Indiana,18,437513,6968
2020-12-15,Iowa,19,258253,3337
2020-12-15,Kansas,20,193555,2109
2020-12-15,Kentucky,21,231287,2499
2020-12-15,Louisiana,22,272276,6895
2020-12-15,Maine,23,16760,265
2020-12-15,Maryland,24,239694,5206
2020-12-15,Massachusetts,25,298160,11443
2020-12-15,Michigan,26,477174,11488
2020-12-15,Minnesota,27,384223,4542
2020-12-15,Mississippi,28,183300,4252
2020-12-15,Missouri,29,370869,4959
2020-12-15,Montana,30,74160,826
2020-12-15,Nebraska,31,151901,1464
2020-12-15,Nevada,32,192109,2609
2020-12-15,New Hampshire,33,32545,604
2020-12-15,New Jersey,34,411282,17872
2020-12-15,New Mexico,35,122557,2006
2020-12-15,New York,36,799551,35425
2020-12-15,North Carolina,37,447303,5926
2020-12-15,North Dakota,38,88401,1176
2020-12-15,Northern Mariana Islands,69,113,2
2020-12-15,Ohio,39,579357,7654
2020-12-15,Oklahoma,40,241991,2086
2020-12-15,Oregon,41,96093,1213
2020-12-15,Pennsylvania,42,515009,12930
2020-12-15,Puerto Rico,72,97034,1294
2020-12-15,Rhode Island,44,75237,1570
2020-12-15,South Carolina,45,257320,4756
2020-12-15,South Dakota,46,91699,1261
2020-12-15,Tennessee,47,460454,5557
2020-12-15,Texas,48,1513068,24796
2020-12-15,Utah,49,237787,1078
2020-12-15,Vermont,50,5923,100
2020-12-15,Virgin Islands,78,1828,23
2020-12-15,Virginia,51,288309,4470
2020-12-15,Washington,53,214085,3123
2020-12-15,West Virginia,54,65708,1012
2020-12-15,Wisconsin,55,475340,4412
2020-12-15,Wyoming,56,40064,328
2020-12-16,Alabama,01,305640,4198
2020-12-16,Alaska,02,42256,174
2020-12-16,Arizona,04,431330,7558
2020-12-16,Arkansas,05,191504,3074
2020-12-16,California,06,1716108,21881
2020-12-16,Colorado,08,298492,4192
2020-12-16,Connecticut,09,157781,5506
2020-12-16,Delaware,10,47929,833
2020-12-16,District of Columbia,11,25602,720
2020-12-16,Florida,12,1155327,20203
2020-12-16,Georgia,13,541086,9913
2020-12-16,Guam,66,8137,120
2020-12-16,Hawaii,15,19645,276
2020-12-16,Idaho,16,125834,1247
2020-12-16,Illinois,17,872294,15780
2020-12-16,Indiana,18,443734,7101
2020-12-16,Iowa,19,260784,3354
2020-12-16,Kansas,20,197903,2253
2020-12-16,Kentucky,21,234207,2529
2020-12-16,Louisiana,22,275545,6933
2020-12-16,Maine,23,17311,267
2020-12-16,Maryland,24,242057,5270
2020-12-16,Massachusetts,25,304112,11513
2020-12-16,Michigan,26,481772,11582
2020-12-16,Minnesota,27,386471,4634
2020-12-16,Mississippi,28,185643,4294
2020-12-16,Missouri,29,374010,5043
2020-12-16,Montana,30,74764,836
2020-12-16,Nebraska,31,153244,1472
2020-12-16,Nevada,32,194461,2659
2020-12-16,New Hampshire,33,33433,625
2020-12-16,New Jersey,34,416983,18003
2020-12-16,New Mexico,35,124357,2049
2020-12-16,New York,36,808929,35522
2020-12-16,North Carolina,37,453628,6030
2020-12-16,North Dakota,38,88692,1201
2020-12-16,Northern Mariana Islands,69,113,2
2020-12-16,Ohio,39,584766,7777
2020-12-16,Oklahoma,40,245229,2128
2020-12-16,Oregon,41,97625,1267
2020-12-16,Pennsylvania,42,525199,13200
2020-12-16,Puerto Rico,72,97301,1312
2020-12-16,Rhode Island,44,76209,1590
2020-12-16,South Carolina,45,260119,4800
2020-12-16,South Dakota,46,92604,1300
2020-12-16,Tennessee,47,471348,5610
2020-12-16,Texas,48,1534822,25078
2020-12-16,Utah,49,240715,1102
2020-12-16,Vermont,50,6009,105
2020-12-16,Virgin Islands,78,1828,23
2020-12-16,Virginia,51,292240,4508
2020-12-16,Washington,53,215310,3139
2020-12-16,West Virginia,54,66849,1039
2020-12-16,Wisconsin,55,478162,4499
2020-12-16,Wyoming,56,40310,328
2020-12-17,Alabama,01,310335,4254
2020-12-17,Alaska,02,42639,176
2020-12-17,Arizona,04,438514,7711
2020-12-17,Arkansas,05,194543,3112
2020-12-17,California,06,1761430,22155
2020-12-17,Colorado,08,302086,4265
2020-12-17,Connecticut,09,160102,5552
2020-12-17,Delaware,10,48768,845
2020-12-17,District of Columbia,11,25830,725
2020-12-17,Florida,12,1168475,20304
2020-12-17,Georgia,13,548646,9974
2020-12-17,Guam,66,8152,120
2020-12-17,Hawaii,15,19781,278
2020-12-17,Idaho,16,127224,1266
2020-12-17,Illinois,17,881229,15987
2020-12-17,Indiana,18,450074,7180
2020-12-17,Iowa,19,262210,3451
2020-12-17,Kansas,20,198189,2253
2020-12-17,Kentucky,21,237160,2575
2020-12-17,Louisiana,22,279321,6964
2020-12-17,Maine,23,17901,276
2020-12-17,Maryland,24,244247,5319
2020-12-17,Massachusetts,25,309247,11558
2020-12-17,Michigan,26,486375,11793
2020-12-17,Minnesota,27,389230,4717
2020-12-17,Mississippi,28,187904,4320
2020-12-17,Missouri,29,378014,5101
2020-12-17,Montana,30,75545,849
2020-12-17,Nebraska,31,154425,1482
2020-12-17,Nevada,32,197059,2680
2020-12-17,New Hampshire,33,34264,629
2020-12-17,New Jersey,34,421238,18080
2020-12-17,New Mexico,35,126045,2103
2020-12-17,New York,36,819427,35647
2020-12-17,North Carolina,37,458739,6120
2020-12-17,North Dakota,38,89069,1210
2020-12-17,Northern Mariana Islands,69,113,2
2020-12-17,Ohio,39,596178,7894
2020-12-17,Oklahoma,40,248204,2144
2020-12-17,Oregon,41,98937,1284
2020-12-17,Pennsylvania,42,535231,13442
2020-12-17,Puerto Rico,72,98366,1323
2020-12-17,Rhode Island,44,77290,1602
2020-12-17,South Carolina,45,262774,4843
2020-12-17,South Dakota,46,93197,1301
2020-12-17,Tennessee,47,480225,5783
2020-12-17,Texas,48,1551333,25336
2020-12-17,Utah,49,243918,1126
2020-12-17,Vermont,50,6149,105
2020-12-17,Virgin Islands,78,1878,23
2020-12-17,Virginia,51,296093,4553
2020-12-17,Washington,53,220628,3170
2020-12-17,West Virginia,54,68485,1071
2020-12-17,Wisconsin,55,482443,4566
2020-12-17,Wyoming,56,40593,351
2020-12-18,Alabama,01,315683,4296
2020-12-18,Alaska,02,43132,176
2020-12-18,Arizona,04,444038,7819
2020-12-18,Arkansas,05,197421,3139
2020-12-18,California,06,1809673,22496
2020-12-18,Colorado,08,305622,4323
2020-12-18,Connecticut,09,162782,5581
2020-12-18,Delaware,10,49109,854
2020-12-18,District of Columbia,11,26104,728
2020-12-18,Florida,12,1181475,20400
2020-12-18,Georgia,13,556615,10009
2020-12-18,Guam,66,8162,120
2020-12-18,Hawaii,15,19937,279
2020-12-18,Idaho,16,128498,1280
2020-12-18,Illinois,17,888478,16206
2020-12-18,Indiana,18,456028,7265
2020-12-18,Iowa,19,264729,3451
2020-12-18,Kansas,20,203646,2341
2020-12-18,Kentucky,21,240345,2618
2020-12-18,Louisiana,22,282434,6994
2020-12-18,Maine,23,18337,281
2020-12-18,Maryland,24,246816,5358
2020-12-18,Massachusetts,25,314926,11610
2020-12-18,Michigan,26,490881,11861
2020-12-18,Minnesota,27,391948,4782
2020-12-18,Mississippi,28,190411,4354
2020-12-18,Missouri,29,382181,5170
2020-12-18,Montana,30,76056,855
2020-12-18,Nebraska,31,155764,1500
2020-12-18,Nevada,32,200032,2728
2020-12-18,New Hampshire,33,34960,638
2020-12-18,New Jersey,34,425134,18124
2020-12-18,New Mexico,35,127500,2128
2020-12-18,New York,36,832033,35775
2020-12-18,North Carolina,37,468195,6172
2020-12-18,North Dakota,38,89563,1231
2020-12-18,Northern Mariana Islands,69,115,2
2020-12-18,Ohio,39,605862,7967
2020-12-18,Oklahoma,40,251760,2161
2020-12-18,Oregon,41,100309,1306
2020-12-18,Pennsylvania,42,544417,13664
2020-12-18,Puerto Rico,72,99747,1333
2020-12-18,Rhode Island,44,77812,1625
2020-12-18,South Carolina,45,267076,4872
2020-12-18,South Dakota,46,93772,1330
2020-12-18,Tennessee,47,490304,5897
2020-12-18,Texas,48,1570679,25608
2020-12-18,Utah,49,246562,1140
2020-12-18,Vermont,50,6243,107
2020-12-18,Virgin Islands,78,1900,23
2020-12-18,Virginia,51,299388,4598
2020-12-18,Washington,53,224594,3168
2020-12-18,West Virginia,54,69751,1091
2020-12-18,Wisconsin,55,486364,4635
2020-12-18,Wyoming,56,41359,351
2020-12-19,Alabama,01,319904,4389
2020-12-19,Alaska,02,43468,177
2020-12-19,Arizona,04,450807,7956
2020-12-19,Arkansas,05,200114,3191
2020-12-19,California,06,1847031,22651
2020-12-19,Colorado,08,308350,4400
2020-12-19,Connecticut,09,162782,5581
2020-12-19,Delaware,10,50136,858
2020-12-19,District of Columbia,11,26342,730
2020-12-19,Florida,12,1193157,20472
2020-12-19,Georgia,13,562479,10054
2020-12-19,Guam,66,8167,120
2020-12-19,Hawaii,15,20089,279
2020-12-19,Idaho,16,129334,1280
2020-12-19,Illinois,17,896003,16326
2020-12-19,Indiana,18,460766,7338
2020-12-19,Iowa,19,266959,3533
2020-12-19,Kansas,20,203650,2341
2020-12-19,Kentucky,21,243047,2637
2020-12-19,Louisiana,22,282434,6994
2020-12-19,Maine,23,18739,292
2020-12-19,Maryland,24,248924,5412
2020-12-19,Massachusetts,25,319270,11657
2020-12-19,Michigan,26,494847,12066
2020-12-19,Minnesota,27,394694,4839
2020-12-19,Mississippi,28,192111,4390
2020-12-19,Missouri,29,384522,5236
2020-12-19,Montana,30,76708,864
2020-12-19,Nebraska,31,156433,1505
2020-12-19,Nevada,32,202164,2754
2020-12-19,New Hampshire,33,35609,650
2020-12-19,New Jersey,34,429325,18173
2020-12-19,New Mexico,35,128930,2155
2020-12-19,New York,36,841946,35897
2020-12-19,North Carolina,37,473691,6222
2020-12-19,North Dakota,38,89794,1237
2020-12-19,Northern Mariana Islands,69,115,2
2020-12-19,Ohio,39,614429,8031
2020-12-19,Oklahoma,40,255868,2189
2020-12-19,Oregon,41,101814,1340
2020-12-19,Pennsylvania,42,553424,13869
2020-12-19,Puerto Rico,72,100826,1342
2020-12-19,Rhode Island,44,77812,1625
2020-12-19,South Carolina,45,270537,4895
2020-12-19,South Dakota,46,94336,1350
2020-12-19,Tennessee,47,494497,5953
2020-12-19,Texas,48,1584055,25841
2020-12-19,Utah,49,248970,1148
2020-12-19,Vermont,50,6343,108
2020-12-19,Virgin Islands,78,1910,23
2020-12-19,Virginia,51,302972,4643
2020-12-19,Washington,53,226551,3169
2020-12-19,West Virginia,54,71215,1122
2020-12-19,Wisconsin,55,490679,4724
2020-12-19,Wyoming,56,41488,351
2020-12-20,Alabama,01,322452,4389
2020-12-20,Alaska,02,43649,176
2020-12-20,Arizona,04,453601,7971
2020-12-20,Arkansas,05,201650,3237
2020-12-20,California,06,1889914,22736
2020-12-20,Colorado,08,310522,4420
2020-12-20,Connecticut,09,162782,5581
2020-12-20,Delaware,10,50616,862
2020-12-20,District of Columbia,11,26601,737
2020-12-20,Florida,12,1201558,20567
2020-12-20,Georgia,13,567654,10056
2020-12-20,Guam,66,8171,120
2020-12-20,Hawaii,15,20291,280
2020-12-20,Idaho,16,130039,1284
2020-12-20,Illinois,17,901924,16407
2020-12-20,Indiana,18,467258,7404
2020-12-20,Iowa,19,267329,3589
2020-12-20,Kansas,20,203674,2341
2020-12-20,Kentucky,21,244784,2665
2020-12-20,Louisiana,22,286145,7042
2020-12-20,Maine,23,18946,292
2020-12-20,Maryland,24,251069,5448
2020-12-20,Massachusetts,25,323531,11717
2020-12-20,Michigan,26,495023,12066
2020-12-20,Minnesota,27,397378,4909
2020-12-20,Mississippi,28,194333,4409
2020-12-20,Missouri,29,386259,5262
2020-12-20,Montana,30,77170,865
2020-12-20,Nebraska,31,157171,1515
2020-12-20,Nevada,32,204227,2786
2020-12-20,New Hampshire,33,36542,656
2020-12-20,New Jersey,34,434500,18194
2020-12-20,New Mexico,35,129993,2171
2020-12-20,New York,36,851400,36017
2020-12-20,North Carolina,37,479875,6259
2020-12-20,North Dakota,38,90045,1237
2020-12-20,Northern Mariana Islands,69,115,2
2020-12-20,Ohio,39,622806,8047
2020-12-20,Oklahoma,40,260838,2212
2020-12-20,Oregon,41,102930,1341
2020-12-20,Pennsylvania,42,560002,13964
2020-12-20,Puerto Rico,72,102048,1368
2020-12-20,Rhode Island,44,77812,1625
2020-12-20,South Carolina,45,273406,4935
2020-12-20,South Dakota,46,94727,1361
2020-12-20,Tennessee,47,505880,6007
2020-12-20,Texas,48,1591885,25948
2020-12-20,Utah,49,250964,1155
2020-12-20,Vermont,50,6443,111
2020-12-20,Virgin Islands,78,1921,23
2020-12-20,Virginia,51,306848,4650
2020-12-20,Washington,53,227049,3170
2020-12-20,West Virginia,54,72342,1128
2020-12-20,Wisconsin,55,492724,4745
2020-12-20,Wyoming,56,41662,351
2020-12-21,Alabama,01,324832,4389
2020-12-21,Alaska,02,43801,176
2020-12-21,Arizona,04,461345,7972
2020-12-21,Arkansas,05,203107,3295
2020-12-21,California,06,1933169,22980
2020-12-21,Colorado,08,312713,4432
2020-12-21,Connecticut,09,167377,5676
2020-12-21,Delaware,10,51056,871
2020-12-21,District of Columbia,11,26740,742
2020-12-21,Florida,12,1212573,20679
2020-12-21,Georgia,13,571301,10072
2020-12-21,Guam,66,8180,121
2020-12-21,Hawaii,15,20423,280
2020-12-21,Idaho,16,131468,1305
2020-12-21,Illinois,17,906917,16530
2020-12-21,Indiana,18,471124,7438
2020-12-21,Iowa,19,268736,3589
2020-12-21,Kansas,20,207933,2448
2020-12-21,Kentucky,21,247243,2701
2020-12-21,Louisiana,22,287261,7107
2020-12-21,Maine,23,19285,293
2020-12-21,Maryland,24,253345,5471
2020-12-21,Massachusetts,25,327374,11759
2020-12-21,Michigan,26,499988,12146
2020-12-21,Minnesota,27,399370,4931
2020-12-21,Mississippi,28,195500,4411
2020-12-21,Missouri,29,390512,5291
2020-12-21,Montana,30,77456,881
2020-12-21,Nebraska,31,158119,1540
2020-12-21,Nevada,32,206195,2801
2020-12-21,New Hampshire,33,37388,656
2020-12-21,New Jersey,34,437671,18223
2020-12-21,New Mexico,35,130808,2180
2020-12-21,New York,36,860856,36147
2020-12-21,North Carolina,37,484513,6285
2020-12-21,North Dakota,38,90127,1239
2020-12-21,Northern Mariana Islands,69,116,2
2020-12-21,Ohio,39,629354,8122
2020-12-21,Oklahoma,40,263434,2218
2020-12-21,Oregon,41,103880,1351
2020-12-21,Pennsylvania,42,569413,14021
2020-12-21,Puerto Rico,72,102464,1382
2020-12-21,Rhode Island,44,80231,1670
2020-12-21,South Carolina,45,275733,4962
2020-12-21,South Dakota,46,95074,1381
2020-12-21,Tennessee,47,515145,6072
2020-12-21,Texas,48,1608768,26164
2020-12-21,Utah,49,252783,1163
2020-12-21,Vermont,50,6534,111
2020-12-21,Virgin Islands,78,1921,23
2020-12-21,Virginia,51,310890,4654
2020-12-21,Washington,53,230642,3186
2020-12-21,West Virginia,54,73337,1129
2020-12-21,Wisconsin,55,494353,4754
2020-12-21,Wyoming,56,42118,351
2020-12-22,Alabama,01,329811,4452
2020-12-22,Alaska,02,44241,186
2020-12-22,Arizona,04,470351,8133
2020-12-22,Arkansas,05,205048,3338
2020-12-22,California,06,1968541,23254
2020-12-22,Colorado,08,315397,4464
2020-12-22,Connecticut,09,168960,5703
2020-12-22,Delaware,10,51623,872
2020-12-22,District of Columbia,11,26900,744
2020-12-22,Florida,12,1223007,20753
2020-12-22,Georgia,13,579957,10135
2020-12-22,Guam,66,8180,121
2020-12-22,Hawaii,15,20487,280
2020-12-22,Idaho,16,132950,1317
2020-12-22,Illinois,17,913265,16677
2020-12-22,Indiana,18,474797,7581
2020-12-22,Iowa,19,270294,3653
2020-12-22,Kansas,20,208109,2448
2020-12-22,Kentucky,21,250089,2739
2020-12-22,Louisiana,22,290960,7158
2020-12-22,Maine,23,19743,303
2020-12-22,Maryland,24,255666,5519
2020-12-22,Massachusetts,25,331174,11804
2020-12-22,Michigan,26,503497,12333
2020-12-22,Minnesota,27,401070,4955
2020-12-22,Mississippi,28,197691,4490
2020-12-22,Missouri,29,393488,5474
2020-12-22,Montana,30,78017,901
2020-12-22,Nebraska,31,159267,1553
2020-12-22,Nevada,32,207351,2832
2020-12-22,New Hampshire,33,38008,656
2020-12-22,New Jersey,34,442274,18326
2020-12-22,New Mexico,35,132075,2203
2020-12-22,New York,36,871155,36300
2020-12-22,North Carolina,37,491242,6342
2020-12-22,North Dakota,38,90459,1244
2020-12-22,Northern Mariana Islands,69,116,2
2020-12-22,Ohio,39,637032,8252
2020-12-22,Oklahoma,40,265620,2240
2020-12-22,Oregon,41,105091,1382
2020-12-22,Pennsylvania,42,577183,14244
2020-12-22,Puerto Rico,72,103527,1391
2020-12-22,Rhode Island,44,81187,1678
2020-12-22,South Carolina,45,278055,4976
2020-12-22,South Dakota,46,95509,1381
2020-12-22,Tennessee,47,519475,6205
2020-12-22,Texas,48,1630886,26363
2020-12-22,Utah,49,255085,1175
2020-12-22,Vermont,50,6608,112
2020-12-22,Virgin Islands,78,1934,23
2020-12-22,Virginia,51,314481,4705
2020-12-22,Washington,53,232204,3214
2020-12-22,West Virginia,54,74737,1171
2020-12-22,Wisconsin,55,497380,4882
2020-12-22,Wyoming,56,42379,373
2020-12-23,Alabama,01,334569,4587
2020-12-23,Alaska,02,44602,189
2020-12-23,Arizona,04,475706,8184
2020-12-23,Arkansas,05,207941,3376
2020-12-23,California,06,2013298,23633
2020-12-23,Colorado,08,318027,4531
2020-12-23,Connecticut,09,170705,5736
2020-12-23,Delaware,10,52235,872
2020-12-23,District of Columbia,11,27226,751
2020-12-23,Florida,12,1234391,20873
2020-12-23,Georgia,13,587472,10193
2020-12-23,Guam,66,8180,121
2020-12-23,Hawaii,15,20582,283
2020-12-23,Idaho,16,134258,1343
2020-12-23,Illinois,17,919992,16846
2020-12-23,Indiana,18,479476,7645
2020-12-23,Iowa,19,272112,3668
2020-12-23,Kansas,20,212871,2507
2020-12-23,Kentucky,21,252978,2774
2020-12-23,Louisiana,22,293934,7226
2020-12-23,Maine,23,20491,311
2020-12-23,Maryland,24,258129,5568
2020-12-23,Massachusetts,25,335988,11887
2020-12-23,Michigan,26,507291,12405
2020-12-23,Minnesota,27,402578,5030
2020-12-23,Mississippi,28,200325,4533
2020-12-23,Missouri,29,396409,5588
2020-12-23,Montana,30,78591,917
2020-12-23,Nebraska,31,160586,1597
2020-12-23,Nevada,32,210319,2885
2020-12-23,New Hampshire,33,38512,677
2020-12-23,New Jersey,34,447083,18466
2020-12-23,New Mexico,35,133242,2243
2020-12-23,New York,36,882895,36454
2020-12-23,North Carolina,37,497869,6418
2020-12-23,North Dakota,38,90729,1249
2020-12-23,Northern Mariana Islands,69,118,2
2020-12-23,Ohio,39,644822,8361
2020-12-23,Oklahoma,40,269276,2283
2020-12-23,Oregon,41,106020,1409
2020-12-23,Pennsylvania,42,586908,14470
2020-12-23,Puerto Rico,72,104103,1408
2020-12-23,Rhode Island,44,82066,1704
2020-12-23,South Carolina,45,282230,5028
2020-12-23,South Dakota,46,96040,1389
2020-12-23,Tennessee,47,527326,6316
2020-12-23,Texas,48,1651560,26624
2020-12-23,Utah,49,257697,1196
2020-12-23,Vermont,50,6680,117
2020-12-23,Virgin Islands,78,1950,23
2020-12-23,Virginia,51,319133,4760
2020-12-23,Washington,53,234832,3245
2020-12-23,West Virginia,54,75936,1194
2020-12-23,Wisconsin,55,500443,4956
2020-12-23,Wyoming,56,42664,373
2020-12-24,Alabama,01,338801,4676
2020-12-24,Alaska,02,44876,191
2020-12-24,Arizona,04,483502,8301
2020-12-24,Arkansas,05,211145,3406
2020-12-24,California,06,2048014,23944
2020-12-24,Colorado,08,320714,4610
2020-12-24,Connecticut,09,172743,5791
2020-12-24,Delaware,10,53015,888
2020-12-24,District of Columbia,11,27436,756
2020-12-24,Florida,12,1247538,20994
2020-12-24,Georgia,13,597753,10256
2020-12-24,Guam,66,8235,122
2020-12-24,Hawaii,15,20707,283
2020-12-24,Idaho,16,135383,1353
2020-12-24,Illinois,17,926967,16964
2020-12-24,Indiana,18,485681,7730
2020-12-24,Iowa,19,273661,3739
2020-12-24,Kansas,20,212962,2507
2020-12-24,Kentucky,21,253437,2780
2020-12-24,Louisiana,22,296499,7272
2020-12-24,Maine,23,21226,317
2020-12-24,Maryland,24,260994,5627
2020-12-24,Massachusetts,25,341925,11963
2020-12-24,Michigan,26,507545,12406
2020-12-24,Minnesota,27,404462,5109
2020-12-24,Mississippi,28,202651,4556
2020-12-24,Missouri,29,399528,5627
2020-12-24,Montana,30,79066,918
2020-12-24,Nebraska,31,161338,1601
2020-12-24,Nevada,32,212662,2926
2020-12-24,New Hampshire,33,38902,690
2020-12-24,New Jersey,34,451787,18544
2020-12-24,New Mexico,35,135166,2272
2020-12-24,New York,36,896242,36604
2020-12-24,North Carolina,37,498005,6420
2020-12-24,North Dakota,38,90955,1267
2020-12-24,Northern Mariana Islands,69,118,2
2020-12-24,Ohio,39,653650,8456
2020-12-24,Oklahoma,40,272553,2328
2020-12-24,Oregon,41,106822,1417
2020-12-24,Pennsylvania,42,596122,14759
2020-12-24,Puerto Rico,72,104423,1423
2020-12-24,Rhode Island,44,82066,1704
2020-12-24,South Carolina,45,285028,5043
2020-12-24,South Dakota,46,96546,1430
2020-12-24,Tennessee,47,532375,6367
2020-12-24,Texas,48,1659551,26879
2020-12-24,Utah,49,260589,1205
2020-12-24,Vermont,50,6781,120
2020-12-24,Virgin Islands,78,1967,23
2020-12-24,Virginia,51,323915,4791
2020-12-24,Washington,53,237269,3268
2020-12-24,West Virginia,54,77239,1228
2020-12-24,Wisconsin,55,503706,5022
2020-12-24,Wyoming,56,42664,373
2020-12-25,Alabama,01,342426,4680
2020-12-25,Alaska,02,44876,191
2020-12-25,Arizona,04,486993,8409
2020-12-25,Arkansas,05,213267,3438
2020-12-25,California,06,2064763,23964
2020-12-25,Colorado,08,323329,4631
2020-12-25,Connecticut,09,172743,5791
2020-12-25,Delaware,10,53653,891
2020-12-25,District of Columbia,11,27436,756
2020-12-25,Florida,12,1247538,20994
2020-12-25,Georgia,13,603246,10303
2020-12-25,Guam,66,8237,122
2020-12-25,Hawaii,15,20861,283
2020-12-25,Idaho,16,135383,1353
2020-12-25,Illinois,17,932427,17155
2020-12-25,Indiana,18,491125,7770
2020-12-25,Iowa,19,274266,3744
2020-12-25,Kansas,20,213076,2507
2020-12-25,Kentucky,21,253824,2782
2020-12-25,Louisiana,22,296499,7272
2020-12-25,Maine,23,21547,319
2020-12-25,Maryland,24,263326,5659
2020-12-25,Massachusetts,25,341925,11963
2020-12-25,Michigan,26,507687,12406
2020-12-25,Minnesota,27,404462,5109
2020-12-25,Mississippi,28,204178,4562
2020-12-25,Missouri,29,400714,5633
2020-12-25,Montana,30,79066,918
2020-12-25,Nebraska,31,161960,1594
2020-12-25,Nevada,32,214077,2943
2020-12-25,New Hampshire,33,38902,690
2020-12-25,New Jersey,34,456847,18595
2020-12-25,New Mexico,35,136622,2309
2020-12-25,New York,36,909123,36739
2020-12-25,North Carolina,37,498005,6420
2020-12-25,North Dakota,38,91229,1271
2020-12-25,Northern Mariana Islands,69,118,2
2020-12-25,Ohio,39,653650,8456
2020-12-25,Oklahoma,40,272553,2328
2020-12-25,Oregon,41,107833,1431
2020-12-25,Pennsylvania,42,602605,14892
2020-12-25,Puerto Rico,72,105039,1432
2020-12-25,Rhode Island,44,82066,1704
2020-12-25,South Carolina,45,285028,5043
2020-12-25,South Dakota,46,96546,1430
2020-12-25,Tennessee,47,541267,6367
2020-12-25,Texas,48,1661619,27042
2020-12-25,Utah,49,260589,1205
2020-12-25,Vermont,50,6781,120
2020-12-25,Virgin Islands,78,1979,23
2020-12-25,Virginia,51,327993,4820
2020-12-25,Washington,53,237689,3268
2020-12-25,West Virginia,54,78836,1247
2020-12-25,Wisconsin,55,505345,5028
2020-12-25,Wyoming,56,42664,373
2020-12-26,Alabama,01,343458,4685
2020-12-26,Alaska,02,45247,192
2020-12-26,Arizona,04,493277,8424
2020-12-26,Arkansas,05,213969,3441
2020-12-26,California,06,2129749,24221
2020-12-26,Colorado,08,324869,4652
2020-12-26,Connecticut,09,172743,5791
2020-12-26,Delaware,10,54473,895
2020-12-26,District of Columbia,11,27710,762
2020-12-26,Florida,12,1264580,21134
2020-12-26,Georgia,13,607133,10352
2020-12-26,Guam,66,8238,122
2020-12-26,Hawaii,15,20970,283
2020-12-26,Idaho,16,135886,1357
2020-12-26,Illinois,17,935849,17225
2020-12-26,Indiana,18,494967,7801
2020-12-26,Iowa,19,274793,3744
2020-12-26,Kansas,20,213091,2507
2020-12-26,Kentucky,21,257453,2821
2020-12-26,Louisiana,22,296499,7272
2020-12-26,Maine,23,21547,319
2020-12-26,Maryland,24,265606,5680
2020-12-26,Massachusetts,25,349602,12010
2020-12-26,Michigan,26,515022,12680
2020-12-26,Minnesota,27,406604,5166
2020-12-26,Mississippi,28,205023,4565
2020-12-26,Missouri,29,402344,5642
2020-12-26,Montana,30,79521,919
2020-12-26,Nebraska,31,162272,1595
2020-12-26,Nevada,32,216329,2951
2020-12-26,New Hampshire,33,39933,701
2020-12-26,New Jersey,34,460846,18613
2020-12-26,New Mexico,35,137227,2318
2020-12-26,New York,36,920171,36870
2020-12-26,North Carolina,37,514724,6574
2020-12-26,North Dakota,38,91362,1271
2020-12-26,Northern Mariana Islands,69,122,2
2020-12-26,Ohio,39,664668,8476
2020-12-26,Oklahoma,40,276508,2357
2020-12-26,Oregon,41,108348,1431
2020-12-26,Pennsylvania,42,609682,14915
2020-12-26,Puerto Rico,72,106058,1432
2020-12-26,Rhode Island,44,82066,1704
2020-12-26,South Carolina,45,288892,5124
2020-12-26,South Dakota,46,96963,1446
2020-12-26,Tennessee,47,546245,6382
2020-12-26,Texas,48,1667352,27062
2020-12-26,Utah,49,264078,1212
2020-12-26,Vermont,50,6966,121
2020-12-26,Virgin Islands,78,1979,23
2020-12-26,Virginia,51,329577,4840
2020-12-26,Washington,53,240763,3283
2020-12-26,West Virginia,54,80177,1253
2020-12-26,Wisconsin,55,506022,5032
2020-12-26,Wyoming,56,43146,373
2020-12-27,Alabama,01,345628,4691
2020-12-27,Alaska,02,45547,192
2020-12-27,Arizona,04,494489,8427
2020-12-27,Arkansas,05,214877,3482
2020-12-27,California,06,2167303,24283
2020-12-27,Colorado,08,326276,4660
2020-12-27,Connecticut,09,172743,5791
2020-12-27,Delaware,10,55057,897
2020-12-27,District of Columbia,11,28202,768
2020-12-27,Florida,12,1271971,21211
2020-12-27,Georgia,13,610574,10356
2020-12-27,Guam,66,8239,122
2020-12-27,Hawaii,15,21064,283
2020-12-27,Idaho,16,136281,1357
2020-12-27,Illinois,17,939671,17336
2020-12-27,Indiana,18,496795,7843
2020-12-27,Iowa,19,275299,3745
2020-12-27,Kansas,20,213173,2507
2020-12-27,Kentucky,21,258820,2845
2020-12-27,Louisiana,22,299722,7291
2020-12-27,Maine,23,21880,323
2020-12-27,Maryland,24,267455,5712
2020-12-27,Massachusetts,25,352736,12110
2020-12-27,Michigan,26,515114,12680
2020-12-27,Minnesota,27,409120,5206
2020-12-27,Mississippi,28,206388,4606
2020-12-27,Missouri,29,404201,5656
2020-12-27,Montana,30,79780,924
2020-12-27,Nebraska,31,162886,1595
2020-12-27,Nevada,32,217653,2965
2020-12-27,New Hampshire,33,40809,708
2020-12-27,New Jersey,34,463166,18630
2020-12-27,New Mexico,35,137968,2348
2020-12-27,New York,36,928376,37000
2020-12-27,North Carolina,37,517449,6592
2020-12-27,North Dakota,38,91472,1273
2020-12-27,Northern Mariana Islands,69,122,2
2020-12-27,Ohio,39,670525,8509
2020-12-27,Oklahoma,40,279139,2370
2020-12-27,Oregon,41,109734,1436
2020-12-27,Pennsylvania,42,614303,15040
2020-12-27,Puerto Rico,72,106842,1445
2020-12-27,Rhode Island,44,82066,1704
2020-12-27,South Carolina,45,296179,5155
2020-12-27,South Dakota,46,97390,1446
2020-12-27,Tennessee,47,549299,6451
2020-12-27,Texas,48,1690021,27110
2020-12-27,Utah,49,264874,1214
2020-12-27,Vermont,50,7029,127
2020-12-27,Virgin Islands,78,1979,23
2020-12-27,Virginia,51,333576,4854
2020-12-27,Washington,53,241036,3283
2020-12-27,West Virginia,54,80710,1254
2020-12-27,Wisconsin,55,508580,5042
2020-12-27,Wyoming,56,43200,373
2020-12-28,Alabama,01,347897,4712
2020-12-28,Alaska,02,45674,192
2020-12-28,Arizona,04,504616,8469
2020-12-28,Arkansas,05,216528,3537
2020-12-28,California,06,2209024,24529
2020-12-28,Colorado,08,328249,4699
2020-12-28,Connecticut,09,181200,5904
2020-12-28,Delaware,10,55488,898
2020-12-28,District of Columbia,11,28342,771
2020-12-28,Florida,12,1280169,21307
2020-12-28,Georgia,13,614716,10363
2020-12-28,Guam,66,8250,122
2020-12-28,Hawaii,15,21109,283
2020-12-28,Idaho,16,137449,1381
2020-12-28,Illinois,17,944402,17476
2020-12-28,Indiana,18,499256,7886
2020-12-28,Iowa,19,276649,3745
2020-12-28,Kansas,20,219095,2548
2020-12-28,Kentucky,21,261009,2871
2020-12-28,Louisiana,22,300539,7336
2020-12-28,Maine,23,22319,326
2020-12-28,Maryland,24,269442,5740
2020-12-28,Massachusetts,25,356934,12158
2020-12-28,Michigan,26,518788,12744
2020-12-28,Minnesota,27,410197,5219
2020-12-28,Mississippi,28,208089,4634
2020-12-28,Missouri,29,407193,5668
2020-12-28,Montana,30,80080,927
2020-12-28,Nebraska,31,163903,1625
2020-12-28,Nevada,32,218653,2973
2020-12-28,New Hampshire,33,41670,715
2020-12-28,New Jersey,34,465910,18651
2020-12-28,New Mexico,35,138659,2384
2020-12-28,New York,36,938710,37118
2020-12-28,North Carolina,37,521990,6601
2020-12-28,North Dakota,38,91565,1277
2020-12-28,Northern Mariana Islands,69,122,2
2020-12-28,Ohio,39,675044,8571
2020-12-28,Oklahoma,40,282587,2383
2020-12-28,Oregon,41,110303,1438
2020-12-28,Pennsylvania,42,619425,15114
2020-12-28,Puerto Rico,72,107273,1456
2020-12-28,Rhode Island,44,85602,1742
2020-12-28,South Carolina,45,298050,5173
2020-12-28,South Dakota,46,97658,1446
2020-12-28,Tennessee,47,552794,6524
2020-12-28,Texas,48,1710489,27245
2020-12-28,Utah,49,266590,1223
2020-12-28,Vermont,50,7120,129
2020-12-28,Virgin Islands,78,1979,23
2020-12-28,Virginia,51,336175,4861
2020-12-28,Washington,53,243547,3300
2020-12-28,West Virginia,54,81436,1263
2020-12-28,Wisconsin,55,510137,5065
2020-12-28,Wyoming,56,43704,405
2020-12-29,Alabama,01,351804,4737
2020-12-29,Alaska,02,45856,193
2020-12-29,Arizona,04,510548,8647
2020-12-29,Arkansas,05,219246,3603
2020-12-29,California,06,2243191,24954
2020-12-29,Colorado,08,330118,4758
2020-12-29,Connecticut,09,181967,5924
2020-12-29,Delaware,10,56189,898
2020-12-29,District of Columbia,11,28535,775
2020-12-29,Florida,12,1292244,21408
2020-12-29,Georgia,13,623901,10439
2020-12-29,Guam,66,8262,122
2020-12-29,Hawaii,15,21180,283
2020-12-29,Idaho,16,138909,1396
2020-12-29,Illinois,17,950122,17606
2020-12-29,Indiana,18,503242,8051
2020-12-29,Iowa,19,278310,3812
2020-12-29,Kansas,20,219415,2548
2020-12-29,Kentucky,21,264150,2903
2020-12-29,Louisiana,22,304485,7397
2020-12-29,Maine,23,22909,333
2020-12-29,Maryland,24,271267,5803
2020-12-29,Massachusetts,25,361079,12218
2020-12-29,Michigan,26,522563,12956
2020-12-29,Minnesota,27,411169,5255
2020-12-29,Mississippi,28,210032,4719
2020-12-29,Missouri,29,410334,5766
2020-12-29,Montana,30,80516,939
2020-12-29,Nebraska,31,164892,1641
2020-12-29,Nevada,32,220378,3035
2020-12-29,New Hampshire,33,42697,735
2020-12-29,New Jersey,34,469567,18777
2020-12-29,New Mexico,35,139908,2405
2020-12-29,New York,36,950730,37256
2020-12-29,North Carolina,37,526439,6630
2020-12-29,North Dakota,38,91836,1283
2020-12-29,Northern Mariana Islands,69,122,2
2020-12-29,Ohio,39,682570,8722
2020-12-29,Oklahoma,40,283781,2405
2020-12-29,Oregon,41,111258,1457
2020-12-29,Pennsylvania,42,628083,15389
2020-12-29,Puerto Rico,72,109405,1460
2020-12-29,Rhode Island,44,86789,1760
2020-12-29,South Carolina,45,300602,5198
2020-12-29,South Dakota,46,98158,1446
2020-12-29,Tennessee,47,557554,6647
2020-12-29,Texas,48,1734268,27499
2020-12-29,Utah,49,269326,1238
2020-12-29,Vermont,50,7202,130
2020-12-29,Virgin Islands,78,1979,23
2020-12-29,Virginia,51,340297,4920
2020-12-29,Washington,53,245692,3433
2020-12-29,West Virginia,54,82773,1284
2020-12-29,Wisconsin,55,513056,5157
2020-12-29,Wyoming,56,43923,405
2020-12-30,Alabama,01,356820,4774
2020-12-30,Alaska,02,46241,195
2020-12-30,Arizona,04,515366,8726
2020-12-30,Arkansas,05,222430,3637
2020-12-30,California,06,2275565,25391
2020-12-30,Colorado,08,332686,4822
2020-12-30,Connecticut,09,183663,5964
2020-12-30,Delaware,10,56596,921
2020-12-30,District of Columbia,11,28758,780
2020-12-30,Florida,12,1306115,21545
2020-12-30,Georgia,13,632861,10503
2020-12-30,Guam,66,8277,122
2020-12-30,Hawaii,15,21284,283
2020-12-30,Idaho,16,140150,1409
2020-12-30,Illinois,17,957853,17813
2020-12-30,Indiana,18,507979,8160
2020-12-30,Iowa,19,280067,3822
2020-12-30,Kansas,20,225361,2741
2020-12-30,Kentucky,21,267990,2943
2020-12-30,Louisiana,22,311229,7448
2020-12-30,Maine,23,23499,334
2020-12-30,Maryland,24,273881,5848
2020-12-30,Massachusetts,25,367918,12338
2020-12-30,Michigan,26,526401,13008
2020-12-30,Minnesota,27,413166,5321
2020-12-30,Mississippi,28,213055,4747
2020-12-30,Missouri,29,413764,5846
2020-12-30,Montana,30,81352,950
2020-12-30,Nebraska,31,166385,1651
2020-12-30,Nevada,32,223033,3081
2020-12-30,New Hampshire,33,43242,741
2020-12-30,New Jersey,34,474285,18952
2020-12-30,New Mexico,35,141219,2438
2020-12-30,New York,36,963647,37412
2020-12-30,North Carolina,37,535120,6780
2020-12-30,North Dakota,38,92208,1289
2020-12-30,Northern Mariana Islands,69,122,2
2020-12-30,Ohio,39,690748,8855
2020-12-30,Oklahoma,40,287030,2453
2020-12-30,Oregon,41,112301,1478
2020-12-30,Pennsylvania,42,636710,15718
2020-12-30,Puerto Rico,72,109503,1484
2020-12-30,Rhode Island,44,87949,1777
2020-12-30,South Carolina,45,303475,5249
2020-12-30,South Dakota,46,98720,1464
2020-12-30,Tennessee,47,566457,6748
2020-12-30,Texas,48,1753686,27821
2020-12-30,Utah,49,271940,1259
2020-12-30,Vermont,50,7276,134
2020-12-30,Virgin Islands,78,2010,23
2020-12-30,Virginia,51,344345,4984
2020-12-30,Washington,53,247455,3486
2020-12-30,West Virginia,54,84225,1318
2020-12-30,Wisconsin,55,516226,5195
2020-12-30,Wyoming,56,44133,405
2020-12-31,Alabama,01,361226,4827
2020-12-31,Alaska,02,46740,198
2020-12-31,Arizona,04,523829,8879
2020-12-31,Arkansas,05,225138,3676
2020-12-31,California,06,2307860,25965
2020-12-31,Colorado,08,335579,4879
2020-12-31,Connecticut,09,185708,5995
2020-12-31,Delaware,10,57456,926
2020-12-31,District of Columbia,11,28983,786
2020-12-31,Florida,12,1323307,21672
2020-12-31,Georgia,13,644065,10588
2020-12-31,Guam,66,8286,123
2020-12-31,Hawaii,15,21459,286
2020-12-31,Idaho,16,141388,1438
2020-12-31,Illinois,17,965840,17979
2020-12-31,Indiana,18,514455,8263
2020-12-31,Iowa,19,281712,3891
2020-12-31,Kansas,20,225455,2741
2020-12-31,Kentucky,21,268828,2956
2020-12-31,Louisiana,22,315275,7488
2020-12-31,Maine,23,24201,347
2020-12-31,Maryland,24,276834,5895
2020-12-31,Massachusetts,25,375178,12423
2020-12-31,Michigan,26,526668,13010
2020-12-31,Minnesota,27,415361,5382
2020-12-31,Mississippi,28,215811,4787
2020-12-31,Missouri,29,418637,5887
2020-12-31,Montana,30,81701,962
2020-12-31,Nebraska,31,167795,1690
2020-12-31,Nevada,32,225165,3136
2020-12-31,New Hampshire,33,44028,759
2020-12-31,New Jersey,34,479381,19042
2020-12-31,New Mexico,35,142897,2479
2020-12-31,New York,36,979040,37557
2020-12-31,North Carolina,37,541070,6811
2020-12-31,North Dakota,38,92502,1299
2020-12-31,Northern Mariana Islands,69,122,2
2020-12-31,Ohio,39,700380,8962
2020-12-31,Oklahoma,40,290936,2489
2020-12-31,Oregon,41,113929,1485
2020-12-31,Pennsylvania,42,646060,16020
2020-12-31,Puerto Rico,72,109906,1503
2020-12-31,Rhode Island,44,87949,1777
2020-12-31,South Carolina,45,307507,5296
2020-12-31,South Dakota,46,99164,1488
2020-12-31,Tennessee,47,572579,6846
2020-12-31,Texas,48,1770527,28155
2020-12-31,Utah,49,276612,1270
2020-12-31,Vermont,50,7412,136
2020-12-31,Virgin Islands,78,2031,23
2020-12-31,Virginia,51,349584,5032
2020-12-31,Washington,53,251064,3523
2020-12-31,West Virginia,54,85334,1338
2020-12-31,Wisconsin,55,520438,5245
2020-12-31,Wyoming,56,44409,438
2021-01-01,Alabama,01,365747,4872
2021-01-01,Alaska,02,46740,198
2021-01-01,Arizona,04,530267,9015
2021-01-01,Arkansas,05,229442,3711
2021-01-01,California,06,2345811,26236
2021-01-01,Colorado,08,338357,4936
2021-01-01,Connecticut,09,185708,5995
2021-01-01,Delaware,10,58064,930
2021-01-01,District of Columbia,11,29252,788
2021-01-01,Florida,12,1323307,21672
2021-01-01,Georgia,13,654950,10610
2021-01-01,Guam,66,8295,123
2021-01-01,Hawaii,15,21736,287
2021-01-01,Idaho,16,141388,1438
2021-01-01,Illinois,17,966287,17979
2021-01-01,Indiana,18,520750,8371
2021-01-01,Iowa,19,282980,3898
2021-01-01,Kansas,20,230352,2879
2021-01-01,Kentucky,21,269470,2956
2021-01-01,Louisiana,22,315275,7488
2021-01-01,Maine,23,24201,347
2021-01-01,Maryland,24,280387,5942
2021-01-01,Massachusetts,25,375178,12423
2021-01-01,Michigan,26,526845,13011
2021-01-01,Minnesota,27,415361,5382
2021-01-01,Mississippi,28,218386,4816
2021-01-01,Missouri,29,421217,5906
2021-01-01,Montana,30,81701,962
2021-01-01,Nebraska,31,168567,1707
2021-01-01,Nevada,32,227046,3146
2021-01-01,New Hampshire,33,44028,759
2021-01-01,New Jersey,34,484882,19160
2021-01-01,New Mexico,35,144142,2504
2021-01-01,New York,36,996073,37733
2021-01-01,North Carolina,37,543976,6819
2021-01-01,North Dakota,38,92777,1316
2021-01-01,Northern Mariana Islands,69,122,2
2021-01-01,Ohio,39,700380,8962
2021-01-01,Oklahoma,40,290936,2489
2021-01-01,Oregon,41,115377,1501
2021-01-01,Pennsylvania,42,652952,16247
2021-01-01,Puerto Rico,72,110669,1521
2021-01-01,Rhode Island,44,87949,1777
2021-01-01,South Carolina,45,307507,5296
2021-01-01,South Dakota,46,99164,1488
2021-01-01,Tennessee,47,572579,6846
2021-01-01,Texas,48,1778306,28434
2021-01-01,Utah,49,276612,1273
2021-01-01,Vermont,50,7412,136
2021-01-01,Virgin Islands,78,2036,23
2021-01-01,Virginia,51,354766,5081
2021-01-01,Washington,53,251585,3523
2021-01-01,West Virginia,54,87820,1361
2021-01-01,Wisconsin,55,522523,5257
2021-01-01,Wyoming,56,44409,438
2021-01-02,Alabama,01,369458,4872
2021-01-02,Alaska,02,47549,207
2021-01-02,Arizona,04,539162,9061
2021-01-02,Arkansas,05,231442,3729
2021-01-02,California,06,2398005,26542
2021-01-02,Colorado,08,340454,4976
2021-01-02,Connecticut,09,190120,6099
2021-01-02,Delaware,10,58873,930
2021-01-02,District of Columbia,11,29509,792
2021-01-02,Florida,12,1354825,21889
2021-01-02,Georgia,13,662077,10612
2021-01-02,Guam,66,8295,124
2021-01-02,Hawaii,15,21895,287
2021-01-02,Idaho,16,142290,1451
2021-01-02,Illinois,17,977677,18217
2021-01-02,Indiana,18,526065,8410
2021-01-02,Iowa,19,283895,3946
2021-01-02,Kansas,20,230352,2879
2021-01-02,Kentucky,21,275803,2999
2021-01-02,Louisiana,22,315275,7488
2021-01-02,Maine,23,25245,358
2021-01-02,Maryland,24,283339,5967
2021-01-02,Massachusetts,25,384181,12502
2021-01-02,Michigan,26,535355,13296
2021-01-02,Minnesota,27,417891,5436
2021-01-02,Mississippi,28,220277,4840
2021-01-02,Missouri,29,423894,5910
2021-01-02,Montana,30,81991,971
2021-01-02,Nebraska,31,169330,1708
2021-01-02,Nevada,32,229601,3158
2021-01-02,New Hampshire,33,45184,769
2021-01-02,New Jersey,34,490393,19187
2021-01-02,New Mexico,35,145379,2536
2021-01-02,New York,36,1011922,37854
2021-01-02,North Carolina,37,559942,6933
2021-01-02,North Dakota,38,92898,1317
2021-01-02,Northern Mariana Islands,69,122,2
2021-01-02,Ohio,39,714673,9017
2021-01-02,Oklahoma,40,296055,2527
2021-01-02,Oregon,41,116348,1503
2021-01-02,Pennsylvania,42,661731,16270
2021-01-02,Puerto Rico,72,111547,1526
2021-01-02,Rhode Island,44,87949,1777
2021-01-02,South Carolina,45,312718,5385
2021-01-02,South Dakota,46,99829,1501
2021-01-02,Tennessee,47,589406,6908
2021-01-02,Texas,48,1792363,28508
2021-01-02,Utah,49,281747,1294
2021-01-02,Vermont,50,7689,139
2021-01-02,Virgin Islands,78,2042,23
2021-01-02,Virginia,51,358755,5117
2021-01-02,Washington,53,253290,3524
2021-01-02,West Virginia,54,89327,1373
2021-01-02,Wisconsin,55,523652,5259
2021-01-02,Wyoming,56,44573,438
2021-01-03,Alabama,01,371934,4873
2021-01-03,Alaska,02,47846,207
2021-01-03,Arizona,04,556384,9061
2021-01-03,Arkansas,05,233475,3749
2021-01-03,California,06,2433916,26635
2021-01-03,Colorado,08,342494,4997
2021-01-03,Connecticut,09,190120,6099
2021-01-03,Delaware,10,59484,930
2021-01-03,District of Columbia,11,29764,794
2021-01-03,Florida,12,1365428,21986
2021-01-03,Georgia,13,667705,10616
2021-01-03,Guam,66,8296,124
2021-01-03,Hawaii,15,22017,287
2021-01-03,Idaho,16,142568,1451
2021-01-03,Illinois,17,982105,18322
2021-01-03,Indiana,18,529054,8475
2021-01-03,Iowa,19,284715,3946
2021-01-03,Kansas,20,230352,2879
2021-01-03,Kentucky,21,278478,3013
2021-01-03,Louisiana,22,321058,7537
2021-01-03,Maine,23,25592,359
2021-01-03,Maryland,24,285487,5994
2021-01-03,Massachusetts,25,387662,12610
2021-01-03,Michigan,26,535582,13296
2021-01-03,Minnesota,27,420603,5489
2021-01-03,Mississippi,28,222061,4871
2021-01-03,Missouri,29,426489,5928
2021-01-03,Montana,30,82381,972
2021-01-03,Nebraska,31,170037,1708
2021-01-03,Nevada,32,231869,3195
2021-01-03,New Hampshire,33,46450,780
2021-01-03,New Jersey,34,494063,19208
2021-01-03,New Mexico,35,146394,2553
2021-01-03,New York,36,1024154,38001
2021-01-03,North Carolina,37,565260,6963
2021-01-03,North Dakota,38,93048,1317
2021-01-03,Northern Mariana Islands,69,122,2
2021-01-03,Ohio,39,721481,9076
2021-01-03,Oklahoma,40,304072,2547
2021-01-03,Oregon,41,117745,1510
2021-01-03,Pennsylvania,42,666207,16324
2021-01-03,Puerto Rico,72,111784,1545
2021-01-03,Rhode Island,44,87949,1777
2021-01-03,South Carolina,45,321669,5469
2021-01-03,South Dakota,46,100532,1513
2021-01-03,Tennessee,47,593363,6962
2021-01-03,Texas,48,1808382,28554
2021-01-03,Utah,49,283473,1301
2021-01-03,Vermont,50,7793,140
2021-01-03,Virgin Islands,78,2042,23
2021-01-03,Virginia,51,363765,5124
2021-01-03,Washington,53,258557,3524
2021-01-03,West Virginia,54,91058,1376
2021-01-03,Wisconsin,55,526245,5264
2021-01-03,Wyoming,56,44875,438
2021-01-04,Alabama,01,374095,4878
2021-01-04,Alaska,02,48110,209
2021-01-04,Arizona,04,561542,9064
2021-01-04,Arkansas,05,234781,3800
2021-01-04,California,06,2474639,26995
2021-01-04,Colorado,08,345239,5011
2021-01-04,Connecticut,09,194636,6168
2021-01-04,Delaware,10,60333,937
2021-01-04,District of Columbia,11,29904,797
2021-01-04,Florida,12,1376684,22089
2021-01-04,Georgia,13,672849,10623
2021-01-04,Guam,66,8313,124
2021-01-04,Hawaii,15,22092,287
2021-01-04,Idaho,16,143833,1462
2021-01-04,Illinois,17,987459,18414
2021-01-04,Indiana,18,532671,8514
2021-01-04,Iowa,19,286356,3992
2021-01-04,Kansas,20,234390,2897
2021-01-04,Kentucky,21,282097,3067
2021-01-04,Louisiana,22,322181,7585
2021-01-04,Maine,23,25968,360
2021-01-04,Maryland,24,287970,6027
2021-01-04,Massachusetts,25,392582,12669
2021-01-04,Michigan,26,541158,13381
2021-01-04,Minnesota,27,423747,5502
2021-01-04,Mississippi,28,223677,4884
2021-01-04,Missouri,29,429745,5941
2021-01-04,Montana,30,82753,975
2021-01-04,Nebraska,31,170778,1727
2021-01-04,Nevada,32,233324,3209
2021-01-04,New Hampshire,33,47328,781
2021-01-04,New Jersey,34,545155,19244
2021-01-04,New Mexico,35,147315,2576
2021-01-04,New York,36,1035396,38167
2021-01-04,North Carolina,37,572018,7000
2021-01-04,North Dakota,38,93247,1319
2021-01-04,Northern Mariana Islands,69,122,2
2021-01-04,Ohio,39,727423,9143
2021-01-04,Oklahoma,40,306771,2552
2021-01-04,Oregon,41,118473,1517
2021-01-04,Pennsylvania,42,670769,16394
2021-01-04,Puerto Rico,72,112420,1555
2021-01-04,Rhode Island,44,92708,1855
2021-01-04,South Carolina,45,325472,5484
2021-01-04,South Dakota,46,100643,1513
2021-01-04,Tennessee,47,597201,7101
2021-01-04,Texas,48,1831486,28681
2021-01-04,Utah,49,285633,1307
2021-01-04,Vermont,50,7873,144
2021-01-04,Virgin Islands,78,2042,23
2021-01-04,Virginia,51,367536,5132
2021-01-04,Washington,53,261328,3558
2021-01-04,West Virginia,54,91886,1396
2021-01-04,Wisconsin,55,527871,5273
2021-01-04,Wyoming,56,45247,438
2021-01-05,Alabama,01,379593,4886
2021-01-05,Alaska,02,48302,209
2021-01-05,Arizona,04,571676,9354
2021-01-05,Arkansas,05,238888,3836
2021-01-05,California,06,2511923,27486
2021-01-05,Colorado,08,348483,5058
2021-01-05,Connecticut,09,196968,6192
2021-01-05,Delaware,10,61100,947
2021-01-05,District of Columbia,11,30166,801
2021-01-05,Florida,12,1392115,22187
2021-01-05,Georgia,13,682749,10725
2021-01-05,Guam,66,8326,124
2021-01-05,Hawaii,15,22199,287
2021-01-05,Idaho,16,145134,1474
2021-01-05,Illinois,17,994511,18569
2021-01-05,Indiana,18,536084,8663
2021-01-05,Iowa,19,288298,3999
2021-01-05,Kansas,20,234700,2897
2021-01-05,Kentucky,21,284545,3093
2021-01-05,Louisiana,22,326648,7635
2021-01-05,Maine,23,26565,369
2021-01-05,Maryland,24,289927,6082
2021-01-05,Massachusetts,25,397202,12734
2021-01-05,Michigan,26,544276,13598
2021-01-05,Minnesota,27,425320,5520
2021-01-05,Mississippi,28,225444,4975
2021-01-05,Missouri,29,432830,6123
2021-01-05,Montana,30,83529,1006
2021-01-05,Nebraska,31,172067,1747
2021-01-05,Nevada,32,235710,3246
2021-01-05,New Hampshire,33,47992,792
2021-01-05,New Jersey,34,551419,19382
2021-01-05,New Mexico,35,148499,2596
2021-01-05,New York,36,1048538,38315
2021-01-05,North Carolina,37,578309,7080
2021-01-05,North Dakota,38,93501,1336
2021-01-05,Northern Mariana Islands,69,122,2
2021-01-05,Ohio,39,735003,9247
2021-01-05,Oklahoma,40,308268,2571
2021-01-05,Oregon,41,119508,1550
2021-01-05,Pennsylvania,42,679760,16583
2021-01-05,Puerto Rico,72,112934,1562
2021-01-05,Rhode Island,44,93852,1870
2021-01-05,South Carolina,45,328073,5498
2021-01-05,South Dakota,46,101076,1513
2021-01-05,Tennessee,47,602397,7200
2021-01-05,Texas,48,1862478,28949
2021-01-05,Utah,49,288951,1314
2021-01-05,Vermont,50,8038,149
2021-01-05,Virgin Islands,78,2042,23
2021-01-05,Virginia,51,371913,5191
2021-01-05,Washington,53,263713,3611
2021-01-05,West Virginia,54,93162,1442
2021-01-05,Wisconsin,55,531890,5370
2021-01-05,Wyoming,56,45569,464
2021-01-06,Alabama,01,384184,4994
2021-01-06,Alaska,02,48636,211
2021-01-06,Arizona,04,578623,9467
2021-01-06,Arkansas,05,242593,3901
2021-01-06,California,06,2548830,28040
2021-01-06,Colorado,08,350560,5080
2021-01-06,Connecticut,09,199454,6230
2021-01-06,Delaware,10,61729,947
2021-01-06,District of Columbia,11,30482,806
2021-01-06,Florida,12,1409898,22316
2021-01-06,Georgia,13,690137,10814
2021-01-06,Guam,66,8347,124
2021-01-06,Hawaii,15,22325,297
2021-01-06,Idaho,16,146322,1495
2021-01-06,Illinois,17,1001955,18738
2021-01-06,Indiana,18,542235,8743
2021-01-06,Iowa,19,290776,4060
2021-01-06,Kansas,20,239988,3027
2021-01-06,Kentucky,21,289992,3135
2021-01-06,Louisiana,22,333524,7681
2021-01-06,Maine,23,27090,372
2021-01-06,Maryland,24,293079,6132
2021-01-06,Massachusetts,25,404053,12836
2021-01-06,Michigan,26,548875,13657
2021-01-06,Minnesota,27,427655,5596
2021-01-06,Mississippi,28,228235,5013
2021-01-06,Missouri,29,435687,6167
2021-01-06,Montana,30,84155,1015
2021-01-06,Nebraska,31,173625,1756
2021-01-06,Nevada,32,237775,3301
2021-01-06,New Hampshire,33,48838,816
2021-01-06,New Jersey,34,557271,19523
2021-01-06,New Mexico,35,149984,2643
2021-01-06,New York,36,1064554,38486
2021-01-06,North Carolina,37,584694,7149
2021-01-06,North Dakota,38,93839,1341
2021-01-06,Northern Mariana Islands,69,124,2
2021-01-06,Ohio,39,742817,9368
2021-01-06,Oklahoma,40,311573,2633
2021-01-06,Oregon,41,120243,1571
2021-01-06,Pennsylvania,42,689162,16960
2021-01-06,Puerto Rico,72,113227,1570
2021-01-06,Rhode Island,44,95463,1890
2021-01-06,South Carolina,45,333235,5582
2021-01-06,South Dakota,46,101684,1519
2021-01-06,Tennessee,47,610347,7312
2021-01-06,Texas,48,1887800,29278
2021-01-06,Utah,49,292720,1333
2021-01-06,Vermont,50,8158,152
2021-01-06,Virgin Islands,78,2042,23
2021-01-06,Virginia,51,377300,5226
2021-01-06,Washington,53,265790,3681
2021-01-06,West Virginia,54,94678,1481
2021-01-06,Wisconsin,55,535999,5442
2021-01-06,Wyoming,56,45890,464
2021-01-07,Alabama,01,389230,5080
2021-01-07,Alaska,02,48961,214
2021-01-07,Arizona,04,588383,9764
2021-01-07,Arkansas,05,245916,3926
2021-01-07,California,06,2589250,28554
2021-01-07,Colorado,08,354998,5164
2021-01-07,Connecticut,09,202758,6287
2021-01-07,Delaware,10,62949,949
2021-01-07,District of Columbia,11,30750,808
2021-01-07,Florida,12,1429714,22480
2021-01-07,Georgia,13,699806,10878
2021-01-07,Guam,66,8355,124
2021-01-07,Hawaii,15,22611,297
2021-01-07,Idaho,16,147500,1519
2021-01-07,Illinois,17,1010808,18944
2021-01-07,Indiana,18,549514,8823
2021-01-07,Iowa,19,293189,4065
2021-01-07,Kansas,20,240540,3027
2021-01-07,Kentucky,21,294951,3161
2021-01-07,Louisiana,22,338054,7728
2021-01-07,Maine,23,27625,385
2021-01-07,Maryland,24,296049,6173
2021-01-07,Massachusetts,25,411601,12909
2021-01-07,Michigan,26,553222,13863
2021-01-07,Minnesota,27,429638,5640
2021-01-07,Mississippi,28,231490,5061
2021-01-07,Missouri,29,440563,6238
2021-01-07,Montana,30,84848,1039
2021-01-07,Nebraska,31,174590,1881
2021-01-07,Nevada,32,241144,3349
2021-01-07,New Hampshire,33,49261,827
2021-01-07,New Jersey,34,564750,19646
2021-01-07,New Mexico,35,151819,2682
2021-01-07,New York,36,1082142,38683
2021-01-07,North Carolina,37,595308,7262
2021-01-07,North Dakota,38,94163,1348
2021-01-07,Northern Mariana Islands,69,125,2
2021-01-07,Ohio,39,753068,9462
2021-01-07,Oklahoma,40,315354,2672
2021-01-07,Oregon,41,121087,1577
2021-01-07,Pennsylvania,42,699018,17220
2021-01-07,Puerto Rico,72,113513,1588
2021-01-07,Rhode Island,44,96591,1910
2021-01-07,South Carolina,45,338112,5661
2021-01-07,South Dakota,46,102132,1544
2021-01-07,Tennessee,47,620557,7424
2021-01-07,Texas,48,1910426,29645
2021-01-07,Utah,49,297317,1362
2021-01-07,Vermont,50,8403,155
2021-01-07,Virgin Islands,78,2042,23
2021-01-07,Virginia,51,382679,5275
2021-01-07,Washington,53,269033,3719
2021-01-07,West Virginia,54,96002,1518
2021-01-07,Wisconsin,55,540508,5485
2021-01-07,Wyoming,56,46168,489
2021-01-08,Alabama,01,394287,5191
2021-01-08,Alaska,02,49366,214
2021-01-08,Arizona,04,602146,9970
2021-01-08,Arkansas,05,248860,3966
2021-01-08,California,06,2640221,29228
2021-01-08,Colorado,08,357465,5207
2021-01-08,Connecticut,09,205994,6324
2021-01-08,Delaware,10,63503,957
2021-01-08,District of Columbia,11,31107,809
2021-01-08,Florida,12,1449244,22665
2021-01-08,Georgia,13,712785,10958
2021-01-08,Guam,66,8368,125
2021-01-08,Hawaii,15,22894,301
2021-01-08,Idaho,16,148578,1526
2021-01-08,Illinois,17,1020011,19110
2021-01-08,Indiana,18,555613,8892
2021-01-08,Iowa,19,294762,4124
2021-01-08,Kansas,20,245415,3148
2021-01-08,Kentucky,21,299476,3194
2021-01-08,Louisiana,22,341431,7833
2021-01-08,Maine,23,28407,426
2021-01-08,Maryland,24,299781,6216
2021-01-08,Massachusetts,25,419721,12985
2021-01-08,Michigan,26,557079,13903
2021-01-08,Minnesota,27,432012,5688
2021-01-08,Mississippi,28,233665,5101
2021-01-08,Missouri,29,445310,6276
2021-01-08,Montana,30,85668,1049
2021-01-08,Nebraska,31,175655,1808
2021-01-08,Nevada,32,244103,3409
2021-01-08,New Hampshire,33,50152,846
2021-01-08,New Jersey,34,571771,19756
2021-01-08,New Mexico,35,153456,2712
2021-01-08,New York,36,1101702,38846
2021-01-08,North Carolina,37,605187,7383
2021-01-08,North Dakota,38,94446,1360
2021-01-08,Northern Mariana Islands,69,125,2
2021-01-08,Ohio,39,762603,9544
2021-01-08,Oklahoma,40,320586,2703
2021-01-08,Oregon,41,122847,1590
2021-01-08,Pennsylvania,42,709235,17427
2021-01-08,Puerto Rico,72,115682,1592
2021-01-08,Rhode Island,44,97614,1916
2021-01-08,South Carolina,45,344176,5695
2021-01-08,South Dakota,46,102580,1556
2021-01-08,Tennessee,47,627776,7549
2021-01-08,Texas,48,1934504,30109
2021-01-08,Utah,49,301110,1383
2021-01-08,Vermont,50,8619,156
2021-01-08,Virgin Islands,78,2042,23
2021-01-08,Virginia,51,387917,5312
2021-01-08,Washington,53,273142,3768
2021-01-08,West Virginia,54,97898,1554
2021-01-08,Wisconsin,55,544618,5530
2021-01-08,Wyoming,56,46647,489
2021-01-09,Alabama,01,399150,5299
2021-01-09,Alaska,02,49681,215
2021-01-09,Arizona,04,611900,10083
2021-01-09,Arkansas,05,251746,4010
2021-01-09,California,06,2687450,29699
2021-01-09,Colorado,08,360857,5262
2021-01-09,Connecticut,09,205994,6324
2021-01-09,Delaware,10,64475,969
2021-01-09,District of Columbia,11,31457,813
2021-01-09,Florida,12,1464689,22803
2021-01-09,Georgia,13,724317,11096
2021-01-09,Guam,66,8373,125
2021-01-09,Hawaii,15,23122,305
2021-01-09,Idaho,16,149316,1530
2021-01-09,Illinois,17,1026639,19212
2021-01-09,Indiana,18,561579,8966
2021-01-09,Iowa,19,296171,4127
2021-01-09,Kansas,20,245521,3148
2021-01-09,Kentucky,21,303769,3214
2021-01-09,Louisiana,22,341431,7833
2021-01-09,Maine,23,29019,432
2021-01-09,Maryland,24,303535,6246
2021-01-09,Massachusetts,25,427135,13074
2021-01-09,Michigan,26,559830,14134
2021-01-09,Minnesota,27,434481,5731
2021-01-09,Mississippi,28,236868,5146
2021-01-09,Missouri,29,448586,6309
2021-01-09,Montana,30,86116,1054
2021-01-09,Nebraska,31,176645,1812
2021-01-09,Nevada,32,246659,3457
2021-01-09,New Hampshire,33,50871,862
2021-01-09,New Jersey,34,579182,19854
2021-01-09,New Mexico,35,154954,2734
2021-01-09,New York,36,1119541,39041
2021-01-09,North Carolina,37,614715,7468
2021-01-09,North Dakota,38,94566,1360
2021-01-09,Northern Mariana Islands,69,125,2
2021-01-09,Ohio,39,770977,9599
2021-01-09,Oklahoma,40,324875,2738
2021-01-09,Oregon,41,124476,1607
2021-01-09,Pennsylvania,42,718642,17681
2021-01-09,Puerto Rico,72,116245,1616
2021-01-09,Rhode Island,44,97614,1916
2021-01-09,South Carolina,45,350084,5758
2021-01-09,South Dakota,46,102901,1570
2021-01-09,Tennessee,47,634222,7634
2021-01-09,Texas,48,1952047,30441
2021-01-09,Utah,49,303723,1392
2021-01-09,Vermont,50,8790,156
2021-01-09,Virgin Islands,78,2042,23
2021-01-09,Virginia,51,393715,5381
2021-01-09,Washington,53,275832,3775
2021-01-09,West Virginia,54,99778,1570
2021-01-09,Wisconsin,55,548134,5568
2021-01-09,Wyoming,56,46719,489
2021-01-10,Alabama,01,401900,5334
2021-01-10,Alaska,02,49935,215
2021-01-10,Arizona,04,618546,10141
2021-01-10,Arkansas,05,255076,4043
2021-01-10,California,06,2729858,30000
2021-01-10,Colorado,08,363019,5279
2021-01-10,Connecticut,09,205994,6324
2021-01-10,Delaware,10,65273,972
2021-01-10,District of Columbia,11,31791,817
2021-01-10,Florida,12,1477002,22911
2021-01-10,Georgia,13,732121,11097
2021-01-10,Guam,66,8381,125
2021-01-10,Hawaii,15,23300,306
2021-01-10,Idaho,16,149742,1536
2021-01-10,Illinois,17,1031288,19295
2021-01-10,Indiana,18,566670,8985
2021-01-10,Iowa,19,296682,4138
2021-01-10,Kansas,20,245529,3148
2021-01-10,Kentucky,21,306823,3224
2021-01-10,Louisiana,22,346829,7873
2021-01-10,Maine,23,29298,432
2021-01-10,Maryland,24,306853,6272
2021-01-10,Massachusetts,25,432791,13151
2021-01-10,Michigan,26,559886,14134
2021-01-10,Minnesota,27,436640,5775
2021-01-10,Mississippi,28,239082,5167
2021-01-10,Missouri,29,450886,6316
2021-01-10,Montana,30,86324,1056
2021-01-10,Nebraska,31,177001,1815
2021-01-10,Nevada,32,248758,3470
2021-01-10,New Hampshire,33,51600,869
2021-01-10,New Jersey,34,584828,19886
2021-01-10,New Mexico,35,156157,2751
2021-01-10,New York,36,1135849,39208
2021-01-10,North Carolina,37,623503,7609
2021-01-10,North Dakota,38,94724,1360
2021-01-10,Northern Mariana Islands,69,125,2
2021-01-10,Ohio,39,777065,9627
2021-01-10,Oklahoma,40,331362,2761
2021-01-10,Oregon,41,125683,1607
2021-01-10,Pennsylvania,42,725506,17780
2021-01-10,Puerto Rico,72,116734,1630
2021-01-10,Rhode Island,44,97614,1916
2021-01-10,South Carolina,45,354525,5811
2021-01-10,South Dakota,46,103318,1585
2021-01-10,Tennessee,47,641123,7715
2021-01-10,Texas,48,1966081,30599
2021-01-10,Utah,49,305999,1393
2021-01-10,Vermont,50,8967,156
2021-01-10,Virgin Islands,78,2042,23
2021-01-10,Virginia,51,398856,5383
2021-01-10,Washington,53,276333,3776
2021-01-10,West Virginia,54,101212,1582
2021-01-10,Wisconsin,55,550260,5571
2021-01-10,Wyoming,56,46832,489
2021-01-11,Alabama,01,404000,5347
2021-01-11,Alaska,02,50111,215
2021-01-11,Arizona,04,627771,10147
2021-01-11,Arkansas,05,256344,4081
2021-01-11,California,06,2770482,30381
2021-01-11,Colorado,08,364815,5291
2021-01-11,Connecticut,09,213358,6416
2021-01-11,Delaware,10,65827,986
2021-01-11,District of Columbia,11,31993,821
2021-01-11,Florida,12,1488578,23070
2021-01-11,Georgia,13,740078,11113
2021-01-11,Guam,66,8392,125
2021-01-11,Hawaii,15,23462,306
2021-01-11,Idaho,16,150557,1552
2021-01-11,Illinois,17,1036450,19365
2021-01-11,Indiana,18,570355,9016
2021-01-11,Iowa,19,297774,4139
2021-01-11,Kansas,20,250421,3255
2021-01-11,Kentucky,21,309414,3247
2021-01-11,Louisiana,22,348234,7918
2021-01-11,Maine,23,29611,438
2021-01-11,Maryland,24,309874,6301
2021-01-11,Massachusetts,25,437042,13206
2021-01-11,Michigan,26,565231,14183
2021-01-11,Minnesota,27,437620,5779
2021-01-11,Mississippi,28,240309,5186
2021-01-11,Missouri,29,459493,6336
2021-01-11,Montana,30,86757,1057
2021-01-11,Nebraska,31,177655,1835
2021-01-11,Nevada,32,250471,3503
2021-01-11,New Hampshire,33,52307,869
2021-01-11,New Jersey,34,590165,19932
2021-01-11,New Mexico,35,157087,2766
2021-01-11,New York,36,1150028,39404
2021-01-11,North Carolina,37,631345,7635
2021-01-11,North Dakota,38,94838,1360
2021-01-11,Northern Mariana Islands,69,125,2
2021-01-11,Ohio,39,784957,9702
2021-01-11,Oklahoma,40,335247,2775
2021-01-11,Oregon,41,126607,1628
2021-01-11,Pennsylvania,42,731967,17861
2021-01-11,Puerto Rico,72,117083,1642
2021-01-11,Rhode Island,44,100607,1947
2021-01-11,South Carolina,45,357654,5826
2021-01-11,South Dakota,46,103499,1585
2021-01-11,Tennessee,47,645378,7795
2021-01-11,Texas,48,1989821,30720
2021-01-11,Utah,49,307502,1400
2021-01-11,Vermont,50,9078,156
2021-01-11,Virgin Islands,78,2042,23
2021-01-11,Virginia,51,403386,5393
2021-01-11,Washington,53,281071,3793
2021-01-11,West Virginia,54,102282,1594
2021-01-11,Wisconsin,55,551942,5576
2021-01-11,Wyoming,56,47395,489
2021-01-12,Alabama,01,407848,5573
2021-01-12,Alaska,02,50243,216
2021-01-12,Arizona,04,638739,10537
2021-01-12,Arkansas,05,259553,4121
2021-01-12,California,06,2816366,31105
2021-01-12,Colorado,08,366385,5326
2021-01-12,Connecticut,09,217047,6449
2021-01-12,Delaware,10,66446,991
2021-01-12,District of Columbia,11,32423,825
2021-01-12,Florida,12,1503474,23226
2021-01-12,Georgia,13,749417,11297
2021-01-12,Guam,66,8398,125
2021-01-12,Hawaii,15,23570,306
2021-01-12,Idaho,16,151474,1563
2021-01-12,Illinois,17,1043041,19497
2021-01-12,Indiana,18,573505,9104
2021-01-12,Iowa,19,299254,4222
2021-01-12,Kansas,20,250646,3255
2021-01-12,Kentucky,21,312316,3284
2021-01-12,Louisiana,22,352939,7971
2021-01-12,Maine,23,30326,449
2021-01-12,Maryland,24,312534,6367
2021-01-12,Massachusetts,25,442529,13273
2021-01-12,Michigan,26,567901,14286
2021-01-12,Minnesota,27,438935,5792
2021-01-12,Mississippi,28,241957,5284
2021-01-12,Missouri,29,462085,6495
2021-01-12,Montana,30,87179,1067
2021-01-12,Nebraska,31,178690,1859
2021-01-12,Nevada,32,253100,3551
2021-01-12,New Hampshire,33,53148,878
2021-01-12,New Jersey,34,594751,20039
2021-01-12,New Mexico,35,157974,2796
2021-01-12,New York,36,1164819,39588
2021-01-12,North Carolina,37,636681,7687
2021-01-12,North Dakota,38,94976,1363
2021-01-12,Northern Mariana Islands,69,128,2
2021-01-12,Ohio,39,792938,9802
2021-01-12,Oklahoma,40,337457,2804
2021-01-12,Oregon,41,127791,1669
2021-01-12,Pennsylvania,42,739212,18091
2021-01-12,Puerto Rico,72,118042,1645
2021-01-12,Rhode Island,44,101393,1970
2021-01-12,South Carolina,45,359357,5860
2021-01-12,South Dakota,46,103743,1585
2021-01-12,Tennessee,47,649227,7941
2021-01-12,Texas,48,2017036,31017
2021-01-12,Utah,49,309629,1422
2021-01-12,Vermont,50,9247,158
2021-01-12,Virgin Islands,78,2166,24
2021-01-12,Virginia,51,407947,5477
2021-01-12,Washington,53,283363,3869
2021-01-12,West Virginia,54,103203,1634
2021-01-12,Wisconsin,55,555249,5635
2021-01-12,Wyoming,56,48072,522
2021-01-13,Alabama,01,410995,5760
2021-01-13,Alaska,02,50526,217
2021-01-13,Arizona,04,643683,10689
2021-01-13,Arkansas,05,262020,4186
2021-01-13,California,06,2858041,31653
2021-01-13,Colorado,08,368775,5354
2021-01-13,Connecticut,09,220576,6536
2021-01-13,Delaware,10,67173,994
2021-01-13,District of Columbia,11,32600,831
2021-01-13,Florida,12,1517464,23395
2021-01-13,Georgia,13,757993,11435
2021-01-13,Guam,66,8413,125
2021-01-13,Hawaii,15,23663,309
2021-01-13,Idaho,16,152560,1576
2021-01-13,Illinois,17,1048784,19619
2021-01-13,Indiana,18,577153,9163
2021-01-13,Iowa,19,301161,4232
2021-01-13,Kansas,20,255200,3355
2021-01-13,Kentucky,21,316673,3324
2021-01-13,Louisiana,22,355835,8022
2021-01-13,Maine,23,31150,453
2021-01-13,Maryland,24,315055,6404
2021-01-13,Massachusetts,25,448447,13359
2021-01-13,Michigan,26,571014,14325
2021-01-13,Minnesota,27,440422,5842
2021-01-13,Mississippi,28,243899,5315
2021-01-13,Missouri,29,464620,6538
2021-01-13,Montana,30,87759,1069
2021-01-13,Nebraska,31,180160,1870
2021-01-13,Nevada,32,254043,3596
2021-01-13,New Hampshire,33,54125,885
2021-01-13,New Jersey,34,602629,20166
2021-01-13,New Mexico,35,159119,2809
2021-01-13,New York,36,1179523,39760
2021-01-13,North Carolina,37,642003,7796
2021-01-13,North Dakota,38,95142,1364
2021-01-13,Northern Mariana Islands,69,128,2
2021-01-13,Ohio,39,799639,9881
2021-01-13,Oklahoma,40,341364,2848
2021-01-13,Oregon,41,129109,1716
2021-01-13,Pennsylvania,42,747245,18458
2021-01-13,Puerto Rico,72,118254,1659
2021-01-13,Rhode Island,44,102485,1987
2021-01-13,South Carolina,45,365378,5911
2021-01-13,South Dakota,46,104195,1604
2021-01-13,Tennessee,47,653568,8072
2021-01-13,Texas,48,2040144,31396
2021-01-13,Utah,49,314817,1449
2021-01-13,Vermont,50,9368,158
2021-01-13,Virgin Islands,78,2166,24
2021-01-13,Virginia,51,412545,5552
2021-01-13,Washington,53,285690,3909
2021-01-13,West Virginia,54,104392,1671
2021-01-13,Wisconsin,55,558020,5679
2021-01-13,Wyoming,56,48289,522
2021-01-14,Alabama,01,414583,5945
2021-01-14,Alaska,02,50861,219
2021-01-14,Arizona,04,653546,10876
2021-01-14,Arkansas,05,264511,4228
2021-01-14,California,06,2898756,32246
2021-01-14,Colorado,08,371362,5385
2021-01-14,Connecticut,09,221544,6553
2021-01-14,Delaware,10,68065,995
2021-01-14,District of Columbia,11,32820,842
2021-01-14,Florida,12,1531184,23612
2021-01-14,Georgia,13,766917,11599
2021-01-14,Guam,66,8426,125
2021-01-14,Hawaii,15,23827,315
2021-01-14,Idaho,16,153506,1593
2021-01-14,Illinois,17,1055550,19728
2021-01-14,Indiana,18,581534,9202
2021-01-14,Iowa,19,302559,4251
2021-01-14,Kansas,20,255393,3355
2021-01-14,Kentucky,21,320466,3373
2021-01-14,Louisiana,22,361148,8080
2021-01-14,Maine,23,31958,461
2021-01-14,Maryland,24,318002,6449
2021-01-14,Massachusetts,25,454402,13433
2021-01-14,Michigan,26,574675,14500
2021-01-14,Minnesota,27,442003,5885
2021-01-14,Mississippi,28,245847,5356
2021-01-14,Missouri,29,467633,6590
2021-01-14,Montana,30,88190,1079
2021-01-14,Nebraska,31,181091,1885
2021-01-14,Nevada,32,256463,3664
2021-01-14,New Hampshire,33,54778,897
2021-01-14,New Jersey,34,609721,20253
2021-01-14,New Mexico,35,160543,2838
2021-01-14,New York,36,1193710,39997
2021-01-14,North Carolina,37,650815,7888
2021-01-14,North Dakota,38,95385,1372
2021-01-14,Northern Mariana Islands,69,128,2
2021-01-14,Ohio,39,807293,9990
2021-01-14,Oklahoma,40,344506,2882
2021-01-14,Oregon,41,130246,1737
2021-01-14,Pennsylvania,42,754441,18752
2021-01-14,Puerto Rico,72,118431,1679
2021-01-14,Rhode Island,44,103386,1996
2021-01-14,South Carolina,45,371180,5934
2021-01-14,South Dakota,46,104512,1614
2021-01-14,Tennessee,47,658431,8155
2021-01-14,Texas,48,2070044,31819
2021-01-14,Utah,49,317559,1461
2021-01-14,Vermont,50,9573,162
2021-01-14,Virgin Islands,78,2166,24
2021-01-14,Virginia,51,417839,5626
2021-01-14,Washington,53,288127,3949
2021-01-14,West Virginia,54,105219,1702
2021-01-14,Wisconsin,55,561160,5729
2021-01-14,Wyoming,56,48701,522
2021-01-15,Alabama,01,417528,6030
2021-01-15,Alaska,02,51163,220
2021-01-15,Arizona,04,662597,11060
2021-01-15,Arkansas,05,267635,4263
2021-01-15,California,06,2937860,32947
2021-01-15,Colorado,08,373647,5417
2021-01-15,Connecticut,09,223422,6594
2021-01-15,Delaware,10,68727,1002
2021-01-15,District of Columbia,11,33140,842
2021-01-15,Florida,12,1548059,23798
2021-01-15,Georgia,13,776485,11757
2021-01-15,Guam,66,8443,126
2021-01-15,Hawaii,15,24032,315
2021-01-15,Idaho,16,154785,1606
2021-01-15,Illinois,17,1062121,19876
2021-01-15,Indiana,18,586206,9246
2021-01-15,Iowa,19,303927,4257
2021-01-15,Kansas,20,259196,3514
2021-01-15,Kentucky,21,324505,3395
2021-01-15,Louisiana,22,364853,8080
2021-01-15,Maine,23,32781,477
2021-01-15,Maryland,24,320923,6494
2021-01-15,Massachusetts,25,459927,13509
2021-01-15,Michigan,26,577657,14539
2021-01-15,Minnesota,27,443630,5918
2021-01-15,Mississippi,28,248189,5411
2021-01-15,Missouri,29,470284,6619
2021-01-15,Montana,30,88725,1086
2021-01-15,Nebraska,31,181895,1904
2021-01-15,Nevada,32,258438,3704
2021-01-15,New Hampshire,33,55500,908
2021-01-15,New Jersey,34,616086,20320
2021-01-15,New Mexico,35,161805,2876
2021-01-15,New York,36,1213179,40203
2021-01-15,North Carolina,37,659707,7996
2021-01-15,North Dakota,38,95621,1395
2021-01-15,Northern Mariana Islands,69,128,2
2021-01-15,Ohio,39,814442,10057
2021-01-15,Oklahoma,40,348044,2925
2021-01-15,Oregon,41,131296,1763
2021-01-15,Pennsylvania,42,760552,18978
2021-01-15,Puerto Rico,72,119569,1692
2021-01-15,Rhode Island,44,104443,2005
2021-01-15,South Carolina,45,375967,6037
2021-01-15,South Dakota,46,104937,1629
2021-01-15,Tennessee,47,663486,8233
2021-01-15,Texas,48,2094606,32212
2021-01-15,Utah,49,320175,1475
2021-01-15,Vermont,50,9734,163
2021-01-15,Virgin Islands,78,2166,24
2021-01-15,Virginia,51,422634,5656
2021-01-15,Washington,53,290288,3972
2021-01-15,West Virginia,54,106649,1733
2021-01-15,Wisconsin,55,563866,5771
2021-01-15,Wyoming,56,48909,522
2021-01-16,Alabama,01,420681,6119
2021-01-16,Alaska,02,51347,220
2021-01-16,Arizona,04,670234,11248
2021-01-16,Arkansas,05,270178,4293
2021-01-16,California,06,2975419,33393
2021-01-16,Colorado,08,375463,5440
2021-01-16,Connecticut,09,223422,6594
2021-01-16,Delaware,10,69372,1016
2021-01-16,District of Columbia,11,33537,847
2021-01-16,Florida,12,1560178,24003
2021-01-16,Georgia,13,785048,11900
2021-01-16,Guam,66,8450,127
2021-01-16,Hawaii,15,24188,317
2021-01-16,Idaho,16,155357,1607
2021-01-16,Illinois,17,1067230,20021
2021-01-16,Indiana,18,590093,9287
2021-01-16,Iowa,19,304748,4321
2021-01-16,Kansas,20,259226,3502
2021-01-16,Kentucky,21,327538,3420
2021-01-16,Louisiana,22,364853,8080
2021-01-16,Maine,23,33219,507
2021-01-16,Maryland,24,324203,6541
2021-01-16,Massachusetts,25,465726,13583
2021-01-16,Michigan,26,579669,14658
2021-01-16,Minnesota,27,445115,5955
2021-01-16,Mississippi,28,250869,5481
2021-01-16,Missouri,29,472057,6644
2021-01-16,Montana,30,89056,1088
2021-01-16,Nebraska,31,181895,1904
2021-01-16,Nevada,32,260222,3764
2021-01-16,New Hampshire,33,55945,927
2021-01-16,New Jersey,34,622085,20414
2021-01-16,New Mexico,35,162893,2912
2021-01-16,New York,36,1229124,40376
2021-01-16,North Carolina,37,668165,8060
2021-01-16,North Dakota,38,95736,1403
2021-01-16,Northern Mariana Islands,69,128,2
2021-01-16,Ohio,39,821507,10135
2021-01-16,Oklahoma,40,351665,2952
2021-01-16,Oregon,41,132412,1800
2021-01-16,Pennsylvania,42,767074,19188
2021-01-16,Puerto Rico,72,120138,1703
2021-01-16,Rhode Island,44,104443,2005
2021-01-16,South Carolina,45,382422,6108
2021-01-16,South Dakota,46,105278,1633
2021-01-16,Tennessee,47,668142,8276
2021-01-16,Texas,48,2112925,32581
2021-01-16,Utah,49,322252,1486
2021-01-16,Vermont,50,9915,163
2021-01-16,Virgin Islands,78,2166,24
2021-01-16,Virginia,51,429391,5706
2021-01-16,Washington,53,290896,3971
2021-01-16,West Virginia,54,108124,1761
2021-01-16,Wisconsin,55,566275,5906
2021-01-16,Wyoming,56,49068,522
2021-01-17,Alabama,01,422598,6120
2021-01-17,Alaska,02,51630,220
2021-01-17,Arizona,04,673882,11266
2021-01-17,Arkansas,05,271154,4311
2021-01-17,California,06,3006966,33593
2021-01-17,Colorado,08,376921,5454
2021-01-17,Connecticut,09,223422,6594
2021-01-17,Delaware,10,70294,1016
2021-01-17,District of Columbia,11,33851,850
2021-01-17,Florida,12,1571271,24136
2021-01-17,Georgia,13,791322,11906
2021-01-17,Guam,66,8453,128
2021-01-17,Hawaii,15,24309,319
2021-01-17,Idaho,16,155617,1609
2021-01-17,Illinois,17,1071307,20052
2021-01-17,Indiana,18,593262,9310
2021-01-17,Iowa,19,305151,4323
2021-01-17,Kansas,20,259226,3502
2021-01-17,Kentucky,21,329816,3428
2021-01-17,Louisiana,22,368980,8203
2021-01-17,Maine,23,33559,511
2021-01-17,Maryland,24,326648,6567
2021-01-17,Massachusetts,25,470140,13652
2021-01-17,Michigan,26,579767,14658
2021-01-17,Minnesota,27,446448,5995
2021-01-17,Mississippi,28,252475,5521
2021-01-17,Missouri,29,473268,6647
2021-01-17,Montana,30,89393,1092
2021-01-17,Nebraska,31,182914,1905
2021-01-17,Nevada,32,261847,3784
2021-01-17,New Hampshire,33,56864,933
2021-01-17,New Jersey,34,627221,20439
2021-01-17,New Mexico,35,163637,2934
2021-01-17,New York,36,1242818,40570
2021-01-17,North Carolina,37,674771,8125
2021-01-17,North Dakota,38,95886,1406
2021-01-17,Northern Mariana Islands,69,128,2
2021-01-17,Ohio,39,826754,10200
2021-01-17,Oklahoma,40,354979,2987
2021-01-17,Oregon,41,133205,1801
2021-01-17,Pennsylvania,42,772747,19310
2021-01-17,Puerto Rico,72,120996,1703
2021-01-17,Rhode Island,44,104443,2005
2021-01-17,South Carolina,45,388184,6237
2021-01-17,South Dakota,46,105544,1656
2021-01-17,Tennessee,47,672292,8312
2021-01-17,Texas,48,2125391,32747
2021-01-17,Utah,49,323837,1493
2021-01-17,Vermont,50,10057,163
2021-01-17,Virgin Islands,78,2260,24
2021-01-17,Virginia,51,439305,5729
2021-01-17,Washington,53,293296,3971
2021-01-17,West Virginia,54,108821,1776
2021-01-17,Wisconsin,55,568166,5907
2021-01-17,Wyoming,56,49363,522
2021-01-18,Alabama,01,424028,6121
2021-01-18,Alaska,02,51785,220
2021-01-18,Arizona,04,679282,11265
2021-01-18,Arkansas,05,272263,4343
2021-01-18,California,06,3032359,33742
2021-01-18,Colorado,08,378311,5462
2021-01-18,Connecticut,09,230125,6670
2021-01-18,Delaware,10,70910,1016
2021-01-18,District of Columbia,11,34033,857
2021-01-18,Florida,12,1579273,24273
2021-01-18,Georgia,13,796307,11967
2021-01-18,Guam,66,8454,129
2021-01-18,Hawaii,15,24424,319
2021-01-18,Idaho,16,155641,1609
2021-01-18,Illinois,17,1074719,20119
2021-01-18,Indiana,18,595760,9340
2021-01-18,Iowa,19,306082,4324
2021-01-18,Kansas,20,262519,3525
2021-01-18,Kentucky,21,331982,3462
2021-01-18,Louisiana,22,369951,8253
2021-01-18,Maine,23,33876,514
2021-01-18,Maryland,24,328417,6596
2021-01-18,Massachusetts,25,473441,13705
2021-01-18,Michigan,26,583202,14677
2021-01-18,Minnesota,27,447417,6007
2021-01-18,Mississippi,28,253932,5524
2021-01-18,Missouri,29,474403,6655
2021-01-18,Montana,30,89584,1093
2021-01-18,Nebraska,31,183228,1908
2021-01-18,Nevada,32,262867,3784
2021-01-18,New Hampshire,33,57864,933
2021-01-18,New Jersey,34,631074,20458
2021-01-18,New Mexico,35,164263,2960
2021-01-18,New York,36,1256228,40753
2021-01-18,North Carolina,37,674508,8131
2021-01-18,North Dakota,38,95956,1406
2021-01-18,Northern Mariana Islands,69,128,2
2021-01-18,Ohio,39,831066,10281
2021-01-18,Oklahoma,40,356816,2994
2021-01-18,Oregon,41,133851,1811
2021-01-18,Pennsylvania,42,776490,19390
2021-01-18,Puerto Rico,72,121554,1703
2021-01-18,Rhode Island,44,104443,2005
2021-01-18,South Carolina,45,391464,6248
2021-01-18,South Dakota,46,105659,1667
2021-01-18,Tennessee,47,674915,8350
2021-01-18,Texas,48,2136595,32858
2021-01-18,Utah,49,324919,1500
2021-01-18,Vermont,50,10220,163
2021-01-18,Virgin Islands,78,2260,24
2021-01-18,Virginia,51,446550,5739
2021-01-18,Washington,53,293739,3974
2021-01-18,West Virginia,54,109809,1784
2021-01-18,Wisconsin,55,569335,5930
2021-01-18,Wyoming,56,49708,522
2021-01-19,Alabama,01,426543,6126
2021-01-19,Alaska,02,51914,221
2021-01-19,Arizona,04,686028,11266
2021-01-19,Arkansas,05,273594,4386
2021-01-19,California,06,3071465,34390
2021-01-19,Colorado,08,379999,5473
2021-01-19,Connecticut,09,232219,6682
2021-01-19,Delaware,10,71311,1021
2021-01-19,District of Columbia,11,34259,861
2021-01-19,Florida,12,1589089,24435
2021-01-19,Georgia,13,804508,12179
2021-01-19,Guam,66,8484,129
2021-01-19,Hawaii,15,24483,321
2021-01-19,Idaho,16,157069,1639
2021-01-19,Illinois,17,1079307,20154
2021-01-19,Indiana,18,598494,9466
2021-01-19,Iowa,19,307302,4332
2021-01-19,Kansas,20,262727,3526
2021-01-19,Kentucky,21,334347,3489
2021-01-19,Louisiana,22,372089,8324
2021-01-19,Maine,23,34262,519
2021-01-19,Maryland,24,330390,6650
2021-01-19,Massachusetts,25,476526,13749
2021-01-19,Michigan,26,585548,14724
2021-01-19,Minnesota,27,448336,6013
2021-01-19,Mississippi,28,255125,5574
2021-01-19,Missouri,29,477420,6672
2021-01-19,Montana,30,89952,1093
2021-01-19,Nebraska,31,183687,1914
2021-01-19,Nevada,32,264223,3794
2021-01-19,New Hampshire,33,58709,938
2021-01-19,New Jersey,34,635701,20512
2021-01-19,New Mexico,35,164954,2977
2021-01-19,New York,36,1268949,40933
2021-01-19,North Carolina,37,683971,8196
2021-01-19,North Dakota,38,96093,1408
2021-01-19,Northern Mariana Islands,69,129,2
2021-01-19,Ohio,39,836055,10336
2021-01-19,Oklahoma,40,358374,3037
2021-01-19,Oregon,41,134468,1816
2021-01-19,Pennsylvania,42,783355,19467
2021-01-19,Puerto Rico,72,121988,1703
2021-01-19,Rhode Island,44,107066,2045
2021-01-19,South Carolina,45,394318,6259
2021-01-19,South Dakota,46,105786,1667
2021-01-19,Tennessee,47,677425,8391
2021-01-19,Texas,48,2158462,33176
2021-01-19,Utah,49,326221,1507
2021-01-19,Vermont,50,10321,163
2021-01-19,Virgin Islands,78,2283,24
2021-01-19,Virginia,51,451076,5798
2021-01-19,Washington,53,296519,4020
2021-01-19,West Virginia,54,110820,1815
2021-01-19,Wisconsin,55,571268,5974
2021-01-19,Wyoming,56,49922,550
2021-01-20,Alabama,01,429655,6283
2021-01-20,Alaska,02,52081,244
2021-01-20,Arizona,04,693706,11564
2021-01-20,Arkansas,05,276114,4441
2021-01-20,California,06,3090794,35001
2021-01-20,Colorado,08,381414,5509
2021-01-20,Connecticut,09,234134,6726
2021-01-20,Delaware,10,71775,1026
2021-01-20,District of Columbia,11,34403,863
2021-01-20,Florida,12,1601003,24577
2021-01-20,Georgia,13,812454,12373
2021-01-20,Guam,66,8484,129
2021-01-20,Hawaii,15,24551,322
2021-01-20,Idaho,16,157745,1637
2021-01-20,Illinois,17,1084134,20285
2021-01-20,Indiana,18,601380,9529
2021-01-20,Iowa,19,308787,4394
2021-01-20,Kansas,20,266251,3584
2021-01-20,Kentucky,21,337788,3540
2021-01-20,Louisiana,22,374582,8383
2021-01-20,Maine,23,34963,530
2021-01-20,Maryland,24,332558,6689
2021-01-20,Massachusetts,25,481040,13829
2021-01-20,Michigan,26,587963,14759
2021-01-20,Minnesota,27,449560,6047
2021-01-20,Mississippi,28,256827,5638
2021-01-20,Missouri,29,479480,6868
2021-01-20,Montana,30,90349,1094
2021-01-20,Nebraska,31,185656,1936
2021-01-20,Nevada,32,265228,3869
2021-01-20,New Hampshire,33,59437,950
2021-01-20,New Jersey,34,641140,20667
2021-01-20,New Mexico,35,165835,3011
2021-01-20,New York,36,1280068,41148
2021-01-20,North Carolina,37,691760,8267
2021-01-20,North Dakota,38,96244,1409
2021-01-20,Northern Mariana Islands,69,129,2
2021-01-20,Ohio,39,842433,10409
2021-01-20,Oklahoma,40,360360,3085
2021-01-20,Oregon,41,135143,1841
2021-01-20,Pennsylvania,42,789029,19868
2021-01-20,Puerto Rico,72,122128,1717
2021-01-20,Rhode Island,44,107876,2058
2021-01-20,South Carolina,45,399843,6328
2021-01-20,South Dakota,46,106063,1667
2021-01-20,Tennessee,47,681451,8477
2021-01-20,Texas,48,2186469,33632
2021-01-20,Utah,49,328380,1518
2021-01-20,Vermont,50,10471,165
2021-01-20,Virgin Islands,78,2305,24
2021-01-20,Virginia,51,455591,5861
2021-01-20,Washington,53,298487,4021
2021-01-20,West Virginia,54,111677,1836
2021-01-20,Wisconsin,55,573119,6036
2021-01-20,Wyoming,56,50124,550
2021-01-21,Alabama,01,432536,6379
2021-01-21,Alaska,02,52282,245
2021-01-21,Arizona,04,703249,11813
2021-01-21,Arkansas,05,279220,4496
2021-01-21,California,06,3116369,35704
2021-01-21,Colorado,08,382918,5523
2021-01-21,Connecticut,09,235796,6774
2021-01-21,Delaware,10,72523,1027
2021-01-21,District of Columbia,11,34612,864
2021-01-21,Florida,12,1613876,24738
2021-01-21,Georgia,13,820513,12484
2021-01-21,Guam,66,8497,129
2021-01-21,Hawaii,15,24663,325
2021-01-21,Idaho,16,158400,1658
2021-01-21,Illinois,17,1089010,20423
2021-01-21,Indiana,18,605004,9593
2021-01-21,Iowa,19,310440,4445
2021-01-21,Kansas,20,266562,3575
2021-01-21,Kentucky,21,341343,3584
2021-01-21,Louisiana,22,378318,8442
2021-01-21,Maine,23,35638,536
2021-01-21,Maryland,24,334725,6735
2021-01-21,Massachusetts,25,486180,13906
2021-01-21,Michigan,26,590546,14922
2021-01-21,Minnesota,27,450830,6079
2021-01-21,Mississippi,28,259117,5668
2021-01-21,Missouri,29,481962,6909
2021-01-21,Montana,30,90742,1102
2021-01-21,Nebraska,31,186472,1949
2021-01-21,Nevada,32,266643,3915
2021-01-21,New Hampshire,33,60294,962
2021-01-21,New Jersey,34,646188,20760
2021-01-21,New Mexico,35,166823,3046
2021-01-21,New York,36,1293976,41348
2021-01-21,North Carolina,37,697660,8397
2021-01-21,North Dakota,38,96392,1422
2021-01-21,Northern Mariana Islands,69,129,2
2021-01-21,Ohio,39,849704,10518
2021-01-21,Oklahoma,40,363046,3140
2021-01-21,Oregon,41,135973,1850
2021-01-21,Pennsylvania,42,794632,20128
2021-01-21,Puerto Rico,72,122343,1732
2021-01-21,Rhode Island,44,108786,2076
2021-01-21,South Carolina,45,404492,6373
2021-01-21,South Dakota,46,106400,1673
2021-01-21,Tennessee,47,685037,8606
2021-01-21,Texas,48,2207935,34075
2021-01-21,Utah,49,330469,1548
2021-01-21,Vermont,50,10580,168
2021-01-21,Virgin Islands,78,2305,24
2021-01-21,Virginia,51,459604,5940
2021-01-21,Washington,53,300420,4131
2021-01-21,West Virginia,54,112617,1849
2021-01-21,Wisconsin,55,575688,6091
2021-01-21,Wyoming,56,50424,550
2021-01-22,Alabama,01,436087,6486
2021-01-22,Alaska,02,52572,245
2021-01-22,Arizona,04,710273,12014
2021-01-22,Arkansas,05,281382,4549
2021-01-22,California,06,3141404,36326
2021-01-22,Colorado,08,385153,5548
2021-01-22,Connecticut,09,237815,6819
2021-01-22,Delaware,10,73233,1027
2021-01-22,District of Columbia,11,34905,867
2021-01-22,Florida,12,1627595,25010
2021-01-22,Georgia,13,829023,12653
2021-01-22,Guam,66,8516,129
2021-01-22,Hawaii,15,24823,329
2021-01-22,Idaho,16,159000,1669
2021-01-22,Illinois,17,1095917,20535
2021-01-22,Indiana,18,608498,9642
2021-01-22,Iowa,19,311695,4478
2021-01-22,Kansas,20,269611,3598
2021-01-22,Kentucky,21,344565,3626
2021-01-22,Louisiana,22,380255,8483
2021-01-22,Maine,23,36274,540
2021-01-22,Maryland,24,337129,6792
2021-01-22,Massachusetts,25,491452,13987
2021-01-22,Michigan,26,593068,14940
2021-01-22,Minnesota,27,452336,6100
2021-01-22,Mississippi,28,261167,5713
2021-01-22,Missouri,29,484370,6932
2021-01-22,Montana,30,91145,1106
2021-01-22,Nebraska,31,187496,1960
2021-01-22,Nevada,32,268344,3967
2021-01-22,New Hampshire,33,60951,971
2021-01-22,New Jersey,34,650388,20875
2021-01-22,New Mexico,35,167731,3079
2021-01-22,New York,36,1309660,41530
2021-01-22,North Carolina,37,706948,8511
2021-01-22,North Dakota,38,96592,1428
2021-01-22,Northern Mariana Islands,69,129,2
2021-01-22,Ohio,39,853982,10599
2021-01-22,Oklahoma,40,365992,3187
2021-01-22,Oregon,41,136839,1874
2021-01-22,Pennsylvania,42,799948,20322
2021-01-22,Puerto Rico,72,122897,1761
2021-01-22,Rhode Island,44,109735,2083
2021-01-22,South Carolina,45,409188,6404
2021-01-22,South Dakota,46,106716,1684
2021-01-22,Tennessee,47,688782,8695
2021-01-22,Texas,48,2226203,34496
2021-01-22,Utah,49,333118,1571
2021-01-22,Vermont,50,10759,169
2021-01-22,Virgin Islands,78,2321,24
2021-01-22,Virginia,51,463751,6002
2021-01-22,Washington,53,302546,4178
2021-01-22,West Virginia,54,113615,1856
2021-01-22,Wisconsin,55,577991,6140
2021-01-22,Wyoming,56,50583,571
2021-01-23,Alabama,01,439442,6657
2021-01-23,Alaska,02,52820,250
2021-01-23,Arizona,04,717593,12170
2021-01-23,Arkansas,05,282995,4563
2021-01-23,California,06,3164386,36818
2021-01-23,Colorado,08,386432,5561
2021-01-23,Connecticut,09,237815,6819
2021-01-23,Delaware,10,73915,1036
2021-01-23,District of Columbia,11,35077,870
2021-01-23,Florida,12,1639906,25163
2021-01-23,Georgia,13,838057,12834
2021-01-23,Guam,66,8516,129
2021-01-23,Hawaii,15,24950,333
2021-01-23,Idaho,16,159406,1670
2021-01-23,Illinois,17,1101037,20645
2021-01-23,Indiana,18,611600,9693
2021-01-23,Iowa,19,312625,4486
2021-01-23,Kansas,20,269611,3598
2021-01-23,Kentucky,21,348040,3657
2021-01-23,Louisiana,22,380255,8483
2021-01-23,Maine,23,36598,544
2021-01-23,Maryland,24,339482,6837
2021-01-23,Massachusetts,25,496093,14064
2021-01-23,Michigan,26,594666,15170
2021-01-23,Minnesota,27,453876,6131
2021-01-23,Mississippi,28,263023,5752
2021-01-23,Missouri,29,485926,6949
2021-01-23,Montana,30,91448,1142
2021-01-23,Nebraska,31,187974,1966
2021-01-23,Nevada,32,269928,4017
2021-01-23,New Hampshire,33,61576,981
2021-01-23,New Jersey,34,657536,20934
2021-01-23,New Mexico,35,168579,3117
2021-01-23,New York,36,1323569,41694
2021-01-23,North Carolina,37,713300,8623
2021-01-23,North Dakota,38,96745,1436
2021-01-23,Northern Mariana Islands,69,129,2
2021-01-23,Ohio,39,859841,10680
2021-01-23,Oklahoma,40,370149,3231
2021-01-23,Oregon,41,137600,1882
2021-01-23,Pennsylvania,42,805272,20526
2021-01-23,Puerto Rico,72,123688,1771
2021-01-23,Rhode Island,44,109735,2083
2021-01-23,South Carolina,45,413789,6479
2021-01-23,South Dakota,46,106963,1696
2021-01-23,Tennessee,47,692048,8736
2021-01-23,Texas,48,2240136,34859
2021-01-23,Utah,49,334889,1582
2021-01-23,Vermont,50,10908,170
2021-01-23,Virgin Islands,78,2341,24
2021-01-23,Virginia,51,468655,6079
2021-01-23,Washington,53,304107,4182
2021-01-23,West Virginia,54,114752,1872
2021-01-23,Wisconsin,55,580003,6187
2021-01-23,Wyoming,56,50583,571
2021-01-24,Alabama,01,441170,6660
2021-01-24,Alaska,02,52982,250
2021-01-24,Arizona,04,722574,12238
2021-01-24,Arkansas,05,284066,4606
2021-01-24,California,06,3186036,37118
2021-01-24,Colorado,08,387960,5588
2021-01-24,Connecticut,09,237815,6819
2021-01-24,Delaware,10,74575,1041
2021-01-24,District of Columbia,11,35301,872
2021-01-24,Florida,12,1649441,25292
2021-01-24,Georgia,13,842798,12838
2021-01-24,Guam,66,8516,129
2021-01-24,Hawaii,15,25093,339
2021-01-24,Idaho,16,159581,1671
2021-01-24,Illinois,17,1104206,20680
2021-01-24,Indiana,18,614120,9716
2021-01-24,Iowa,19,313140,4487
2021-01-24,Kansas,20,269611,3598
2021-01-24,Kentucky,21,349194,3687
2021-01-24,Louisiana,22,383862,8565
2021-01-24,Maine,23,36598,544
2021-01-24,Maryland,24,341666,6865
2021-01-24,Massachusetts,25,500037,14133
2021-01-24,Michigan,26,594700,15170
2021-01-24,Minnesota,27,455057,6163
2021-01-24,Mississippi,28,264219,5772
2021-01-24,Missouri,29,487640,6956
2021-01-24,Montana,30,91662,1152
2021-01-24,Nebraska,31,188241,1966
2021-01-24,Nevada,32,271029,4027
2021-01-24,New Hampshire,33,62337,987
2021-01-24,New Jersey,34,662808,20951
2021-01-24,New Mexico,35,169205,3147
2021-01-24,New York,36,1335952,41889
2021-01-24,North Carolina,37,718955,8739
2021-01-24,North Dakota,38,96842,1436
2021-01-24,Northern Mariana Islands,69,129,2
2021-01-24,Ohio,39,864322,10711
2021-01-24,Oklahoma,40,373090,3279
2021-01-24,Oregon,41,138168,1885
2021-01-24,Pennsylvania,42,808951,20609
2021-01-24,Puerto Rico,72,124643,1773
2021-01-24,Rhode Island,44,109735,2083
2021-01-24,South Carolina,45,418325,6547
2021-01-24,South Dakota,46,107148,1705
2021-01-24,Tennessee,47,694381,8776
2021-01-24,Texas,48,2247849,35050
2021-01-24,Utah,49,336405,1595
2021-01-24,Vermont,50,11033,170
2021-01-24,Virgin Islands,78,2341,24
2021-01-24,Virginia,51,472447,6078
2021-01-24,Washington,53,304523,4182
2021-01-24,West Virginia,54,115307,1895
2021-01-24,Wisconsin,55,581377,6193
2021-01-24,Wyoming,56,50898,571
2021-01-25,Alabama,01,443009,6662
2021-01-25,Alaska,02,53061,250
2021-01-25,Arizona,04,728231,12239
2021-01-25,Arkansas,05,284702,4650
2021-01-25,California,06,3212939,37499
2021-01-25,Colorado,08,389227,5602
2021-01-25,Connecticut,09,243632,6911
2021-01-25,Delaware,10,75191,1049
2021-01-25,District of Columbia,11,35505,879
2021-01-25,Florida,12,1658161,25445
2021-01-25,Georgia,13,847036,12890
2021-01-25,Guam,66,8523,130
2021-01-25,Hawaii,15,25209,339
2021-01-25,Idaho,16,160182,1687
2021-01-25,Illinois,17,1107388,20744
2021-01-25,Indiana,18,616310,9728
2021-01-25,Iowa,19,313907,4488
2021-01-25,Kansas,20,272220,3622
2021-01-25,Kentucky,21,351462,3730
2021-01-25,Louisiana,22,385942,8590
2021-01-25,Maine,23,37046,547
2021-01-25,Maryland,24,343353,6900
2021-01-25,Massachusetts,25,503688,14178
2021-01-25,Michigan,26,597781,15208
2021-01-25,Minnesota,27,455851,6166
2021-01-25,Mississippi,28,265146,5777
2021-01-25,Missouri,29,489865,6968
2021-01-25,Montana,30,91905,1152
2021-01-25,Nebraska,31,188850,1984
2021-01-25,Nevada,32,272006,4032
2021-01-25,New Hampshire,33,62768,990
2021-01-25,New Jersey,34,666951,20972
2021-01-25,New Mexico,35,169696,3159
2021-01-25,New York,36,1347924,42090
2021-01-25,North Carolina,37,724154,8777
2021-01-25,North Dakota,38,96899,1436
2021-01-25,Northern Mariana Islands,69,129,2
2021-01-25,Ohio,39,868656,10768
2021-01-25,Oklahoma,40,374853,3293
2021-01-25,Oregon,41,138587,1892
2021-01-25,Pennsylvania,42,813665,20664
2021-01-25,Puerto Rico,72,125211,1778
2021-01-25,Rhode Island,44,111754,2110
2021-01-25,South Carolina,45,421417,6552
2021-01-25,South Dakota,46,107180,1705
2021-01-25,Tennessee,47,695935,8887
2021-01-25,Texas,48,2268260,35236
2021-01-25,Utah,49,337269,1599
2021-01-25,Vermont,50,11165,171
2021-01-25,Virgin Islands,78,2350,24
2021-01-25,Virginia,51,478619,6081
2021-01-25,Washington,53,306489,4221
2021-01-25,West Virginia,54,115839,1899
2021-01-25,Wisconsin,55,582477,6203
2021-01-25,Wyoming,56,51062,571
2021-01-26,Alabama,01,445909,6896
2021-01-26,Alaska,02,53143,251
2021-01-26,Arizona,04,734613,12489
2021-01-26,Arkansas,05,287187,4690
2021-01-26,California,06,3234571,38222
2021-01-26,Colorado,08,390662,5617
2021-01-26,Connecticut,09,244899,6934
2021-01-26,Delaware,10,75490,1065
2021-01-26,District of Columbia,11,35700,888
2021-01-26,Florida,12,1667755,25672
2021-01-26,Georgia,13,855488,13065
2021-01-26,Guam,66,8535,130
2021-01-26,Hawaii,15,25272,398
2021-01-26,Idaho,16,160727,1691
2021-01-26,Illinois,17,1111028,20853
2021-01-26,Indiana,18,618037,9807
2021-01-26,Iowa,19,315002,4492
2021-01-26,Kansas,20,272303,3625
2021-01-26,Kentucky,21,354191,3769
2021-01-26,Louisiana,22,388562,8621
2021-01-26,Maine,23,37708,558
2021-01-26,Maryland,24,344839,6963
2021-01-26,Massachusetts,25,506183,14220
2021-01-26,Michigan,26,600175,15294
2021-01-26,Minnesota,27,456558,6174
2021-01-26,Mississippi,28,266598,5852
2021-01-26,Missouri,29,491544,7082
2021-01-26,Montana,30,92249,1186
2021-01-26,Nebraska,31,189151,1997
2021-01-26,Nevada,32,272942,4092
2021-01-26,New Hampshire,33,63172,994
2021-01-26,New Jersey,34,671727,21105
2021-01-26,New Mexico,35,170296,3173
2021-01-26,New York,36,1358964,42273
2021-01-26,North Carolina,37,728645,8839
2021-01-26,North Dakota,38,97031,1440
2021-01-26,Northern Mariana Islands,69,131,2
2021-01-26,Ohio,39,872918,10856
2021-01-26,Oklahoma,40,376424,3323
2021-01-26,Oregon,41,139355,1909
2021-01-26,Pennsylvania,42,818330,20883
2021-01-26,Puerto Rico,72,125684,1783
2021-01-26,Rhode Island,44,112396,2126
2021-01-26,South Carolina,45,423667,6578
2021-01-26,South Dakota,46,107380,1705
2021-01-26,Tennessee,47,699570,9078
2021-01-26,Texas,48,2288854,35544
2021-01-26,Utah,49,338675,1614
2021-01-26,Vermont,50,11285,171
2021-01-26,Virgin Islands,78,2373,24
2021-01-26,Virginia,51,483326,6174
2021-01-26,Washington,53,307880,4245
2021-01-26,West Virginia,54,116978,1928
2021-01-26,Wisconsin,55,584041,6268
2021-01-26,Wyoming,56,51152,596
2021-01-27,Alabama,01,449086,7172
2021-01-27,Alaska,02,53322,252
2021-01-27,Arizona,04,740599,12668
2021-01-27,Arkansas,05,288964,4742
2021-01-27,California,06,3253201,38927
2021-01-27,Colorado,08,392448,5648
2021-01-27,Connecticut,09,247339,6976
2021-01-27,Delaware,10,75832,1072
2021-01-27,District of Columbia,11,35865,895
2021-01-27,Florida,12,1676163,25832
2021-01-27,Georgia,13,861830,13222
2021-01-27,Guam,66,8537,130
2021-01-27,Hawaii,15,25366,401
2021-01-27,Idaho,16,161369,1716
2021-01-27,Illinois,17,1114798,20950
2021-01-27,Indiana,18,620275,9845
2021-01-27,Iowa,19,316114,4500
2021-01-27,Kansas,20,275468,3718
2021-01-27,Kentucky,21,356837,3805
2021-01-27,Louisiana,22,392416,8688
2021-01-27,Maine,23,38170,562
2021-01-27,Maryland,24,346734,6996
2021-01-27,Massachusetts,25,509503,14304
2021-01-27,Michigan,26,602207,15303
2021-01-27,Minnesota,27,457385,6192
2021-01-27,Mississippi,28,268672,5917
2021-01-27,Missouri,29,493392,7118
2021-01-27,Montana,30,92619,1202
2021-01-27,Nebraska,31,189847,2010
2021-01-27,Nevada,32,274039,4139
2021-01-27,New Hampshire,33,63563,1006
2021-01-27,New Jersey,34,676537,21234
2021-01-27,New Mexico,35,171047,3200
2021-01-27,New York,36,1369329,42434
2021-01-27,North Carolina,37,733543,8959
2021-01-27,North Dakota,38,97185,1441
2021-01-27,Northern Mariana Islands,69,131,2
2021-01-27,Ohio,39,878284,10931
2021-01-27,Oklahoma,40,379110,3388
2021-01-27,Oregon,41,140063,1936
2021-01-27,Pennsylvania,42,824216,21105
2021-01-27,Puerto Rico,72,125859,1794
2021-01-27,Rhode Island,44,113009,2135
2021-01-27,South Carolina,45,427231,6673
2021-01-27,South Dakota,46,107608,1739
2021-01-27,Tennessee,47,701997,9230
2021-01-27,Texas,48,2308600,36024
2021-01-27,Utah,49,340684,1620
2021-01-27,Vermont,50,11379,172
2021-01-27,Virgin Islands,78,2373,24
2021-01-27,Virginia,51,488553,6228
2021-01-27,Washington,53,309604,4294
2021-01-27,West Virginia,54,117775,1953
2021-01-27,Wisconsin,55,585600,6306
2021-01-27,Wyoming,56,51368,596
2021-01-28,Alabama,01,452734,7340
2021-01-28,Alaska,02,53524,253
2021-01-28,Arizona,04,745976,12861
2021-01-28,Arkansas,05,290856,4784
2021-01-28,California,06,3272829,39527
2021-01-28,Colorado,08,394668,5670
2021-01-28,Connecticut,09,248765,7020
2021-01-28,Delaware,10,76495,1075
2021-01-28,District of Columbia,11,36132,902
2021-01-28,Florida,12,1687586,26034
2021-01-28,Georgia,13,869165,13404
2021-01-28,Guam,66,8541,130
2021-01-28,Hawaii,15,25460,403
2021-01-28,Idaho,16,161863,1724
2021-01-28,Illinois,17,1119004,21074
2021-01-28,Indiana,18,623094,9879
2021-01-28,Iowa,19,317124,4532
2021-01-28,Kansas,20,275585,3718
2021-01-28,Kentucky,21,359978,3863
2021-01-28,Louisiana,22,394909,8743
2021-01-28,Maine,23,38454,567
2021-01-28,Maryland,24,348925,7037
2021-01-28,Massachusetts,25,514134,14348
2021-01-28,Michigan,26,604458,15393
2021-01-28,Minnesota,27,458701,6208
2021-01-28,Mississippi,28,270476,5945
2021-01-28,Missouri,29,495619,7141
2021-01-28,Montana,30,93018,1213
2021-01-28,Nebraska,31,190585,2013
2021-01-28,Nevada,32,275125,4188
2021-01-28,New Hampshire,33,64258,1022
2021-01-28,New Jersey,34,681283,21301
2021-01-28,New Mexico,35,171719,3228
2021-01-28,New York,36,1383112,42639
2021-01-28,North Carolina,37,740303,9099
2021-01-28,North Dakota,38,97330,1442
2021-01-28,Northern Mariana Islands,69,131,2
2021-01-28,Ohio,39,883716,11006
2021-01-28,Oklahoma,40,381430,3423
2021-01-28,Oregon,41,140783,1946
2021-01-28,Pennsylvania,42,830295,21350
2021-01-28,Puerto Rico,72,126156,1801
2021-01-28,Rhode Island,44,113754,2144
2021-01-28,South Carolina,45,431169,6903
2021-01-28,South Dakota,46,107795,1763
2021-01-28,Tennessee,47,704464,9332
2021-01-28,Texas,48,2328099,36434
2021-01-28,Utah,49,342445,1620
2021-01-28,Vermont,50,11523,172
2021-01-28,Virgin Islands,78,2384,24
2021-01-28,Virginia,51,493674,6308
2021-01-28,Washington,53,312042,4328
2021-01-28,West Virginia,54,118562,1983
2021-01-28,Wisconsin,55,587580,6339
2021-01-28,Wyoming,56,51430,596
2021-01-29,Alabama,01,455582,7566
2021-01-29,Alaska,02,53705,253
2021-01-29,Arizona,04,750787,13047
2021-01-29,Arkansas,05,292563,4831
2021-01-29,California,06,3292572,40192
2021-01-29,Colorado,08,395772,5694
2021-01-29,Connecticut,09,250023,7046
2021-01-29,Delaware,10,76935,1078
2021-01-29,District of Columbia,11,36414,907
2021-01-29,Florida,12,1698562,26253
2021-01-29,Georgia,13,875514,13557
2021-01-29,Guam,66,8548,130
2021-01-29,Hawaii,15,25599,404
2021-01-29,Idaho,16,162482,1727
2021-01-29,Illinois,17,1123152,21147
2021-01-29,Indiana,18,625730,9925
2021-01-29,Iowa,19,317689,4577
2021-01-29,Kansas,20,277623,3779
2021-01-29,Kentucky,21,362123,3910
2021-01-29,Louisiana,22,397276,8801
2021-01-29,Maine,23,38813,570
2021-01-29,Maryland,24,350805,7076
2021-01-29,Massachusetts,25,517252,14444
2021-01-29,Michigan,26,606480,15401
2021-01-29,Minnesota,27,459815,6236
2021-01-29,Mississippi,28,272662,5983
2021-01-29,Missouri,29,497838,7162
2021-01-29,Montana,30,93322,1228
2021-01-29,Nebraska,31,190709,2020
2021-01-29,Nevada,32,276507,4225
2021-01-29,New Hampshire,33,64838,1036
2021-01-29,New Jersey,34,687269,21383
2021-01-29,New Mexico,35,172798,3250
2021-01-29,New York,36,1396063,42825
2021-01-29,North Carolina,37,747322,9213
2021-01-29,North Dakota,38,97483,1444
2021-01-29,Northern Mariana Islands,69,131,2
2021-01-29,Ohio,39,888591,11073
2021-01-29,Oklahoma,40,384217,3471
2021-01-29,Oregon,41,141729,1956
2021-01-29,Pennsylvania,42,839888,21524
2021-01-29,Puerto Rico,72,126583,1812
2021-01-29,Rhode Island,44,114438,2154
2021-01-29,South Carolina,45,435633,6942
2021-01-29,South Dakota,46,107955,1768
2021-01-29,Tennessee,47,708721,9374
2021-01-29,Texas,48,2346818,36804
2021-01-29,Utah,49,343962,1656
2021-01-29,Vermont,50,11658,172
2021-01-29,Virgin Islands,78,2398,24
2021-01-29,Virginia,51,497912,6379
2021-01-29,Washington,53,314033,4368
2021-01-29,West Virginia,54,119467,2006
2021-01-29,Wisconsin,55,589384,6393
2021-01-29,Wyoming,56,51690,596
2021-01-30,Alabama,01,455582,7566
2021-01-30,Alaska,02,53851,253
2021-01-30,Arizona,04,756027,13111
2021-01-30,Arkansas,05,294387,4838
2021-01-30,California,06,3310100,40694
2021-01-30,Colorado,08,396120,5696
2021-01-30,Connecticut,09,250023,7046
2021-01-30,Delaware,10,77551,1081
2021-01-30,District of Columbia,11,36662,909
2021-01-30,Florida,12,1713581,26359
2021-01-30,Georgia,13,881740,13776
2021-01-30,Guam,66,8555,130
2021-01-30,Hawaii,15,25708,404
2021-01-30,Idaho,16,162762,1727
2021-01-30,Illinois,17,1126448,21213
2021-01-30,Indiana,18,628069,9967
2021-01-30,Iowa,19,319110,4651
2021-01-30,Kansas,20,277623,3779
2021-01-30,Kentucky,21,365016,3967
2021-01-30,Louisiana,22,397276,8801
2021-01-30,Maine,23,39168,590
2021-01-30,Maryland,24,352902,7107
2021-01-30,Massachusetts,25,521360,14531
2021-01-30,Michigan,26,607833,15516
2021-01-30,Minnesota,27,460887,6255
2021-01-30,Mississippi,28,274190,6018
2021-01-30,Missouri,29,498808,7175
2021-01-30,Montana,30,93793,1233
2021-01-30,Nebraska,31,191569,2025
2021-01-30,Nevada,32,277547,4268
2021-01-30,New Hampshire,33,65362,1042
2021-01-30,New Jersey,34,692543,21455
2021-01-30,New Mexico,35,173539,3267
2021-01-30,New York,36,1408955,42996
2021-01-30,North Carolina,37,747948,9215
2021-01-30,North Dakota,38,97587,1447
2021-01-30,Northern Mariana Islands,69,131,2
2021-01-30,Ohio,39,892781,11124
2021-01-30,Oklahoma,40,386590,3504
2021-01-30,Oregon,41,142417,1972
2021-01-30,Pennsylvania,42,844519,21658
2021-01-30,Puerto Rico,72,127021,1823
2021-01-30,Rhode Island,44,114438,2154
2021-01-30,South Carolina,45,439785,7014
2021-01-30,South Dakota,46,108070,1775
2021-01-30,Tennessee,47,710748,9483
2021-01-30,Texas,48,2360584,37096
2021-01-30,Utah,49,345430,1664
2021-01-30,Vermont,50,11831,173
2021-01-30,Virgin Islands,78,2398,24
2021-01-30,Virginia,51,502221,6449
2021-01-30,Washington,53,315448,4368
2021-01-30,West Virginia,54,120340,2015
2021-01-30,Wisconsin,55,590997,6433
2021-01-30,Wyoming,56,51704,596
2021-01-31,Alabama,01,459639,7688
2021-01-31,Alaska,02,53985,253
2021-01-31,Arizona,04,758576,13120
2021-01-31,Arkansas,05,295268,4868
2021-01-31,California,06,3324064,40928
2021-01-31,Colorado,08,397138,5711
2021-01-31,Connecticut,09,250023,7046
2021-01-31,Delaware,10,78071,1090
2021-01-31,District of Columbia,11,36872,913
2021-01-31,Florida,12,1721369,26478
2021-01-31,Georgia,13,885249,13778
2021-01-31,Guam,66,8556,130
2021-01-31,Hawaii,15,25786,407
2021-01-31,Idaho,16,162762,1727
2021-01-31,Illinois,17,1128505,21242
2021-01-31,Indiana,18,629793,9974
2021-01-31,Iowa,19,319408,4901
2021-01-31,Kansas,20,277633,3779
2021-01-31,Kentucky,21,366857,3977
2021-01-31,Louisiana,22,400626,8859
2021-01-31,Maine,23,39324,590
2021-01-31,Maryland,24,354649,7127
2021-01-31,Massachusetts,25,524025,14577
2021-01-31,Michigan,26,607901,15516
2021-01-31,Minnesota,27,461875,6268
2021-01-31,Mississippi,28,275001,6045
2021-01-31,Missouri,29,499530,7176
2021-01-31,Montana,30,93961,1234
2021-01-31,Nebraska,31,191763,2025
2021-01-31,Nevada,32,278447,4271
2021-01-31,New Hampshire,33,65695,1057
2021-01-31,New Jersey,34,696831,21484
2021-01-31,New Mexico,35,174064,3285
2021-01-31,New York,36,1420164,43178
2021-01-31,North Carolina,37,758158,9381
2021-01-31,North Dakota,38,97655,1447
2021-01-31,Northern Mariana Islands,69,131,2
2021-01-31,Ohio,39,895792,11178
2021-01-31,Oklahoma,40,389472,3547
2021-01-31,Oregon,41,142417,1972
2021-01-31,Pennsylvania,42,848244,21715
2021-01-31,Puerto Rico,72,127239,1829
2021-01-31,Rhode Island,44,114438,2154
2021-01-31,South Carolina,45,443386,7042
2021-01-31,South Dakota,46,108250,1778
2021-01-31,Tennessee,47,713290,9557
2021-01-31,Texas,48,2372960,37242
2021-01-31,Utah,49,346624,1665
2021-01-31,Vermont,50,11965,174
2021-01-31,Virgin Islands,78,2398,24
2021-01-31,Virginia,51,504779,6464
2021-01-31,Washington,53,315769,4369
2021-01-31,West Virginia,54,121001,2024
2021-01-31,Wisconsin,55,592140,6437
2021-01-31,Wyoming,56,51912,596
2021-02-01,Alabama,01,460860,7688
2021-02-01,Alaska,02,54091,253
2021-02-01,Arizona,04,762458,13124
2021-02-01,Arkansas,05,296494,4895
2021-02-01,California,06,3341656,41284
2021-02-01,Colorado,08,399384,5737
2021-02-01,Connecticut,09,253954,7119
2021-02-01,Delaware,10,78495,1101
2021-02-01,District of Columbia,11,37008,916
2021-02-01,Florida,12,1727099,26684
2021-02-01,Georgia,13,888462,13821
2021-02-01,Guam,66,8577,130
2021-02-01,Hawaii,15,25870,407
2021-02-01,Idaho,16,163291,1737
2021-02-01,Illinois,17,1131212,21273
2021-02-01,Indiana,18,631502,9989
2021-02-01,Iowa,19,320187,4906
2021-02-01,Kansas,20,279587,3809
2021-02-01,Kentucky,21,368623,3995
2021-02-01,Louisiana,22,401591,8912
2021-02-01,Maine,23,39543,595
2021-02-01,Maryland,24,355812,7154
2021-02-01,Massachusetts,25,526423,14607
2021-02-01,Michigan,26,610524,15527
2021-02-01,Minnesota,27,462596,6270
2021-02-01,Mississippi,28,275706,6056
2021-02-01,Missouri,29,501226,7182
2021-02-01,Montana,30,94146,1235
2021-02-01,Nebraska,31,192112,2031
2021-02-01,Nevada,32,279228,4281
2021-02-01,New Hampshire,33,66058,1059
2021-02-01,New Jersey,34,700346,21513
2021-02-01,New Mexico,35,174550,3297
2021-02-01,New York,36,1429096,43354
2021-02-01,North Carolina,37,763358,9397
2021-02-01,North Dakota,38,97708,1447
2021-02-01,Northern Mariana Islands,69,131,2
2021-02-01,Ohio,39,899079,11233
2021-02-01,Oklahoma,40,390868,3564
2021-02-01,Oregon,41,143373,1980
2021-02-01,Pennsylvania,42,851911,21741
2021-02-01,Puerto Rico,72,127853,1836
2021-02-01,Rhode Island,44,115956,2173
2021-02-01,South Carolina,45,445916,7283
2021-02-01,South Dakota,46,108315,1778
2021-02-01,Tennessee,47,715439,9660
2021-02-01,Texas,48,2412150,37405
2021-02-01,Utah,49,347210,1669
2021-02-01,Vermont,50,12083,175
2021-02-01,Virgin Islands,78,2421,24
2021-02-01,Virginia,51,507640,6474
2021-02-01,Washington,53,317703,4404
2021-02-01,West Virginia,54,121425,2028
2021-02-01,Wisconsin,55,592921,6439
2021-02-01,Wyoming,56,52057,596
2021-02-02,Alabama,01,462938,7894
2021-02-02,Alaska,02,54223,269
2021-02-02,Arizona,04,766445,13415
2021-02-02,Arkansas,05,298004,4939
2021-02-02,California,06,3354544,41858
2021-02-02,Colorado,08,400383,5747
2021-02-02,Connecticut,09,256522,7133
2021-02-02,Delaware,10,78696,1108
2021-02-02,District of Columbia,11,37138,921
2021-02-02,Florida,12,1737632,26821
2021-02-02,Georgia,13,893441,14024
2021-02-02,Guam,66,8579,130
2021-02-02,Hawaii,15,25932,407
2021-02-02,Idaho,16,163781,1743
2021-02-02,Illinois,17,1133691,21336
2021-02-02,Indiana,18,633043,10054
2021-02-02,Iowa,19,321274,4919
2021-02-02,Kansas,20,279734,3809
2021-02-02,Kentucky,21,370943,4028
2021-02-02,Louisiana,22,404194,8953
2021-02-02,Maine,23,39960,618
2021-02-02,Maryland,24,356717,7188
2021-02-02,Massachusetts,25,528662,14652
2021-02-02,Michigan,26,611976,15599
2021-02-02,Minnesota,27,463200,6278
2021-02-02,Mississippi,28,276531,6132
2021-02-02,Missouri,29,502819,7410
2021-02-02,Montana,30,94460,1250
2021-02-02,Nebraska,31,192553,2036
2021-02-02,Nevada,32,280025,4328
2021-02-02,New Hampshire,33,66384,1066
2021-02-02,New Jersey,34,703496,21584
2021-02-02,New Mexico,35,174982,3312
2021-02-02,New York,36,1437045,43524
2021-02-02,North Carolina,37,766378,9477
2021-02-02,North Dakota,38,97823,1447
2021-02-02,Northern Mariana Islands,69,133,2
2021-02-02,Ohio,39,902736,11339
2021-02-02,Oklahoma,40,392164,3602
2021-02-02,Oregon,41,143978,2001
2021-02-02,Pennsylvania,42,856214,21866
2021-02-02,Puerto Rico,72,128141,1846
2021-02-02,Rhode Island,44,116191,2186
2021-02-02,South Carolina,45,447904,7318
2021-02-02,South Dakota,46,108431,1779
2021-02-02,Tennessee,47,717472,9806
2021-02-02,Texas,48,2430370,37760
2021-02-02,Utah,49,348409,1687
2021-02-02,Vermont,50,12196,176
2021-02-02,Virgin Islands,78,2426,24
2021-02-02,Virginia,51,510380,6517
2021-02-02,Washington,53,318967,4402
2021-02-02,West Virginia,54,121935,2031
2021-02-02,Wisconsin,55,594217,6485
2021-02-02,Wyoming,56,52128,624
2021-02-03,Alabama,01,465056,8203
2021-02-03,Alaska,02,54447,269
2021-02-03,Arizona,04,769297,13593
2021-02-03,Arkansas,05,300430,4985
2021-02-03,California,06,3367104,42434
2021-02-03,Colorado,08,401751,5759
2021-02-03,Connecticut,09,257004,7157
2021-02-03,Delaware,10,78982,1130
2021-02-03,District of Columbia,11,37199,926
2021-02-03,Florida,12,1744611,27018
2021-02-03,Georgia,13,898639,14153
2021-02-03,Guam,66,8587,130
2021-02-03,Hawaii,15,26000,411
2021-02-03,Idaho,16,164257,1750
2021-02-03,Illinois,17,1137037,21420
2021-02-03,Indiana,18,634470,10091
2021-02-03,Iowa,19,322308,4975
2021-02-03,Kansas,20,281866,3895
2021-02-03,Kentucky,21,372774,4067
2021-02-03,Louisiana,22,406235,9006
2021-02-03,Maine,23,40233,627
2021-02-03,Maryland,24,357660,7220
2021-02-03,Massachusetts,25,531117,14708
2021-02-03,Michigan,26,613637,15633
2021-02-03,Minnesota,27,463834,6302
2021-02-03,Mississippi,28,277322,6158
2021-02-03,Missouri,29,504315,7491
2021-02-03,Montana,30,94890,1304
2021-02-03,Nebraska,31,193128,2042
2021-02-03,Nevada,32,280835,4376
2021-02-03,New Hampshire,33,66721,1076
2021-02-03,New Jersey,34,705807,21693
2021-02-03,New Mexico,35,175652,3340
2021-02-03,New York,36,1444199,43687
2021-02-03,North Carolina,37,777071,9625
2021-02-03,North Dakota,38,97961,1447
2021-02-03,Northern Mariana Islands,69,133,2
2021-02-03,Ohio,39,906727,11431
2021-02-03,Oklahoma,40,394283,3654
2021-02-03,Oregon,41,144605,2011
2021-02-03,Pennsylvania,42,859345,22010
2021-02-03,Puerto Rico,72,128277,1853
2021-02-03,Rhode Island,44,116704,2198
2021-02-03,South Carolina,45,450794,7394
2021-02-03,South Dakota,46,108639,1782
2021-02-03,Tennessee,47,719332,9939
2021-02-03,Texas,48,2448334,38203
2021-02-03,Utah,49,350000,1699
2021-02-03,Vermont,50,12329,179
2021-02-03,Virgin Islands,78,2430,24
2021-02-03,Virginia,51,513339,6575
2021-02-03,Washington,53,320502,4466
2021-02-03,West Virginia,54,122470,2058
2021-02-03,Wisconsin,55,595756,6500
2021-02-03,Wyoming,56,52288,624
2021-02-04,Alabama,01,467823,8365
2021-02-04,Alaska,02,54631,269
2021-02-04,Arizona,04,773636,13792
2021-02-04,Arkansas,05,302899,5009
2021-02-04,California,06,3381785,43062
2021-02-04,Colorado,08,403412,5774
2021-02-04,Connecticut,09,257941,7185
2021-02-04,Delaware,10,79225,1135
2021-02-04,District of Columbia,11,37365,932
2021-02-04,Florida,12,1752322,27246
2021-02-04,Georgia,13,904450,14315
2021-02-04,Guam,66,8591,130
2021-02-04,Hawaii,15,26101,413
2021-02-04,Idaho,16,164696,1749
2021-02-04,Illinois,17,1140341,21497
2021-02-04,Indiana,18,636830,11637
2021-02-04,Iowa,19,323216,5033
2021-02-04,Kansas,20,281951,3895
2021-02-04,Kentucky,21,375851,4117
2021-02-04,Louisiana,22,408995,9044
2021-02-04,Maine,23,40534,630
2021-02-04,Maryland,24,359214,7251
2021-02-04,Massachusetts,25,533921,14784
2021-02-04,Michigan,26,616705,15714
2021-02-04,Minnesota,27,465244,6319
2021-02-04,Mississippi,28,278532,6182
2021-02-04,Missouri,29,505891,7518
2021-02-04,Montana,30,95191,1310
2021-02-04,Nebraska,31,193612,2067
2021-02-04,Nevada,32,281780,4428
2021-02-04,New Hampshire,33,67117,1085
2021-02-04,New Jersey,34,709096,21793
2021-02-04,New Mexico,35,176211,3357
2021-02-04,New York,36,1451169,43842
2021-02-04,North Carolina,37,783575,9767
2021-02-04,North Dakota,38,98059,1447
2021-02-04,Northern Mariana Islands,69,133,2
2021-02-04,Ohio,39,910847,11510
2021-02-04,Oklahoma,40,397065,3681
2021-02-04,Oregon,41,145322,2018
2021-02-04,Pennsylvania,42,862763,22143
2021-02-04,Puerto Rico,72,128599,1861
2021-02-04,Rhode Island,44,117291,2209
2021-02-04,South Carolina,45,453878,7487
2021-02-04,South Dakota,46,108813,1788
2021-02-04,Tennessee,47,722288,10107
2021-02-04,Texas,48,2461907,38610
2021-02-04,Utah,49,351273,1711
2021-02-04,Vermont,50,12503,181
2021-02-04,Virgin Islands,78,2440,24
2021-02-04,Virginia,51,516398,6650
2021-02-04,Washington,53,321940,4492
2021-02-04,West Virginia,54,123044,2080
2021-02-04,Wisconsin,55,597475,6549
2021-02-04,Wyoming,56,52468,624
2021-02-05,Alabama,01,469319,8449
2021-02-05,Alaska,02,54880,269
2021-02-05,Arizona,04,777038,13965
2021-02-05,Arkansas,05,304723,5050
2021-02-05,California,06,3395797,43631
2021-02-05,Colorado,08,405200,5804
2021-02-05,Connecticut,09,259372,7214
2021-02-05,Delaware,10,79546,1191
2021-02-05,District of Columbia,11,37634,940
2021-02-05,Florida,12,1763865,27456
2021-02-05,Georgia,13,909170,14413
2021-02-05,Guam,66,8605,130
2021-02-05,Hawaii,15,26221,413
2021-02-05,Idaho,16,165058,1760
2021-02-05,Illinois,17,1143961,21603
2021-02-05,Indiana,18,638314,11686
2021-02-05,Iowa,19,323797,5067
2021-02-05,Kansas,20,284554,4101
2021-02-05,Kentucky,21,378276,4149
2021-02-05,Louisiana,22,409861,9076
2021-02-05,Maine,23,40799,632
2021-02-05,Maryland,24,360762,7287
2021-02-05,Massachusetts,25,537208,14859
2021-02-05,Michigan,26,618398,15739
2021-02-05,Minnesota,27,466292,6341
2021-02-05,Mississippi,28,279742,6222
2021-02-05,Missouri,29,507708,7540
2021-02-05,Montana,30,95539,1312
2021-02-05,Nebraska,31,194089,2076
2021-02-05,Nevada,32,282700,4466
2021-02-05,New Hampshire,33,67595,1091
2021-02-05,New Jersey,34,713324,21886
2021-02-05,New Mexico,35,176793,3380
2021-02-05,New York,36,1459066,44012
2021-02-05,North Carolina,37,788516,9880
2021-02-05,North Dakota,38,98120,1451
2021-02-05,Northern Mariana Islands,69,133,2
2021-02-05,Ohio,39,914530,11571
2021-02-05,Oklahoma,40,399727,3710
2021-02-05,Oregon,41,146137,2022
2021-02-05,Pennsylvania,42,867502,22273
2021-02-05,Puerto Rico,72,128679,1867
2021-02-05,Rhode Island,44,117891,2212
2021-02-05,South Carolina,45,459974,7553
2021-02-05,South Dakota,46,108944,1798
2021-02-05,Tennessee,47,724749,10307
2021-02-05,Texas,48,2476282,39039
2021-02-05,Utah,49,352489,1729
2021-02-05,Vermont,50,12612,181
2021-02-05,Virgin Islands,78,2449,24
2021-02-05,Virginia,51,521467,6732
2021-02-05,Washington,53,323334,4526
2021-02-05,West Virginia,54,123641,2100
2021-02-05,Wisconsin,55,598902,6579
2021-02-05,Wyoming,56,52576,624
2021-02-06,Alabama,01,471311,8513
2021-02-06,Alaska,02,54880,269
2021-02-06,Arizona,04,780200,14039
2021-02-06,Arkansas,05,306064,5061
2021-02-06,California,06,3407369,43987
2021-02-06,Colorado,08,406577,5819
2021-02-06,Connecticut,09,259372,7214
2021-02-06,Delaware,10,79832,1202
2021-02-06,District of Columbia,11,37877,947
2021-02-06,Florida,12,1771351,27598
2021-02-06,Georgia,13,913596,14642
2021-02-06,Guam,66,8612,130
2021-02-06,Hawaii,15,26325,413
2021-02-06,Idaho,16,165259,1769
2021-02-06,Illinois,17,1146952,21676
2021-02-06,Indiana,18,641133,11752
2021-02-06,Iowa,19,324306,5108
2021-02-06,Kansas,20,284554,4101
2021-02-06,Kentucky,21,380166,4202
2021-02-06,Louisiana,22,409861,9076
2021-02-06,Maine,23,41064,634
2021-02-06,Maryland,24,362263,7329
2021-02-06,Massachusetts,25,540827,14921
2021-02-06,Michigan,26,619463,15843
2021-02-06,Minnesota,27,467285,6357
2021-02-06,Mississippi,28,280778,6266
2021-02-06,Missouri,29,508465,7557
2021-02-06,Montana,30,95753,1313
2021-02-06,Nebraska,31,194422,2081
2021-02-06,Nevada,32,283459,4498
2021-02-06,New Hampshire,33,68061,1098
2021-02-06,New Jersey,34,717834,21964
2021-02-06,New Mexico,35,177214,3388
2021-02-06,New York,36,1470558,44210
2021-02-06,North Carolina,37,792618,9962
2021-02-06,North Dakota,38,98131,1453
2021-02-06,Northern Mariana Islands,69,133,2
2021-02-06,Ohio,39,918079,11652
2021-02-06,Oklahoma,40,401780,3761
2021-02-06,Oregon,41,146741,2032
2021-02-06,Pennsylvania,42,871435,22422
2021-02-06,Puerto Rico,72,128970,1872
2021-02-06,Rhode Island,44,117891,2212
2021-02-06,South Carolina,45,462981,7611
2021-02-06,South Dakota,46,109132,1804
2021-02-06,Tennessee,47,727428,10365
2021-02-06,Texas,48,2484782,39330
2021-02-06,Utah,49,353700,1733
2021-02-06,Vermont,50,12766,182
2021-02-06,Virgin Islands,78,2449,24
2021-02-06,Virginia,51,526176,6773
2021-02-06,Washington,53,323748,4527
2021-02-06,West Virginia,54,124190,2119
2021-02-06,Wisconsin,55,600016,6615
2021-02-06,Wyoming,56,52618,624
2021-02-07,Alabama,01,472423,8515
2021-02-07,Alaska,02,54880,269
2021-02-07,Arizona,04,780872,14051
2021-02-07,Arkansas,05,306736,5076
2021-02-07,California,06,3417563,44152
2021-02-07,Colorado,08,407701,5828
2021-02-07,Connecticut,09,259372,7214
2021-02-07,Delaware,10,80594,1208
2021-02-07,District of Columbia,11,38035,952
2021-02-07,Florida,12,1777975,27695
2021-02-07,Georgia,13,917063,14642
2021-02-07,Guam,66,8618,130
2021-02-07,Hawaii,15,26398,415
2021-02-07,Idaho,16,165259,1769
2021-02-07,Illinois,17,1148947,21738
2021-02-07,Indiana,18,642865,11817
2021-02-07,Iowa,19,324590,5108
2021-02-07,Kansas,20,284560,4101
2021-02-07,Kentucky,21,381271,4224
2021-02-07,Louisiana,22,411812,9119
2021-02-07,Maine,23,41218,635
2021-02-07,Maryland,24,363829,7349
2021-02-07,Massachusetts,25,543934,14999
2021-02-07,Michigan,26,619515,15843
2021-02-07,Minnesota,27,468186,6367
2021-02-07,Mississippi,28,281678,6269
2021-02-07,Missouri,29,508990,7562
2021-02-07,Montana,30,95813,1315
2021-02-07,Nebraska,31,194707,2081
2021-02-07,Nevada,32,284137,4521
2021-02-07,New Hampshire,33,68379,1104
2021-02-07,New Jersey,34,722166,21989
2021-02-07,New Mexico,35,177556,3401
2021-02-07,New York,36,1480481,44387
2021-02-07,North Carolina,37,796986,10017
2021-02-07,North Dakota,38,98180,1453
2021-02-07,Northern Mariana Islands,69,133,2
2021-02-07,Ohio,39,920217,11659
2021-02-07,Oklahoma,40,403954,3813
2021-02-07,Oregon,41,147122,2034
2021-02-07,Pennsylvania,42,875557,22493
2021-02-07,Puerto Rico,72,129454,1883
2021-02-07,Rhode Island,44,117891,2212
2021-02-07,South Carolina,45,466373,7651
2021-02-07,South Dakota,46,109229,1809
2021-02-07,Tennessee,47,729389,10370
2021-02-07,Texas,48,2492317,39490
2021-02-07,Utah,49,354608,1736
2021-02-07,Vermont,50,12900,183
2021-02-07,Virgin Islands,78,2466,24
2021-02-07,Virginia,51,529125,6778
2021-02-07,Washington,53,323947,4531
2021-02-07,West Virginia,54,124708,2129
2021-02-07,Wisconsin,55,600782,6617
2021-02-07,Wyoming,56,52627,624
2021-02-08,Alabama,01,473348,8523
2021-02-08,Alaska,02,55374,269
2021-02-08,Arizona,04,783229,14055
2021-02-08,Arkansas,05,307373,5106
2021-02-08,California,06,3431179,44440
2021-02-08,Colorado,08,408793,5832
2021-02-08,Connecticut,09,263739,7282
2021-02-08,Delaware,10,80931,1208
2021-02-08,District of Columbia,11,38136,956
2021-02-08,Florida,12,1783712,27814
2021-02-08,Georgia,13,919778,14679
2021-02-08,Guam,66,8633,131
2021-02-08,Hawaii,15,26428,415
2021-02-08,Idaho,16,165826,1778
2021-02-08,Illinois,17,1150869,21779
2021-02-08,Indiana,18,643898,11875
2021-02-08,Iowa,19,325219,5110
2021-02-08,Kansas,20,286026,4197
2021-02-08,Kentucky,21,382743,4276
2021-02-08,Louisiana,22,412989,9142
2021-02-08,Maine,23,41419,636
2021-02-08,Maryland,24,364732,7372
2021-02-08,Massachusetts,25,545303,15054
2021-02-08,Michigan,26,621737,15854
2021-02-08,Minnesota,27,468750,6370
2021-02-08,Mississippi,28,282313,6270
2021-02-08,Missouri,29,510376,7578
2021-02-08,Montana,30,95993,1315
2021-02-08,Nebraska,31,194957,2092
2021-02-08,Nevada,32,284679,4524
2021-02-08,New Hampshire,33,68499,1106
2021-02-08,New Jersey,34,724727,22011
2021-02-08,New Mexico,35,177867,3414
2021-02-08,New York,36,1489453,44512
2021-02-08,North Carolina,37,799879,10030
2021-02-08,North Dakota,38,98210,1454
2021-02-08,Northern Mariana Islands,69,133,2
2021-02-08,Ohio,39,922143,11695
2021-02-08,Oklahoma,40,404994,3817
2021-02-08,Oregon,41,147419,2043
2021-02-08,Pennsylvania,42,878679,22497
2021-02-08,Puerto Rico,72,129776,1888
2021-02-08,Rhode Island,44,119104,2236
2021-02-08,South Carolina,45,468403,7690
2021-02-08,South Dakota,46,109283,1809
2021-02-08,Tennessee,47,731454,10465
2021-02-08,Texas,48,2503200,39655
2021-02-08,Utah,49,355122,1739
2021-02-08,Vermont,50,13046,183
2021-02-08,Virgin Islands,78,2466,24
2021-02-08,Virginia,51,530825,6820
2021-02-08,Washington,53,326625,4540
2021-02-08,West Virginia,54,125106,2131
2021-02-08,Wisconsin,55,601391,6619
2021-02-08,Wyoming,56,52784,624
2021-02-09,Alabama,01,474666,8579
2021-02-09,Alaska,02,55500,269
2021-02-09,Arizona,04,788540,14317
2021-02-09,Arkansas,05,308848,5148
2021-02-09,California,06,3441692,44973
2021-02-09,Colorado,08,409652,5842
2021-02-09,Connecticut,09,264608,7298
2021-02-09,Delaware,10,81210,1221
2021-02-09,District of Columbia,11,38281,961
2021-02-09,Florida,12,1790735,28047
2021-02-09,Georgia,13,923544,14849
2021-02-09,Guam,66,8642,131
2021-02-09,Hawaii,15,26456,415
2021-02-09,Idaho,16,166241,1782
2021-02-09,Illinois,17,1152942,21802
2021-02-09,Indiana,18,645034,11942
2021-02-09,Iowa,19,326150,5145
2021-02-09,Kansas,20,286066,4197
2021-02-09,Kentucky,21,384958,4304
2021-02-09,Louisiana,22,414354,9162
2021-02-09,Maine,23,41630,639
2021-02-09,Maryland,24,365708,7413
2021-02-09,Massachusetts,25,546896,15124
2021-02-09,Michigan,26,622586,15914
2021-02-09,Minnesota,27,469322,6376
2021-02-09,Mississippi,28,282969,6342
2021-02-09,Missouri,29,511167,7589
2021-02-09,Montana,30,96371,1316
2021-02-09,Nebraska,31,195327,2100
2021-02-09,Nevada,32,285178,4565
2021-02-09,New Hampshire,33,68918,1109
2021-02-09,New Jersey,34,728304,22103
2021-02-09,New Mexico,35,178280,3432
2021-02-09,New York,36,1497732,44683
2021-02-09,North Carolina,37,803935,10088
2021-02-09,North Dakota,38,98205,1457
2021-02-09,Northern Mariana Islands,69,133,2
2021-02-09,Ohio,39,925350,11793
2021-02-09,Oklahoma,40,406064,3870
2021-02-09,Oregon,41,147932,2050
2021-02-09,Pennsylvania,42,883005,22656
2021-02-09,Puerto Rico,72,130017,1893
2021-02-09,Rhode Island,44,119434,2248
2021-02-09,South Carolina,45,470311,7693
2021-02-09,South Dakota,46,109405,1809
2021-02-09,Tennessee,47,732979,10528
2021-02-09,Texas,48,2516432,39973
2021-02-09,Utah,49,356040,1748
2021-02-09,Vermont,50,13105,186
2021-02-09,Virgin Islands,78,2485,24
2021-02-09,Virginia,51,534116,6898
2021-02-09,Washington,53,327397,4635
2021-02-09,West Virginia,54,125522,2150
2021-02-09,Wisconsin,55,602256,6669
2021-02-09,Wyoming,56,52830,647
2021-02-10,Alabama,01,476067,8888
2021-02-10,Alaska,02,55701,269
2021-02-10,Arizona,04,790271,14507
2021-02-10,Arkansas,05,309940,5174
2021-02-10,California,06,3450284,45436
2021-02-10,Colorado,08,410384,5868
2021-02-10,Connecticut,09,265496,7326
2021-02-10,Delaware,10,81461,1245
2021-02-10,District of Columbia,11,38348,965
2021-02-10,Florida,12,1798272,28207
2021-02-10,Georgia,13,926947,14966
2021-02-10,Guam,66,8652,131
2021-02-10,Hawaii,15,26507,420
2021-02-10,Idaho,16,166656,1793
2021-02-10,Illinois,17,1155802,21869
2021-02-10,Indiana,18,646476,12001
2021-02-10,Iowa,19,327061,5174
2021-02-10,Kansas,20,287914,4303
2021-02-10,Kentucky,21,387043,4339
2021-02-10,Louisiana,22,414687,9212
2021-02-10,Maine,23,41883,641
2021-02-10,Maryland,24,366845,7446
2021-02-10,Massachusetts,25,548946,15207
2021-02-10,Michigan,26,623920,15929
2021-02-10,Minnesota,27,469973,6387
2021-02-10,Mississippi,28,283753,6367
2021-02-10,Missouri,29,512440,7606
2021-02-10,Montana,30,96678,1321
2021-02-10,Nebraska,31,195828,2109
2021-02-10,Nevada,32,285869,4585
2021-02-10,New Hampshire,33,69247,1116
2021-02-10,New Jersey,34,732674,22191
2021-02-10,New Mexico,35,178790,3463
2021-02-10,New York,36,1504316,44851
2021-02-10,North Carolina,37,807554,10226
2021-02-10,North Dakota,38,98244,1459
2021-02-10,Northern Mariana Islands,69,133,2
2021-02-10,Ohio,39,928631,11856
2021-02-10,Oklahoma,40,407724,3900
2021-02-10,Oregon,41,148475,2060
2021-02-10,Pennsylvania,42,886115,22795
2021-02-10,Puerto Rico,72,130109,1897
2021-02-10,Rhode Island,44,119893,2259
2021-02-10,South Carolina,45,473140,7742
2021-02-10,South Dakota,46,109580,1815
2021-02-10,Tennessee,47,735597,10626
2021-02-10,Texas,48,2529516,40297
2021-02-10,Utah,49,357339,1766
2021-02-10,Vermont,50,13122,187
2021-02-10,Virgin Islands,78,2485,24
2021-02-10,Virginia,51,537319,6932
2021-02-10,Washington,53,328246,4675
2021-02-10,West Virginia,54,125951,2175
2021-02-10,Wisconsin,55,603257,6708
2021-02-10,Wyoming,56,52874,647
2021-02-11,Alabama,01,477570,9021
2021-02-11,Alaska,02,55850,269
2021-02-11,Arizona,04,792695,14690
2021-02-11,Arkansas,05,311043,5199
2021-02-11,California,06,3460901,45976
2021-02-11,Colorado,08,411997,5881
2021-02-11,Connecticut,09,266499,7354
2021-02-11,Delaware,10,81875,1262
2021-02-11,District of Columbia,11,38533,973
2021-02-11,Florida,12,1806797,28381
2021-02-11,Georgia,13,931043,15050
2021-02-11,Guam,66,8655,131
2021-02-11,Hawaii,15,26591,421
2021-02-11,Idaho,16,167026,1793
2021-02-11,Illinois,17,1158595,21985
2021-02-11,Indiana,18,648183,12027
2021-02-11,Iowa,19,327432,5196
2021-02-11,Kansas,20,288003,4303
2021-02-11,Kentucky,21,388867,4375
2021-02-11,Louisiana,22,417415,9239
2021-02-11,Maine,23,42058,641
2021-02-11,Maryland,24,368044,7467
2021-02-11,Massachusetts,25,551396,15269
2021-02-11,Michigan,26,625389,16009
2021-02-11,Minnesota,27,470871,6411
2021-02-11,Mississippi,28,284664,6390
2021-02-11,Missouri,29,513568,7798
2021-02-11,Montana,30,96938,1322
2021-02-11,Nebraska,31,196172,2117
2021-02-11,Nevada,32,286514,4640
2021-02-11,New Hampshire,33,69612,1117
2021-02-11,New Jersey,34,736330,22329
2021-02-11,New Mexico,35,179323,3481
2021-02-11,New York,36,1514327,44992
2021-02-11,North Carolina,37,812155,10336
2021-02-11,North Dakota,38,98383,1460
2021-02-11,Northern Mariana Islands,69,133,2
2021-02-11,Ohio,39,931437,12577
2021-02-11,Oklahoma,40,409401,3948
2021-02-11,Oregon,41,149082,2067
2021-02-11,Pennsylvania,42,890100,22908
2021-02-11,Puerto Rico,72,130251,1902
2021-02-11,Rhode Island,44,120381,2274
2021-02-11,South Carolina,45,476287,7837
2021-02-11,South Dakota,46,109859,1829
2021-02-11,Tennessee,47,737833,10721
2021-02-11,Texas,48,2541392,40661
2021-02-11,Utah,49,358581,1776
2021-02-11,Vermont,50,13249,188
2021-02-11,Virgin Islands,78,2505,25
2021-02-11,Virginia,51,541018,6958
2021-02-11,Washington,53,329170,4701
2021-02-11,West Virginia,54,126420,2187
2021-02-11,Wisconsin,55,604683,6725
2021-02-11,Wyoming,56,52979,647
2021-02-12,Alabama,01,478667,9180
2021-02-12,Alaska,02,56008,271
2021-02-12,Arizona,04,794224,14843
2021-02-12,Arkansas,05,311608,5212
2021-02-12,California,06,3470426,46435
2021-02-12,Colorado,08,414171,5893
2021-02-12,Connecticut,09,267337,7381
2021-02-12,Delaware,10,82263,1269
2021-02-12,District of Columbia,11,38670,976
2021-02-12,Florida,12,1814414,28564
2021-02-12,Georgia,13,934874,15239
2021-02-12,Guam,66,8658,131
2021-02-12,Hawaii,15,26672,422
2021-02-12,Idaho,16,167350,1801
2021-02-12,Illinois,17,1161206,22027
2021-02-12,Indiana,18,649610,12117
2021-02-12,Iowa,19,328565,5223
2021-02-12,Kansas,20,289210,4364
2021-02-12,Kentucky,21,390634,4420
2021-02-12,Louisiana,22,418585,9276
2021-02-12,Maine,23,42259,643
2021-02-12,Maryland,24,369156,7503
2021-02-12,Massachusetts,25,553812,15358
2021-02-12,Michigan,26,626793,16018
2021-02-12,Minnesota,27,471919,6430
2021-02-12,Mississippi,28,285648,6429
2021-02-12,Missouri,29,514627,7840
2021-02-12,Montana,30,97159,1325
2021-02-12,Nebraska,31,196616,2124
2021-02-12,Nevada,32,287091,4668
2021-02-12,New Hampshire,33,70072,1126
2021-02-12,New Jersey,34,740062,22393
2021-02-12,New Mexico,35,179724,3504
2021-02-12,New York,36,1523042,45138
2021-02-12,North Carolina,37,816212,10408
2021-02-12,North Dakota,38,98496,1461
2021-02-12,Northern Mariana Islands,69,134,2
2021-02-12,Ohio,39,934742,15136
2021-02-12,Oklahoma,40,410818,3959
2021-02-12,Oregon,41,149576,2109
2021-02-12,Pennsylvania,42,893359,23007
2021-02-12,Puerto Rico,72,130539,1907
2021-02-12,Rhode Island,44,120821,2290
2021-02-12,South Carolina,45,480157,7894
2021-02-12,South Dakota,46,110068,1831
2021-02-12,Tennessee,47,739996,10802
2021-02-12,Texas,48,2553677,41063
2021-02-12,Utah,49,359641,1786
2021-02-12,Vermont,50,13415,189
2021-02-12,Virgin Islands,78,2525,25
2021-02-12,Virginia,51,544209,6966
2021-02-12,Washington,53,330427,4739
2021-02-12,West Virginia,54,126887,2200
2021-02-12,Wisconsin,55,605785,6737
2021-02-12,Wyoming,56,53086,647
2021-02-13,Alabama,01,479856,9242
2021-02-13,Alaska,02,56008,271
2021-02-13,Arizona,04,796094,14957
2021-02-13,Arkansas,05,312562,5252
2021-02-13,California,06,3479586,46865
2021-02-13,Colorado,08,415261,5913
2021-02-13,Connecticut,09,267337,7381
2021-02-13,Delaware,10,82672,1282
2021-02-13,District of Columbia,11,38796,979
2021-02-13,Florida,12,1821929,28682
2021-02-13,Georgia,13,938577,15377
2021-02-13,Guam,66,8661,131
2021-02-13,Hawaii,15,26729,422
2021-02-13,Idaho,16,167566,1805
2021-02-13,Illinois,17,1163232,22087
2021-02-13,Indiana,18,650842,12149
2021-02-13,Iowa,19,329039,5236
2021-02-13,Kansas,20,289210,4364
2021-02-13,Kentucky,21,391449,4441
2021-02-13,Louisiana,22,418585,9276
2021-02-13,Maine,23,42419,647
2021-02-13,Maryland,24,370316,7536
2021-02-13,Massachusetts,25,555895,15424
2021-02-13,Michigan,26,628145,16108
2021-02-13,Minnesota,27,472859,6437
2021-02-13,Mississippi,28,286343,6461
2021-02-13,Missouri,29,515162,7870
2021-02-13,Montana,30,97338,1328
2021-02-13,Nebraska,31,197449,2123
2021-02-13,Nevada,32,287874,4695
2021-02-13,New Hampshire,33,70505,1130
2021-02-13,New Jersey,34,743819,22440
2021-02-13,New Mexico,35,180289,3518
2021-02-13,New York,36,1531797,45295
2021-02-13,North Carolina,37,819751,10482
2021-02-13,North Dakota,38,98581,1461
2021-02-13,Northern Mariana Islands,69,134,2
2021-02-13,Ohio,39,937541,16340
2021-02-13,Oklahoma,40,412276,3994
2021-02-13,Oregon,41,150034,2137
2021-02-13,Pennsylvania,42,897038,23114
2021-02-13,Puerto Rico,72,130928,1915
2021-02-13,Rhode Island,44,120821,2290
2021-02-13,South Carolina,45,483140,7911
2021-02-13,South Dakota,46,110205,1838
2021-02-13,Tennessee,47,741816,10811
2021-02-13,Texas,48,2561684,41320
2021-02-13,Utah,49,360642,1790
2021-02-13,Vermont,50,13561,189
2021-02-13,Virgin Islands,78,2525,25
2021-02-13,Virginia,51,547424,6996
2021-02-13,Washington,53,331033,4739
2021-02-13,West Virginia,54,127282,2201
2021-02-13,Wisconsin,55,606651,6747
2021-02-13,Wyoming,56,53086,647
2021-02-14,Alabama,01,480931,9242
2021-02-14,Alaska,02,56008,271
2021-02-14,Arizona,04,797537,14978
2021-02-14,Arkansas,05,313028,5265
2021-02-14,California,06,3485533,47055
2021-02-14,Colorado,08,415857,5921
2021-02-14,Connecticut,09,267337,7381
2021-02-14,Delaware,10,83003,1283
2021-02-14,District of Columbia,11,38918,979
2021-02-14,Florida,12,1827365,28778
2021-02-14,Georgia,13,940451,15397
2021-02-14,Guam,66,8664,131
2021-02-14,Hawaii,15,26772,423
2021-02-14,Idaho,16,167566,1805
2021-02-14,Illinois,17,1164743,22121
2021-02-14,Indiana,18,652060,12173
2021-02-14,Iowa,19,329258,5236
2021-02-14,Kansas,20,289225,4364
2021-02-14,Kentucky,21,392990,4447
2021-02-14,Louisiana,22,419891,9292
2021-02-14,Maine,23,42529,649
2021-02-14,Maryland,24,371163,7554
2021-02-14,Massachusetts,25,557777,15484
2021-02-14,Michigan,26,628199,16108
2021-02-14,Minnesota,27,473635,6444
2021-02-14,Mississippi,28,287436,6462
2021-02-14,Missouri,29,515507,7875
2021-02-14,Montana,30,97425,1328
2021-02-14,Nebraska,31,197658,2123
2021-02-14,Nevada,32,288483,4709
2021-02-14,New Hampshire,33,70785,1133
2021-02-14,New Jersey,34,745987,22454
2021-02-14,New Mexico,35,180571,3531
2021-02-14,New York,36,1540127,45431
2021-02-14,North Carolina,37,822542,10524
2021-02-14,North Dakota,38,98627,1461
2021-02-14,Northern Mariana Islands,69,134,2
2021-02-14,Ohio,39,939350,16346
2021-02-14,Oklahoma,40,413542,4024
2021-02-14,Oregon,41,150281,2137
2021-02-14,Pennsylvania,42,899474,23136
2021-02-14,Puerto Rico,72,131224,1919
2021-02-14,Rhode Island,44,120821,2290
2021-02-14,South Carolina,45,487293,7998
2021-02-14,South Dakota,46,110315,1844
2021-02-14,Tennessee,47,743266,10842
2021-02-14,Texas,48,2566191,41440
2021-02-14,Utah,49,361353,1794
2021-02-14,Vermont,50,13677,189
2021-02-14,Virgin Islands,78,2525,25
2021-02-14,Virginia,51,549999,7012
2021-02-14,Washington,53,331164,4739
2021-02-14,West Virginia,54,127588,2210
2021-02-14,Wisconsin,55,607213,6748
2021-02-14,Wyoming,56,53136,647
2021-02-15,Alabama,01,481605,9244
2021-02-15,Alaska,02,56008,271
2021-02-15,Arizona,04,798845,14978
2021-02-15,Arkansas,05,313348,5275
2021-02-15,California,06,3490542,47115
2021-02-15,Colorado,08,416905,5924
2021-02-15,Connecticut,09,270242,7447
2021-02-15,Delaware,10,83239,1283
2021-02-15,District of Columbia,11,39001,980
2021-02-15,Florida,12,1830980,28933
2021-02-15,Georgia,13,942484,15451
2021-02-15,Guam,66,8668,131
2021-02-15,Hawaii,15,26803,423
2021-02-15,Idaho,16,167566,1805
2021-02-15,Illinois,17,1166098,22166
2021-02-15,Indiana,18,652836,12191
2021-02-15,Iowa,19,329726,5237
2021-02-15,Kansas,20,290510,4406
2021-02-15,Kentucky,21,393775,4464
2021-02-15,Louisiana,22,420394,9325
2021-02-15,Maine,23,42677,649
2021-02-15,Maryland,24,371885,7580
2021-02-15,Massachusetts,25,559350,15517
2021-02-15,Michigan,26,629490,16119
2021-02-15,Minnesota,27,474237,6446
2021-02-15,Mississippi,28,287980,6464
2021-02-15,Missouri,29,515870,7879
2021-02-15,Montana,30,97575,1329
2021-02-15,Nebraska,31,197761,2124
2021-02-15,Nevada,32,288764,4722
2021-02-15,New Hampshire,33,71017,1135
2021-02-15,New Jersey,34,747432,22466
2021-02-15,New Mexico,35,180761,3540
2021-02-15,New York,36,1546665,45552
2021-02-15,North Carolina,37,825692,10545
2021-02-15,North Dakota,38,98673,1461
2021-02-15,Northern Mariana Islands,69,134,2
2021-02-15,Ohio,39,941265,16394
2021-02-15,Oklahoma,40,414272,4041
2021-02-15,Oregon,41,150464,2137
2021-02-15,Pennsylvania,42,901245,23157
2021-02-15,Puerto Rico,72,131452,1920
2021-02-15,Rhode Island,44,121787,2334
2021-02-15,South Carolina,45,489018,8034
2021-02-15,South Dakota,46,110376,1844
2021-02-15,Tennessee,47,745150,10846
2021-02-15,Texas,48,2569113,41484
2021-02-15,Utah,49,361815,1796
2021-02-15,Vermont,50,13862,190
2021-02-15,Virgin Islands,78,2542,25
2021-02-15,Virginia,51,551538,7016
2021-02-15,Washington,53,331305,4739
2021-02-15,West Virginia,54,127889,2212
2021-02-15,Wisconsin,55,607639,6753
2021-02-15,Wyoming,56,53136,647
2021-02-16,Alabama,01,482488,9257
2021-02-16,Alaska,02,56504,276
2021-02-16,Arizona,04,799944,14981
2021-02-16,Arkansas,05,313525,5287
2021-02-16,California,06,3499336,47446
2021-02-16,Colorado,08,417688,5932
2021-02-16,Connecticut,09,270822,7449
2021-02-16,Delaware,10,83369,1291
2021-02-16,District of Columbia,11,39131,982
2021-02-16,Florida,12,1837277,29153
2021-02-16,Georgia,13,945339,15691
2021-02-16,Guam,66,8670,131
2021-02-16,Hawaii,15,26819,423
2021-02-16,Idaho,16,168097,1808
2021-02-16,Illinois,17,1167889,22199
2021-02-16,Indiana,18,653713,12231
2021-02-16,Iowa,19,330318,5263
2021-02-16,Kansas,20,290556,4406
2021-02-16,Kentucky,21,394829,4491
2021-02-16,Louisiana,22,420394,9325
2021-02-16,Maine,23,42768,651
2021-02-16,Maryland,24,372403,7612
2021-02-16,Massachusetts,25,560576,15567
2021-02-16,Michigan,26,630605,16138
2021-02-16,Minnesota,27,474689,6448
2021-02-16,Mississippi,28,288714,6501
2021-02-16,Missouri,29,516710,7888
2021-02-16,Montana,30,97759,1332
2021-02-16,Nebraska,31,197904,2128
2021-02-16,Nevada,32,289094,4736
2021-02-16,New Hampshire,33,71215,1136
2021-02-16,New Jersey,34,751065,22497
2021-02-16,New Mexico,35,181061,3552
2021-02-16,New York,36,1553374,45683
2021-02-16,North Carolina,37,827985,10611
2021-02-16,North Dakota,38,98811,1461
2021-02-16,Northern Mariana Islands,69,134,2
2021-02-16,Ohio,39,943291,16453
2021-02-16,Oklahoma,40,414780,4061
2021-02-16,Oregon,41,150875,2138
2021-02-16,Pennsylvania,42,904203,23166
2021-02-16,Puerto Rico,72,131932,1924
2021-02-16,Rhode Island,44,122072,2344
2021-02-16,South Carolina,45,490453,8055
2021-02-16,South Dakota,46,110593,1844
2021-02-16,Tennessee,47,746183,10862
2021-02-16,Texas,48,2572743,41546
2021-02-16,Utah,49,362406,1797
2021-02-16,Vermont,50,13917,191
2021-02-16,Virgin Islands,78,2542,25
2021-02-16,Virginia,51,553308,7037
2021-02-16,Washington,53,333185,4777
2021-02-16,West Virginia,54,128117,2216
2021-02-16,Wisconsin,55,608420,6792
2021-02-16,Wyoming,56,53351,662
2021-02-17,Alabama,01,483167,9346
2021-02-17,Alaska,02,56559,277
2021-02-17,Arizona,04,801741,15084
2021-02-17,Arkansas,05,314192,5313
2021-02-17,California,06,3505610,47902
2021-02-17,Colorado,08,418822,5945
2021-02-17,Connecticut,09,271356,7476
2021-02-17,Delaware,10,83581,1316
2021-02-17,District of Columbia,11,39180,985
2021-02-17,Florida,12,1844619,29310
2021-02-17,Georgia,13,948719,15779
2021-02-17,Guam,66,8672,131
2021-02-17,Hawaii,15,26846,424
2021-02-17,Idaho,16,168503,1819
2021-02-17,Illinois,17,1169747,22224
2021-02-17,Indiana,18,654636,12250
2021-02-17,Iowa,19,330906,5306
2021-02-17,Kansas,20,291868,4521
2021-02-17,Kentucky,21,395766,4511
2021-02-17,Louisiana,22,421018,9391
2021-02-17,Maine,23,42872,654
2021-02-17,Maryland,24,373161,7630
2021-02-17,Massachusetts,25,561936,15623
2021-02-17,Michigan,26,631932,16151
2021-02-17,Minnesota,27,475447,6458
2021-02-17,Mississippi,28,289398,6524
2021-02-17,Missouri,29,517798,7929
2021-02-17,Montana,30,97995,1335
2021-02-17,Nebraska,31,198215,2146
2021-02-17,Nevada,32,289465,4776
2021-02-17,New Hampshire,33,71965,1148
2021-02-17,New Jersey,34,755174,22589
2021-02-17,New Mexico,35,181332,3564
2021-02-17,New York,36,1559299,45807
2021-02-17,North Carolina,37,830932,10712
2021-02-17,North Dakota,38,98931,1461
2021-02-17,Northern Mariana Islands,69,135,2
2021-02-17,Ohio,39,945107,16513
2021-02-17,Oklahoma,40,415858,4089
2021-02-17,Oregon,41,151257,2149
2021-02-17,Pennsylvania,42,907736,23360
2021-02-17,Puerto Rico,72,132043,1930
2021-02-17,Rhode Island,44,122440,2352
2021-02-17,South Carolina,45,492369,8117
2021-02-17,South Dakota,46,110685,1844
2021-02-17,Tennessee,47,747117,10892
2021-02-17,Texas,48,2577230,41650
2021-02-17,Utah,49,363306,1806
2021-02-17,Vermont,50,13996,191
2021-02-17,Virgin Islands,78,2545,25
2021-02-17,Virginia,51,555592,7075
2021-02-17,Washington,53,334284,4824
2021-02-17,West Virginia,54,128405,2225
2021-02-17,Wisconsin,55,609192,6803
2021-02-17,Wyoming,56,53450,662
2021-02-18,Alabama,01,484365,9424
2021-02-18,Alaska,02,56768,277
2021-02-18,Arizona,04,803158,15294
2021-02-18,Arkansas,05,314445,5323
2021-02-18,California,06,3513458,48334
2021-02-18,Colorado,08,420094,5966
2021-02-18,Connecticut,09,271903,7496
2021-02-18,Delaware,10,83852,1326
2021-02-18,District of Columbia,11,39301,992
2021-02-18,Florida,12,1849736,29473
2021-02-18,Georgia,13,952133,15906
2021-02-18,Guam,66,8674,131
2021-02-18,Hawaii,15,26906,425
2021-02-18,Idaho,16,168783,1828
2021-02-18,Illinois,17,1171687,22297
2021-02-18,Indiana,18,655396,12281
2021-02-18,Iowa,19,331502,5321
2021-02-18,Kansas,20,291962,4526
2021-02-18,Kentucky,21,396800,4539
2021-02-18,Louisiana,22,421846,9406
2021-02-18,Maine,23,43090,655
2021-02-18,Maryland,24,374148,7661
2021-02-18,Massachusetts,25,563976,15686
2021-02-18,Michigan,26,633131,16243
2021-02-18,Minnesota,27,476360,6472
2021-02-18,Mississippi,28,289532,6531
2021-02-18,Missouri,29,518605,8087
2021-02-18,Montana,30,98211,1338
2021-02-18,Nebraska,31,198481,2151
2021-02-18,Nevada,32,289962,4807
2021-02-18,New Hampshire,33,72399,1150
2021-02-18,New Jersey,34,758450,22721
2021-02-18,New Mexico,35,181739,3582
2021-02-18,New York,36,1568881,45957
2021-02-18,North Carolina,37,834923,10804
2021-02-18,North Dakota,38,99064,1465
2021-02-18,Northern Mariana Islands,69,135,2
2021-02-18,Ohio,39,947389,16611
2021-02-18,Oklahoma,40,416476,4112
2021-02-18,Oregon,41,151713,2155
2021-02-18,Pennsylvania,42,911033,23452
2021-02-18,Puerto Rico,72,132121,1940
2021-02-18,Rhode Island,44,122859,2367
2021-02-18,South Carolina,45,495044,8155
2021-02-18,South Dakota,46,110871,1847
2021-02-18,Tennessee,47,748207,10964
2021-02-18,Texas,48,2579584,41764
2021-02-18,Utah,49,364457,1813
2021-02-18,Vermont,50,14149,193
2021-02-18,Virgin Islands,78,2558,25
2021-02-18,Virginia,51,557896,7090
2021-02-18,Washington,53,335338,4868
2021-02-18,West Virginia,54,128760,2236
2021-02-18,Wisconsin,55,610056,6820
2021-02-18,Wyoming,56,53531,662
2021-02-19,Alabama,01,485212,9573
2021-02-19,Alaska,02,56979,278
2021-02-19,Arizona,04,805037,15439
2021-02-19,Arkansas,05,314713,5336
2021-02-19,California,06,3521349,48794
2021-02-19,Colorado,08,421327,5980
2021-02-19,Connecticut,09,273101,7523
2021-02-19,Delaware,10,84181,1343
2021-02-19,District of Columbia,11,39461,993
2021-02-19,Florida,12,1856419,29691
2021-02-19,Georgia,13,955724,16110
2021-02-19,Guam,66,8684,131
2021-02-19,Hawaii,15,26962,427
2021-02-19,Idaho,16,169084,1829
2021-02-19,Illinois,17,1173897,22368
2021-02-19,Indiana,18,656433,12325
2021-02-19,Iowa,19,331747,5336
2021-02-19,Kansas,20,293869,4614
2021-02-19,Kentucky,21,398665,4562
2021-02-19,Louisiana,22,422287,9440
2021-02-19,Maine,23,43224,656
2021-02-19,Maryland,24,375156,7677
2021-02-19,Massachusetts,25,565794,15726
2021-02-19,Michigan,26,634539,16265
2021-02-19,Minnesota,27,477355,6480
2021-02-19,Mississippi,28,289892,6534
2021-02-19,Missouri,29,519441,8140
2021-02-19,Montana,30,98465,1340
2021-02-19,Nebraska,31,198949,2167
2021-02-19,Nevada,32,290399,4838
2021-02-19,New Hampshire,33,72767,1152
2021-02-19,New Jersey,34,761496,22784
2021-02-19,New Mexico,35,182050,3601
2021-02-19,New York,36,1577454,46119
2021-02-19,North Carolina,37,838126,10863
2021-02-19,North Dakota,38,99183,1465
2021-02-19,Northern Mariana Islands,69,135,2
2021-02-19,Ohio,39,949695,16693
2021-02-19,Oklahoma,40,417345,4132
2021-02-19,Oregon,41,152190,2155
2021-02-19,Pennsylvania,42,913825,23529
2021-02-19,Puerto Rico,72,132239,1947
2021-02-19,Rhode Island,44,123145,2376
2021-02-19,South Carolina,45,497937,8213
2021-02-19,South Dakota,46,111018,1853
2021-02-19,Tennessee,47,749512,10971
2021-02-19,Texas,48,2585482,42000
2021-02-19,Utah,49,365314,1834
2021-02-19,Vermont,50,14251,193
2021-02-19,Virgin Islands,78,2575,25
2021-02-19,Virginia,51,559930,7098
2021-02-19,Washington,53,336184,4886
2021-02-19,West Virginia,54,129055,2248
2021-02-19,Wisconsin,55,610974,6856
2021-02-19,Wyoming,56,53683,662
2021-02-20,Alabama,01,485986,9590
2021-02-20,Alaska,02,56979,278
2021-02-20,Arizona,04,807163,15480
2021-02-20,Arkansas,05,315230,5348
2021-02-20,California,06,3527411,49111
2021-02-20,Colorado,08,422240,5984
2021-02-20,Connecticut,09,273101,7523
2021-02-20,Delaware,10,84531,1366
2021-02-20,District of Columbia,11,39553,994
2021-02-20,Florida,12,1863699,29812
2021-02-20,Georgia,13,958998,16233
2021-02-20,Guam,66,8685,131
2021-02-20,Hawaii,15,27011,427
2021-02-20,Idaho,16,169229,1829
2021-02-20,Illinois,17,1175781,22426
2021-02-20,Indiana,18,657848,12336
2021-02-20,Iowa,19,332225,5336
2021-02-20,Kansas,20,294010,4614
2021-02-20,Kentucky,21,400011,4585
2021-02-20,Louisiana,22,422287,9440
2021-02-20,Maine,23,43367,658
2021-02-20,Maryland,24,375919,7697
2021-02-20,Massachusetts,25,567764,15779
2021-02-20,Michigan,26,635359,16332
2021-02-20,Minnesota,27,478225,6491
2021-02-20,Mississippi,28,290242,6553
2021-02-20,Missouri,29,519922,8151
2021-02-20,Montana,30,98681,1342
2021-02-20,Nebraska,31,199162,2169
2021-02-20,Nevada,32,290742,4870
2021-02-20,New Hampshire,33,73161,1153
2021-02-20,New Jersey,34,764374,22834
2021-02-20,New Mexico,35,182475,3612
2021-02-20,New York,36,1585692,46233
2021-02-20,North Carolina,37,841315,10930
2021-02-20,North Dakota,38,99258,1467
2021-02-20,Northern Mariana Islands,69,135,2
2021-02-20,Ohio,39,952306,16749
2021-02-20,Oklahoma,40,418318,4155
2021-02-20,Oregon,41,152711,2159
2021-02-20,Pennsylvania,42,916378,23615
2021-02-20,Puerto Rico,72,132450,1957
2021-02-20,Rhode Island,44,123145,2376
2021-02-20,South Carolina,45,501277,8256
2021-02-20,South Dakota,46,111165,1859
2021-02-20,Tennessee,47,750628,11022
2021-02-20,Texas,48,2590989,42202
2021-02-20,Utah,49,366091,1842
2021-02-20,Vermont,50,14359,196
2021-02-20,Virgin Islands,78,2575,25
2021-02-20,Virginia,51,561812,7197
2021-02-20,Washington,53,336819,4886
2021-02-20,West Virginia,54,129364,2254
2021-02-20,Wisconsin,55,611789,6875
2021-02-20,Wyoming,56,53683,662
2021-02-21,Alabama,01,486843,9592
2021-02-21,Alaska,02,56979,278
2021-02-21,Arizona,04,808247,15505
2021-02-21,Arkansas,05,315514,5357
2021-02-21,California,06,3532057,49340
2021-02-21,Colorado,08,423208,5989
2021-02-21,Connecticut,09,273101,7523
2021-02-21,Delaware,10,84732,1367
2021-02-21,District of Columbia,11,39648,995
2021-02-21,Florida,12,1868764,29905
2021-02-21,Georgia,13,960697,16235
2021-02-21,Guam,66,8689,131
2021-02-21,Hawaii,15,27075,428
2021-02-21,Idaho,16,169229,1829
2021-02-21,Illinois,17,1177301,22466
2021-02-21,Indiana,18,658730,12372
2021-02-21,Iowa,19,332640,5336
2021-02-21,Kansas,20,294010,4614
2021-02-21,Kentucky,21,400952,4604
2021-02-21,Louisiana,22,424176,9466
2021-02-21,Maine,23,43497,658
2021-02-21,Maryland,24,376537,7715
2021-02-21,Massachusetts,25,569284,15826
2021-02-21,Michigan,26,635369,16332
2021-02-21,Minnesota,27,479104,6500
2021-02-21,Mississippi,28,290632,6553
2021-02-21,Missouri,29,520226,8151
2021-02-21,Montana,30,98779,1343
2021-02-21,Nebraska,31,199362,2169
2021-02-21,Nevada,32,291024,4872
2021-02-21,New Hampshire,33,73413,1154
2021-02-21,New Jersey,34,766405,22858
2021-02-21,New Mexico,35,182789,3626
2021-02-21,New York,36,1591929,46346
2021-02-21,North Carolina,37,843395,10957
2021-02-21,North Dakota,38,99307,1468
2021-02-21,Northern Mariana Islands,69,143,2
2021-02-21,Ohio,39,953767,16816
2021-02-21,Oklahoma,40,419354,4181
2021-02-21,Oregon,41,152818,2159
2021-02-21,Pennsylvania,42,918174,23640
2021-02-21,Puerto Rico,72,132699,1979
2021-02-21,Rhode Island,44,123145,2376
2021-02-21,South Carolina,45,504149,8324
2021-02-21,South Dakota,46,111304,1863
2021-02-21,Tennessee,47,751663,11040
2021-02-21,Texas,48,2597379,42321
2021-02-21,Utah,49,366792,1852
2021-02-21,Vermont,50,14493,197
2021-02-21,Virgin Islands,78,2575,25
2021-02-21,Virginia,51,564115,7331
2021-02-21,Washington,53,336945,4886
2021-02-21,West Virginia,54,129616,2261
2021-02-21,Wisconsin,55,612240,6875
2021-02-21,Wyoming,56,53795,662
2021-02-22,Alabama,01,487520,9592
2021-02-22,Alaska,02,57316,279
2021-02-22,Arizona,04,809899,15502
2021-02-22,Arkansas,05,315759,5363
2021-02-22,California,06,3537033,49531
2021-02-22,Colorado,08,424097,5990
2021-02-22,Connecticut,09,275334,7562
2021-02-22,Delaware,10,85090,1368
2021-02-22,District of Columbia,11,39755,995
2021-02-22,Florida,12,1872915,30064
2021-02-22,Georgia,13,962215,16313
2021-02-22,Guam,66,8696,131
2021-02-22,Hawaii,15,27124,428
2021-02-22,Idaho,16,169723,1828
2021-02-22,Illinois,17,1178702,22506
2021-02-22,Indiana,18,659547,12407
2021-02-22,Iowa,19,333087,5374
2021-02-22,Kansas,20,294873,4643
2021-02-22,Kentucky,21,401579,4619
2021-02-22,Louisiana,22,424644,9477
2021-02-22,Maine,23,43594,658
2021-02-22,Maryland,24,377148,7732
2021-02-22,Massachusetts,25,570546,15853
2021-02-22,Michigan,26,637100,16334
2021-02-22,Minnesota,27,479659,6501
2021-02-22,Mississippi,28,290874,6553
2021-02-22,Missouri,29,521050,8167
2021-02-22,Montana,30,98929,1342
2021-02-22,Nebraska,31,199619,2171
2021-02-22,Nevada,32,291198,4882
2021-02-22,New Hampshire,33,73665,1154
2021-02-22,New Jersey,34,769109,22874
2021-02-22,New Mexico,35,183023,3637
2021-02-22,New York,36,1598226,46454
2021-02-22,North Carolina,37,846084,10976
2021-02-22,North Dakota,38,99342,1468
2021-02-22,Northern Mariana Islands,69,143,2
2021-02-22,Ohio,39,955378,16874
2021-02-22,Oklahoma,40,419853,4203
2021-02-22,Oregon,41,153139,2166
2021-02-22,Pennsylvania,42,920025,23657
2021-02-22,Puerto Rico,72,132872,1983
2021-02-22,Rhode Island,44,123980,2466
2021-02-22,South Carolina,45,505589,8332
2021-02-22,South Dakota,46,111334,1863
2021-02-22,Tennessee,47,752816,11059
2021-02-22,Texas,48,2604710,42484
2021-02-22,Utah,49,367130,1853
2021-02-22,Vermont,50,14608,198
2021-02-22,Virgin Islands,78,2579,25
2021-02-22,Virginia,51,565270,7486
2021-02-22,Washington,53,338309,4924
2021-02-22,West Virginia,54,129854,2263
2021-02-22,Wisconsin,55,612713,6876
2021-02-22,Wyoming,56,53900,662
2021-02-23,Alabama,01,488973,9660
2021-02-23,Alaska,02,57371,279
2021-02-23,Arizona,04,811560,15651
2021-02-23,Arkansas,05,316593,5377
2021-02-23,California,06,3543293,49869
2021-02-23,Colorado,08,425155,6003
2021-02-23,Connecticut,09,276691,7572
2021-02-23,Delaware,10,85228,1379
2021-02-23,District of Columbia,11,39844,998
2021-02-23,Florida,12,1878525,30212
2021-02-23,Georgia,13,966131,16401
2021-02-23,Guam,66,8696,131
2021-02-23,Hawaii,15,27168,428
2021-02-23,Idaho,16,170013,1842
2021-02-23,Illinois,17,1180421,22528
2021-02-23,Indiana,18,660229,12450
2021-02-23,Iowa,19,333962,5400
2021-02-23,Kansas,20,294885,4643
2021-02-23,Kentucky,21,402943,4636
2021-02-23,Louisiana,22,426048,9503
2021-02-23,Maine,23,43736,660
2021-02-23,Maryland,24,377810,7762
2021-02-23,Massachusetts,25,571783,15883
2021-02-23,Michigan,26,638824,16371
2021-02-23,Minnesota,27,480159,6502
2021-02-23,Mississippi,28,291222,6577
2021-02-23,Missouri,29,521782,8284
2021-02-23,Montana,30,99161,1347
2021-02-23,Nebraska,31,199837,2172
2021-02-23,Nevada,32,291698,4903
2021-02-23,New Hampshire,33,73923,1155
2021-02-23,New Jersey,34,772267,22978
2021-02-23,New Mexico,35,183335,3646
2021-02-23,New York,36,1605149,46562
2021-02-23,North Carolina,37,847652,11007
2021-02-23,North Dakota,38,99446,1469
2021-02-23,Northern Mariana Islands,69,143,2
2021-02-23,Ohio,39,958153,16972
2021-02-23,Oklahoma,40,420212,4227
2021-02-23,Oregon,41,153645,2171
2021-02-23,Pennsylvania,42,922848,23749
2021-02-23,Puerto Rico,72,133091,1986
2021-02-23,Rhode Island,44,124262,2476
2021-02-23,South Carolina,45,506912,8357
2021-02-23,South Dakota,46,111546,1863
2021-02-23,Tennessee,47,754161,11108
2021-02-23,Texas,48,2614977,42728
2021-02-23,Utah,49,367846,1865
2021-02-23,Vermont,50,14691,199
2021-02-23,Virgin Islands,78,2589,25
2021-02-23,Virginia,51,567039,7658
2021-02-23,Washington,53,339051,4947
2021-02-23,West Virginia,54,130139,2274
2021-02-23,Wisconsin,55,613427,6914
2021-02-23,Wyoming,56,53944,671
2021-02-24,Alabama,01,490220,9744
2021-02-24,Alaska,02,57550,279
2021-02-24,Arizona,04,812653,15693
2021-02-24,Arkansas,05,317396,5387
2021-02-24,California,06,3549145,50953
2021-02-24,Colorado,08,426281,6012
2021-02-24,Connecticut,09,278184,7595
2021-02-24,Delaware,10,85506,1402
2021-02-24,District of Columbia,11,39943,1001
2021-02-24,Florida,12,1885653,30339
2021-02-24,Georgia,13,969603,16532
2021-02-24,Guam,66,8698,131
2021-02-24,Hawaii,15,27211,432
2021-02-24,Idaho,16,170351,1842
2021-02-24,Illinois,17,1182402,22575
2021-02-24,Indiana,18,661241,12467
2021-02-24,Iowa,19,334665,5415
2021-02-24,Kansas,20,295991,4724
2021-02-24,Kentucky,21,404242,4686
2021-02-24,Louisiana,22,426925,9528
2021-02-24,Maine,23,43900,677
2021-02-24,Maryland,24,378672,7789
2021-02-24,Massachusetts,25,573885,15945
2021-02-24,Michigan,26,640353,16380
2021-02-24,Minnesota,27,480913,6511
2021-02-24,Mississippi,28,291891,6605
2021-02-24,Missouri,29,522611,8316
2021-02-24,Montana,30,99363,1349
2021-02-24,Nebraska,31,200260,2179
2021-02-24,Nevada,32,292100,4922
2021-02-24,New Hampshire,33,74258,1157
2021-02-24,New Jersey,34,775385,23035
2021-02-24,New Mexico,35,183781,3660
2021-02-24,New York,36,1611288,46680
2021-02-24,North Carolina,37,850960,11100
2021-02-24,North Dakota,38,99561,1470
2021-02-24,Northern Mariana Islands,69,143,2
2021-02-24,Ohio,39,959995,17048
2021-02-24,Oklahoma,40,421010,4264
2021-02-24,Oregon,41,154069,2204
2021-02-24,Pennsylvania,42,925662,23832
2021-02-24,Puerto Rico,72,133134,2007
2021-02-24,Rhode Island,44,124718,2487
2021-02-24,South Carolina,45,509044,8398
2021-02-24,South Dakota,46,111808,1864
2021-02-24,Tennessee,47,755637,11175
2021-02-24,Texas,48,2622573,43053
2021-02-24,Utah,49,368658,1879
2021-02-24,Vermont,50,14768,201
2021-02-24,Virgin Islands,78,2623,25
2021-02-24,Virginia,51,568946,7807
2021-02-24,Washington,53,339913,4988
2021-02-24,West Virginia,54,130382,2285
2021-02-24,Wisconsin,55,614271,6940
2021-02-24,Wyoming,56,53988,671
2021-02-25,Alabama,01,491110,9831
2021-02-25,Alaska,02,57735,279
2021-02-25,Arizona,04,813898,15821
2021-02-25,Arkansas,05,318122,5397
2021-02-25,California,06,3554779,51385
2021-02-25,Colorado,08,427499,6019
2021-02-25,Connecticut,09,279159,7614
2021-02-25,Delaware,10,85801,1406
2021-02-25,District of Columbia,11,40122,1005
2021-02-25,Florida,12,1892293,30477
2021-02-25,Georgia,13,972984,16663
2021-02-25,Guam,66,8699,131
2021-02-25,Hawaii,15,27247,432
2021-02-25,Idaho,16,170735,1855
2021-02-25,Illinois,17,1184374,22607
2021-02-25,Indiana,18,662332,12494
2021-02-25,Iowa,19,335222,5438
2021-02-25,Kansas,20,296047,4724
2021-02-25,Kentucky,21,405637,4722
2021-02-25,Louisiana,22,427689,9561
2021-02-25,Maine,23,44117,701
2021-02-25,Maryland,24,379648,7805
2021-02-25,Massachusetts,25,575993,15978
2021-02-25,Michigan,26,641925,16428
2021-02-25,Minnesota,27,481899,6518
2021-02-25,Mississippi,28,292811,6613
2021-02-25,Missouri,29,523311,8355
2021-02-25,Montana,30,99566,1351
2021-02-25,Nebraska,31,200663,2183
2021-02-25,Nevada,32,292689,4934
2021-02-25,New Hampshire,33,74568,1163
2021-02-25,New Jersey,34,778960,23105
2021-02-25,New Mexico,35,184080,3673
2021-02-25,New York,36,1620181,46790
2021-02-25,North Carolina,37,854394,11162
2021-02-25,North Dakota,38,99651,1471
2021-02-25,Northern Mariana Islands,69,143,2
2021-02-25,Ohio,39,962404,17128
2021-02-25,Oklahoma,40,422156,4302
2021-02-25,Oregon,41,154581,2214
2021-02-25,Pennsylvania,42,928029,23910
2021-02-25,Puerto Rico,72,133234,2016
2021-02-25,Rhode Island,44,125185,2496
2021-02-25,South Carolina,45,511546,8443
2021-02-25,South Dakota,46,111964,1872
2021-02-25,Tennessee,47,757505,11228
2021-02-25,Texas,48,2630384,43350
2021-02-25,Utah,49,369490,1890
2021-02-25,Vermont,50,14840,203
2021-02-25,Virgin Islands,78,2636,25
2021-02-25,Virginia,51,570982,7963
2021-02-25,Washington,53,340997,5015
2021-02-25,West Virginia,54,130813,2290
2021-02-25,Wisconsin,55,615233,6998
2021-02-25,Wyoming,56,54202,671
2021-02-26,Alabama,01,491849,9869
2021-02-26,Alaska,02,57846,279
2021-02-26,Arizona,04,815345,15897
2021-02-26,Arkansas,05,318638,5407
2021-02-26,California,06,3561681,51794
2021-02-26,Colorado,08,428475,6023
2021-02-26,Connecticut,09,279946,7622
2021-02-26,Delaware,10,86098,1418
2021-02-26,District of Columbia,11,40284,1009
2021-02-26,Florida,12,1898215,30623
2021-02-26,Georgia,13,976400,16682
2021-02-26,Guam,66,8703,131
2021-02-26,Hawaii,15,27320,434
2021-02-26,Idaho,16,171071,1862
2021-02-26,Illinois,17,1186993,22675
2021-02-26,Indiana,18,663282,12531
2021-02-26,Iowa,19,335840,5463
2021-02-26,Kansas,20,296798,4735
2021-02-26,Kentucky,21,406795,4746
2021-02-26,Louisiana,22,428592,9587
2021-02-26,Maine,23,44295,701
2021-02-26,Maryland,24,380618,7838
2021-02-26,Massachusetts,25,577980,16024
2021-02-26,Michigan,26,643197,16429
2021-02-26,Minnesota,27,483046,6530
2021-02-26,Mississippi,28,293542,6638
2021-02-26,Missouri,29,523958,8371
2021-02-26,Montana,30,99732,1357
2021-02-26,Nebraska,31,200866,2195
2021-02-26,Nevada,32,293152,4942
2021-02-26,New Hampshire,33,74893,1167
2021-02-26,New Jersey,34,782829,23192
2021-02-26,New Mexico,35,184736,3687
2021-02-26,New York,36,1628255,46914
2021-02-26,North Carolina,37,857203,11216
2021-02-26,North Dakota,38,99741,1472
2021-02-26,Northern Mariana Islands,69,143,2
2021-02-26,Ohio,39,964380,17185
2021-02-26,Oklahoma,40,423023,4320
2021-02-26,Oregon,41,154902,2216
2021-02-26,Pennsylvania,42,931099,23979
2021-02-26,Puerto Rico,72,133475,2023
2021-02-26,Rhode Island,44,125622,2502
2021-02-26,South Carolina,45,513295,8477
2021-02-26,South Dakota,46,112107,1879
2021-02-26,Tennessee,47,759124,11284
2021-02-26,Texas,48,2641266,43633
2021-02-26,Utah,49,370140,1907
2021-02-26,Vermont,50,14963,204
2021-02-26,Virgin Islands,78,2636,25
2021-02-26,Virginia,51,572639,8197
2021-02-26,Washington,53,341941,5024
2021-02-26,West Virginia,54,131234,2291
2021-02-26,Wisconsin,55,616029,7004
2021-02-26,Wyoming,56,54350,671
2021-02-27,Alabama,01,492683,9930
2021-02-27,Alaska,02,57846,279
2021-02-27,Arizona,04,816334,15967
2021-02-27,Arkansas,05,319195,5417
2021-02-27,California,06,3566089,51979
2021-02-27,Colorado,08,430129,6038
2021-02-27,Connecticut,09,279946,7622
2021-02-27,Delaware,10,86517,1418
2021-02-27,District of Columbia,11,40478,1010
2021-02-27,Florida,12,1903674,30733
2021-02-27,Georgia,13,979683,16756
2021-02-27,Guam,66,8704,131
2021-02-27,Hawaii,15,27419,436
2021-02-27,Idaho,16,171209,1862
2021-02-27,Illinois,17,1188732,22710
2021-02-27,Indiana,18,664149,12556
2021-02-27,Iowa,19,336270,5470
2021-02-27,Kansas,20,296798,4735
2021-02-27,Kentucky,21,407745,4776
2021-02-27,Louisiana,22,428592,9587
2021-02-27,Maine,23,44492,702
2021-02-27,Maryland,24,381454,7856
2021-02-27,Massachusetts,25,579680,16067
2021-02-27,Michigan,26,644528,16498
2021-02-27,Minnesota,27,483858,6543
2021-02-27,Mississippi,28,294091,6669
2021-02-27,Missouri,29,524325,8383
2021-02-27,Montana,30,99920,1357
2021-02-27,Nebraska,31,201105,2199
2021-02-27,Nevada,32,293529,4957
2021-02-27,New Hampshire,33,75166,1170
2021-02-27,New Jersey,34,786964,23238
2021-02-27,New Mexico,35,184888,3702
2021-02-27,New York,36,1636297,47025
2021-02-27,North Carolina,37,859527,11240
2021-02-27,North Dakota,38,99810,1475
2021-02-27,Northern Mariana Islands,69,143,2
2021-02-27,Ohio,39,966154,17239
2021-02-27,Oklahoma,40,423802,4379
2021-02-27,Oregon,41,155315,2218
2021-02-27,Pennsylvania,42,934113,23979
2021-02-27,Puerto Rico,72,133659,2032
2021-02-27,Rhode Island,44,125622,2502
2021-02-27,South Carolina,45,515072,8498
2021-02-27,South Dakota,46,112293,1886
2021-02-27,Tennessee,47,760289,11299
2021-02-27,Texas,48,2646681,43772
2021-02-27,Utah,49,370826,1929
2021-02-27,Vermont,50,15098,204
2021-02-27,Virgin Islands,78,2646,25
2021-02-27,Virginia,51,574314,8382
2021-02-27,Washington,53,342574,5024
2021-02-27,West Virginia,54,131580,2297
2021-02-27,Wisconsin,55,616899,7019
2021-02-27,Wyoming,56,54350,671
2021-02-28,Alabama,01,493252,9929
2021-02-28,Alaska,02,57846,279
2021-02-28,Arizona,04,817232,15980
2021-02-28,Arkansas,05,322415,5243
2021-02-28,California,06,3569578,52213
2021-02-28,Colorado,08,430970,6045
2021-02-28,Connecticut,09,279946,7622
2021-02-28,Delaware,10,86799,1422
2021-02-28,District of Columbia,11,40598,1017
2021-02-28,Florida,12,1909213,30851
2021-02-28,Georgia,13,981844,16757
2021-02-28,Guam,66,8705,132
2021-02-28,Hawaii,15,27473,436
2021-02-28,Idaho,16,171209,1862
2021-02-28,Illinois,17,1189922,22735
2021-02-28,Indiana,18,664880,12573
2021-02-28,Iowa,19,336455,5470
2021-02-28,Kansas,20,296798,4735
2021-02-28,Kentucky,21,408392,4786
2021-02-28,Louisiana,22,430100,9608
2021-02-28,Maine,23,44634,703
2021-02-28,Maryland,24,382281,7869
2021-02-28,Massachusetts,25,581148,16118
2021-02-28,Michigan,26,644564,16498
2021-02-28,Minnesota,27,484662,6551
2021-02-28,Mississippi,28,294795,6681
2021-02-28,Missouri,29,524600,8382
2021-02-28,Montana,30,99999,1358
2021-02-28,Nebraska,31,201298,2199
2021-02-28,Nevada,32,293815,4957
2021-02-28,New Hampshire,33,75424,1170
2021-02-28,New Jersey,34,789354,23252
2021-02-28,New Mexico,35,185132,3716
2021-02-28,New York,36,1644124,47143
2021-02-28,North Carolina,37,859527,11241
2021-02-28,North Dakota,38,99839,1475
2021-02-28,Northern Mariana Islands,69,143,2
2021-02-28,Ohio,39,967422,17299
2021-02-28,Oklahoma,40,424508,4428
2021-02-28,Oregon,41,155597,2218
2021-02-28,Pennsylvania,42,935911,24056
2021-02-28,Puerto Rico,72,133912,2036
2021-02-28,Rhode Island,44,125622,2502
2021-02-28,South Carolina,45,516823,8546
2021-02-28,South Dakota,46,112427,1888
2021-02-28,Tennessee,47,761232,11317
2021-02-28,Texas,48,2650283,43949
2021-02-28,Utah,49,371291,1935
2021-02-28,Vermont,50,15198,204
2021-02-28,Virgin Islands,78,2646,25
2021-02-28,Virginia,51,576050,8552
2021-02-28,Washington,53,342644,5024
2021-02-28,West Virginia,54,131855,2300
2021-02-28,Wisconsin,55,617380,7019
2021-02-28,Wyoming,56,54394,671
2021-03-01,Alabama,01,493769,9931
2021-03-01,Alaska,02,58229,289
2021-03-01,Arizona,04,818268,15979
2021-03-01,Arkansas,05,322509,5250
2021-03-01,California,06,3573775,52487
2021-03-01,Colorado,08,432186,6046
2021-03-01,Connecticut,09,282626,7651
2021-03-01,Delaware,10,87080,1422
2021-03-01,District of Columbia,11,40684,1019
2021-03-01,Florida,12,1910913,30998
2021-03-01,Georgia,13,983879,16834
2021-03-01,Guam,66,8706,132
2021-03-01,Hawaii,15,27499,436
2021-03-01,Idaho,16,171618,1869
2021-03-01,Illinois,17,1191207,22759
2021-03-01,Indiana,18,665422,12595
2021-03-01,Iowa,19,336890,5472
2021-03-01,Kansas,20,297436,4743
2021-03-01,Kentucky,21,408854,4802
2021-03-01,Louisiana,22,430504,9628
2021-03-01,Maine,23,44762,703
2021-03-01,Maryland,24,382884,7879
2021-03-01,Massachusetts,25,582543,16144
2021-03-01,Michigan,26,646502,16509
2021-03-01,Minnesota,27,485298,6554
2021-03-01,Mississippi,28,294994,6681
2021-03-01,Missouri,29,525206,8385
2021-03-01,Montana,30,100115,1358
2021-03-01,Nebraska,31,201556,2205
2021-03-01,Nevada,32,294047,4957
2021-03-01,New Hampshire,33,75588,1170
2021-03-01,New Jersey,34,792496,23273
2021-03-01,New Mexico,35,185297,3731
2021-03-01,New York,36,1650560,47247
2021-03-01,North Carolina,37,862880,11286
2021-03-01,North Dakota,38,99882,1475
2021-03-01,Northern Mariana Islands,69,143,2
2021-03-01,Ohio,39,968874,17348
2021-03-01,Oklahoma,40,424888,4478
2021-03-01,Oregon,41,155873,2222
2021-03-01,Pennsylvania,42,938308,24065
2021-03-01,Puerto Rico,72,134199,2037
2021-03-01,Rhode Island,44,126588,2517
2021-03-01,South Carolina,45,517976,8562
2021-03-01,South Dakota,46,112470,1888
2021-03-01,Tennessee,47,761891,11327
2021-03-01,Texas,48,2658389,44078
2021-03-01,Utah,49,371548,1940
2021-03-01,Vermont,50,15284,205
2021-03-01,Virgin Islands,78,2646,25
2021-03-01,Virginia,51,577174,8783
2021-03-01,Washington,53,343723,5038
2021-03-01,West Virginia,54,132048,2300
2021-03-01,Wisconsin,55,617700,7019
2021-03-01,Wyoming,56,54471,671
2021-03-02,Alabama,01,494421,9991
2021-03-02,Alaska,02,58383,290
2021-03-02,Arizona,04,819281,16065
2021-03-02,Arkansas,05,322949,5254
2021-03-02,California,06,3578092,52774
2021-03-02,Colorado,08,432939,6054
2021-03-02,Connecticut,09,283128,7658
2021-03-02,Delaware,10,87193,1426
2021-03-02,District of Columbia,11,40767,1019
2021-03-02,Florida,12,1918092,31134
2021-03-02,Georgia,13,986968,16936
2021-03-02,Guam,66,8711,132
2021-03-02,Hawaii,15,27532,436
2021-03-02,Idaho,16,172031,1874
2021-03-02,Illinois,17,1192860,22803
2021-03-02,Indiana,18,665962,12623
2021-03-02,Iowa,19,337496,5498
2021-03-02,Kansas,20,297460,4743
2021-03-02,Kentucky,21,409843,4822
2021-03-02,Louisiana,22,431271,9647
2021-03-02,Maine,23,44944,703
2021-03-02,Maryland,24,383352,7905
2021-03-02,Massachusetts,25,582844,16182
2021-03-02,Michigan,26,648119,16534
2021-03-02,Minnesota,27,485723,6558
2021-03-02,Mississippi,28,295295,6724
2021-03-02,Missouri,29,525664,8402
2021-03-02,Montana,30,100272,1373
2021-03-02,Nebraska,31,201894,2210
2021-03-02,Nevada,32,294324,4972
2021-03-02,New Hampshire,33,75803,1170
2021-03-02,New Jersey,34,795785,23321
2021-03-02,New Mexico,35,185542,3742
2021-03-02,New York,36,1656941,47345
2021-03-02,North Carolina,37,864656,11320
2021-03-02,North Dakota,38,99987,1477
2021-03-02,Northern Mariana Islands,69,143,2
2021-03-02,Ohio,39,970583,16750
2021-03-02,Oklahoma,40,424999,4534
2021-03-02,Oregon,41,156088,2231
2021-03-02,Pennsylvania,42,940811,24135
2021-03-02,Puerto Rico,72,134350,2040
2021-03-02,Rhode Island,44,126849,2525
2021-03-02,South Carolina,45,518823,8576
2021-03-02,South Dakota,46,112652,1888
2021-03-02,Tennessee,47,762964,11342
2021-03-02,Texas,48,2665566,44353
2021-03-02,Utah,49,372035,1949
2021-03-02,Vermont,50,15372,206
2021-03-02,Virgin Islands,78,2646,25
2021-03-02,Virginia,51,578559,8943
2021-03-02,Washington,53,344516,5056
2021-03-02,West Virginia,54,132184,2301
2021-03-02,Wisconsin,55,618310,7055
2021-03-02,Wyoming,56,54527,682
2021-03-03,Alabama,01,497154,10029
2021-03-03,Alaska,02,58574,291
2021-03-03,Arizona,04,820561,16089
2021-03-03,Arkansas,05,323353,5261
2021-03-03,California,06,3582495,53066
2021-03-03,Colorado,08,434143,6063
2021-03-03,Connecticut,09,283622,7678
2021-03-03,Delaware,10,87425,1440
2021-03-03,District of Columbia,11,40818,1023
2021-03-03,Florida,12,1924106,31266
2021-03-03,Georgia,13,989698,17079
2021-03-03,Guam,66,8714,132
2021-03-03,Hawaii,15,27549,438
2021-03-03,Idaho,16,172442,1879
2021-03-03,Illinois,17,1194960,22853
2021-03-03,Indiana,18,666731,12633
2021-03-03,Iowa,19,338009,5501
2021-03-03,Kansas,20,298178,4816
2021-03-03,Kentucky,21,410874,4853
2021-03-03,Louisiana,22,431771,9668
2021-03-03,Maine,23,45091,705
2021-03-03,Maryland,24,384138,7919
2021-03-03,Massachusetts,25,584743,16252
2021-03-03,Michigan,26,649908,16541
2021-03-03,Minnesota,27,486502,6575
2021-03-03,Mississippi,28,295675,6743
2021-03-03,Missouri,29,526191,8565
2021-03-03,Montana,30,100469,1374
2021-03-03,Nebraska,31,202182,2213
2021-03-03,Nevada,32,294742,4988
2021-03-03,New Hampshire,33,75990,1175
2021-03-03,New Jersey,34,799476,23383
2021-03-03,New Mexico,35,185898,3755
2021-03-03,New York,36,1663505,47464
2021-03-03,North Carolina,37,866725,11389
2021-03-03,North Dakota,38,100097,1478
2021-03-03,Northern Mariana Islands,69,144,2
2021-03-03,Ohio,39,972605,16750
2021-03-03,Oklahoma,40,425746,4534
2021-03-03,Oregon,41,156387,2262
2021-03-03,Pennsylvania,42,943448,24214
2021-03-03,Puerto Rico,72,134380,2048
2021-03-03,Rhode Island,44,127285,2534
2021-03-03,South Carolina,45,519996,8620
2021-03-03,South Dakota,46,112833,1893
2021-03-03,Tennessee,47,764297,11365
2021-03-03,Texas,48,2673115,44627
2021-03-03,Utah,49,372764,1955
2021-03-03,Vermont,50,15487,207
2021-03-03,Virgin Islands,78,2695,25
2021-03-03,Virginia,51,580108,9326
2021-03-03,Washington,53,345193,5075
2021-03-03,West Virginia,54,132416,2309
2021-03-03,Wisconsin,55,619089,7074
2021-03-03,Wyoming,56,54616,682
2021-03-04,Alabama,01,498076,10094
2021-03-04,Alaska,02,58722,291
2021-03-04,Arizona,04,821474,16185
2021-03-04,Arkansas,05,323756,5273
2021-03-04,California,06,3587750,53457
2021-03-04,Colorado,08,435448,6066
2021-03-04,Connecticut,09,284500,7693
2021-03-04,Delaware,10,87643,1444
2021-03-04,District of Columbia,11,41014,1024
2021-03-04,Florida,12,1930224,31386
2021-03-04,Georgia,13,992399,17198
2021-03-04,Guam,66,8716,132
2021-03-04,Hawaii,15,27604,438
2021-03-04,Idaho,16,172721,1879
2021-03-04,Illinois,17,1196739,22902
2021-03-04,Indiana,18,667668,12663
2021-03-04,Iowa,19,338588,5536
2021-03-04,Kansas,20,298218,4816
2021-03-04,Kentucky,21,411928,4886
2021-03-04,Louisiana,22,432527,9686
2021-03-04,Maine,23,45227,705
2021-03-04,Maryland,24,384947,7922
2021-03-04,Massachusetts,25,586310,16296
2021-03-04,Michigan,26,651685,16580
2021-03-04,Minnesota,27,487442,6589
2021-03-04,Mississippi,28,296154,6764
2021-03-04,Missouri,29,526806,8571
2021-03-04,Montana,30,100640,1377
2021-03-04,Nebraska,31,202521,2213
2021-03-04,Nevada,32,295166,5005
2021-03-04,New Hampshire,33,76178,1178
2021-03-04,New Jersey,34,802669,23491
2021-03-04,New Mexico,35,186156,3771
2021-03-04,New York,36,1670973,47565
2021-03-04,North Carolina,37,869364,11434
2021-03-04,North Dakota,38,100214,1478
2021-03-04,Northern Mariana Islands,69,144,2
2021-03-04,Ohio,39,974480,16750
2021-03-04,Oklahoma,40,426641,4534
2021-03-04,Oregon,41,156714,2284
2021-03-04,Pennsylvania,42,946455,24265
2021-03-04,Puerto Rico,72,134482,2053
2021-03-04,Rhode Island,44,127727,2539
2021-03-04,South Carolina,45,521563,8660
2021-03-04,South Dakota,46,113065,1896
2021-03-04,Tennessee,47,765869,11407
2021-03-04,Texas,48,2680637,44920
2021-03-04,Utah,49,373319,1965
2021-03-04,Vermont,50,15686,207
2021-03-04,Virgin Islands,78,2704,25
2021-03-04,Virginia,51,581408,9357
2021-03-04,Washington,53,346030,5098
2021-03-04,West Virginia,54,132677,2309
2021-03-04,Wisconsin,55,619942,7087
2021-03-04,Wyoming,56,54685,682
2021-03-05,Alabama,01,498887,10122
2021-03-05,Alaska,02,58870,292
2021-03-05,Arizona,04,823384,16272
2021-03-05,Arkansas,05,324326,5283
2021-03-05,California,06,3592812,53838
2021-03-05,Colorado,08,436848,6075
2021-03-05,Connecticut,09,285330,7704
2021-03-05,Delaware,10,87874,1453
2021-03-05,District of Columbia,11,41122,1027
2021-03-05,Florida,12,1936199,31521
2021-03-05,Georgia,13,994416,17260
2021-03-05,Guam,66,8716,132
2021-03-05,Hawaii,15,27693,440
2021-03-05,Idaho,16,172929,1880
2021-03-05,Illinois,17,1198242,22946
2021-03-05,Indiana,18,668520,12697
2021-03-05,Iowa,19,339121,5549
2021-03-05,Kansas,20,298897,4812
2021-03-05,Kentucky,21,412863,4912
2021-03-05,Louisiana,22,433045,9716
2021-03-05,Maine,23,45452,704
2021-03-05,Maryland,24,385860,7930
2021-03-05,Massachusetts,25,588209,16322
2021-03-05,Michigan,26,653447,16591
2021-03-05,Minnesota,27,488238,6602
2021-03-05,Mississippi,28,296745,6783
2021-03-05,Missouri,29,527396,8599
2021-03-05,Montana,30,100798,1381
2021-03-05,Nebraska,31,202871,2222
2021-03-05,Nevada,32,295558,5024
2021-03-05,New Hampshire,33,76422,1178
2021-03-05,New Jersey,34,806367,23521
2021-03-05,New Mexico,35,186460,3789
2021-03-05,New York,36,1679124,47672
2021-03-05,North Carolina,37,871407,11475
2021-03-05,North Dakota,38,100308,1478
2021-03-05,Northern Mariana Islands,69,144,2
2021-03-05,Ohio,39,976230,17502
2021-03-05,Oklahoma,40,427558,4534
2021-03-05,Oregon,41,156985,2301
2021-03-05,Pennsylvania,42,949223,24311
2021-03-05,Puerto Rico,72,134681,2056
2021-03-05,Rhode Island,44,128121,2541
2021-03-05,South Carolina,45,523258,8699
2021-03-05,South Dakota,46,113229,1896
2021-03-05,Tennessee,47,767073,11439
2021-03-05,Texas,48,2686191,45195
2021-03-05,Utah,49,373924,1970
2021-03-05,Vermont,50,15819,207
2021-03-05,Virgin Islands,78,2714,25
2021-03-05,Virginia,51,583060,9428
2021-03-05,Washington,53,346733,5104
2021-03-05,West Virginia,54,132964,2318
2021-03-05,Wisconsin,55,620663,7099
2021-03-05,Wyoming,56,54764,682
2021-03-06,Alabama,01,499411,10149
2021-03-06,Alaska,02,58870,292
2021-03-06,Arizona,04,825119,16323
2021-03-06,Arkansas,05,324653,5297
2021-03-06,California,06,3597075,54124
2021-03-06,Colorado,08,437650,6075
2021-03-06,Connecticut,09,285330,7704
2021-03-06,Delaware,10,88139,1464
2021-03-06,District of Columbia,11,41273,1030
2021-03-06,Florida,12,1940889,31619
2021-03-06,Georgia,13,996616,17347
2021-03-06,Guam,66,8718,134
2021-03-06,Hawaii,15,27774,441
2021-03-06,Idaho,16,173011,1882
2021-03-06,Illinois,17,1200720,23002
2021-03-06,Indiana,18,669754,12726
2021-03-06,Iowa,19,339511,5553
2021-03-06,Kansas,20,298900,4812
2021-03-06,Kentucky,21,413684,4952
2021-03-06,Louisiana,22,433045,9716
2021-03-06,Maine,23,45635,704
2021-03-06,Maryland,24,386792,7941
2021-03-06,Massachusetts,25,589931,16374
2021-03-06,Michigan,26,655016,16647
2021-03-06,Minnesota,27,489184,6614
2021-03-06,Mississippi,28,297321,6805
2021-03-06,Missouri,29,527836,8606
2021-03-06,Montana,30,100925,1382
2021-03-06,Nebraska,31,203084,2223
2021-03-06,Nevada,32,296030,5036
2021-03-06,New Hampshire,33,76695,1181
2021-03-06,New Jersey,34,810089,23557
2021-03-06,New Mexico,35,186742,3798
2021-03-06,New York,36,1687250,47767
2021-03-06,North Carolina,37,873169,11520
2021-03-06,North Dakota,38,100387,1479
2021-03-06,Northern Mariana Islands,69,144,2
2021-03-06,Ohio,39,977738,17502
2021-03-06,Oklahoma,40,428536,4534
2021-03-06,Oregon,41,157163,2303
2021-03-06,Pennsylvania,42,951703,24362
2021-03-06,Puerto Rico,72,134942,2059
2021-03-06,Rhode Island,44,128121,2541
2021-03-06,South Carolina,45,524457,8719
2021-03-06,South Dakota,46,113378,1898
2021-03-06,Tennessee,47,768139,11447
2021-03-06,Texas,48,2689785,45381
2021-03-06,Utah,49,374494,1975
2021-03-06,Vermont,50,15964,208
2021-03-06,Virgin Islands,78,2714,25
2021-03-06,Virginia,51,584537,9519
2021-03-06,Washington,53,347301,5107
2021-03-06,West Virginia,54,133290,2323
2021-03-06,Wisconsin,55,621277,7107
2021-03-06,Wyoming,56,54764,682
2021-03-07,Alabama,01,499819,10148
2021-03-07,Alaska,02,58870,292
2021-03-07,Arizona,04,826454,16328
2021-03-07,Arkansas,05,324818,5319
2021-03-07,California,06,3599828,54217
2021-03-07,Colorado,08,437726,6075
2021-03-07,Connecticut,09,285330,7704
2021-03-07,Delaware,10,88354,1473
2021-03-07,District of Columbia,11,41419,1030
2021-03-07,Florida,12,1944987,31682
2021-03-07,Georgia,13,998254,17348
2021-03-07,Guam,66,8718,134
2021-03-07,Hawaii,15,27821,442
2021-03-07,Idaho,16,173011,1882
2021-03-07,Illinois,17,1201760,23014
2021-03-07,Indiana,18,670500,12737
2021-03-07,Iowa,19,339672,5559
2021-03-07,Kansas,20,298900,4812
2021-03-07,Kentucky,21,414200,4962
2021-03-07,Louisiana,22,433785,9748
2021-03-07,Maine,23,45794,706
2021-03-07,Maryland,24,387501,7955
2021-03-07,Massachusetts,25,591356,16417
2021-03-07,Michigan,26,655075,16647
2021-03-07,Minnesota,27,490079,6618
2021-03-07,Mississippi,28,297581,6808
2021-03-07,Missouri,29,528102,8608
2021-03-07,Montana,30,100968,1382
2021-03-07,Nebraska,31,203304,2223
2021-03-07,Nevada,32,296267,5037
2021-03-07,New Hampshire,33,76861,1184
2021-03-07,New Jersey,34,812609,23574
2021-03-07,New Mexico,35,186922,3808
2021-03-07,New York,36,1694908,47857
2021-03-07,North Carolina,37,873169,11522
2021-03-07,North Dakota,38,100421,1479
2021-03-07,Northern Mariana Islands,69,144,2
2021-03-07,Ohio,39,978471,17502
2021-03-07,Oklahoma,40,428997,4534
2021-03-07,Oregon,41,157350,2303
2021-03-07,Pennsylvania,42,953421,24393
2021-03-07,Puerto Rico,72,135247,2059
2021-03-07,Rhode Island,44,128121,2541
2021-03-07,South Carolina,45,525865,8754
2021-03-07,South Dakota,46,113589,1900
2021-03-07,Tennessee,47,769161,11450
2021-03-07,Texas,48,2692573,45446
2021-03-07,Utah,49,374906,1976
2021-03-07,Vermont,50,16083,208
2021-03-07,Virgin Islands,78,2714,25
2021-03-07,Virginia,51,585700,9596
2021-03-07,Washington,53,347391,5108
2021-03-07,West Virginia,54,133445,2325
2021-03-07,Wisconsin,55,621654,7111
2021-03-07,Wyoming,56,54764,682
2021-03-08,Alabama,01,500092,10148
2021-03-08,Alaska,02,59210,291
2021-03-08,Arizona,04,827237,16328
2021-03-08,Arkansas,05,324951,5343
2021-03-08,California,06,3604005,54377
2021-03-08,Colorado,08,439609,6079
2021-03-08,Connecticut,09,287396,7725
2021-03-08,Delaware,10,88563,1475
2021-03-08,District of Columbia,11,41579,1035
2021-03-08,Florida,12,1948299,31763
2021-03-08,Georgia,13,999460,17389
2021-03-08,Guam,66,8720,134
2021-03-08,Hawaii,15,27862,442
2021-03-08,Idaho,16,173523,1893
2021-03-08,Illinois,17,1203008,23020
2021-03-08,Indiana,18,670975,12744
2021-03-08,Iowa,19,340128,5560
2021-03-08,Kansas,20,299503,4816
2021-03-08,Kentucky,21,414550,4970
2021-03-08,Louisiana,22,434289,9758
2021-03-08,Maine,23,45926,706
2021-03-08,Maryland,24,388217,7963
2021-03-08,Massachusetts,25,592344,16435
2021-03-08,Michigan,26,657365,16652
2021-03-08,Minnesota,27,490551,6624
2021-03-08,Mississippi,28,297651,6808
2021-03-08,Missouri,29,574365,8610
2021-03-08,Montana,30,101093,1382
2021-03-08,Nebraska,31,203546,2224
2021-03-08,Nevada,32,296457,5040
2021-03-08,New Hampshire,33,77060,1184
2021-03-08,New Jersey,34,814916,23590
2021-03-08,New Mexico,35,187040,3813
2021-03-08,New York,36,1700348,47921
2021-03-08,North Carolina,37,875966,11556
2021-03-08,North Dakota,38,100449,1479
2021-03-08,Northern Mariana Islands,69,146,2
2021-03-08,Ohio,39,979726,17502
2021-03-08,Oklahoma,40,429162,4534
2021-03-08,Oregon,41,157611,2306
2021-03-08,Pennsylvania,42,955337,24401
2021-03-08,Puerto Rico,72,135432,2065
2021-03-08,Rhode Island,44,128981,2549
2021-03-08,South Carolina,45,526716,8760
2021-03-08,South Dakota,46,113596,1901
2021-03-08,Tennessee,47,770202,11459
2021-03-08,Texas,48,2696533,45570
2021-03-08,Utah,49,375165,1977
2021-03-08,Vermont,50,16199,208
2021-03-08,Virgin Islands,78,2744,25
2021-03-08,Virginia,51,586592,9683
2021-03-08,Washington,53,348485,5129
2021-03-08,West Virginia,54,133627,2325
2021-03-08,Wisconsin,55,621842,7111
2021-03-08,Wyoming,56,54903,682
2021-03-09,Alabama,01,500616,10186
2021-03-09,Alaska,02,59299,291
2021-03-09,Arizona,04,827800,16326
2021-03-09,Arkansas,05,325383,5357
2021-03-09,California,06,3608146,54620
2021-03-09,Colorado,08,440479,6084
2021-03-09,Connecticut,09,288145,7739
2021-03-09,Delaware,10,88679,1482
2021-03-09,District of Columbia,11,41910,1036
2021-03-09,Florida,12,1952725,31888
2021-03-09,Georgia,13,1001341,17418
2021-03-09,Guam,66,8721,134
2021-03-09,Hawaii,15,27903,442
2021-03-09,Idaho,16,173922,1894
2021-03-09,Illinois,17,1204693,23039
2021-03-09,Indiana,18,671570,12762
2021-03-09,Iowa,19,340891,5575
2021-03-09,Kansas,20,299523,4816
2021-03-09,Kentucky,21,415393,5001
2021-03-09,Louisiana,22,434926,9769
2021-03-09,Maine,23,46059,723
2021-03-09,Maryland,24,388848,7988
2021-03-09,Massachusetts,25,593607,16456
2021-03-09,Michigan,26,658967,16683
2021-03-09,Minnesota,27,492176,6764
2021-03-09,Mississippi,28,298008,6834
2021-03-09,Missouri,29,575066,8715
2021-03-09,Montana,30,101229,1386
2021-03-09,Nebraska,31,203806,2221
2021-03-09,Nevada,32,296872,5054
2021-03-09,New Hampshire,33,77252,1185
2021-03-09,New Jersey,34,819042,23635
2021-03-09,New Mexico,35,187238,3832
2021-03-09,New York,36,1707181,48000
2021-03-09,North Carolina,37,877212,11577
2021-03-09,North Dakota,38,100544,1479
2021-03-09,Northern Mariana Islands,69,146,2
2021-03-09,Ohio,39,981619,17662
2021-03-09,Oklahoma,40,429432,4701
2021-03-09,Oregon,41,158029,2309
2021-03-09,Pennsylvania,42,958266,24445
2021-03-09,Puerto Rico,72,135552,2066
2021-03-09,Rhode Island,44,129277,2556
2021-03-09,South Carolina,45,527348,8763
2021-03-09,South Dakota,46,113753,1901
2021-03-09,Tennessee,47,771292,11489
2021-03-09,Texas,48,2701913,45754
2021-03-09,Utah,49,375725,1990
2021-03-09,Vermont,50,16286,211
2021-03-09,Virgin Islands,78,2744,25
2021-03-09,Virginia,51,588129,9790
2021-03-09,Washington,53,349196,5141
2021-03-09,West Virginia,54,133856,2326
2021-03-09,Wisconsin,55,622444,7138
2021-03-09,Wyoming,56,54972,691
2021-03-10,Alabama,01,501398,10222
2021-03-10,Alaska,02,59451,291
2021-03-10,Arizona,04,828630,16404
2021-03-10,Arkansas,05,325700,5382
2021-03-10,California,06,3611614,54877
2021-03-10,Colorado,08,441611,6092
2021-03-10,Connecticut,09,288657,7752
2021-03-10,Delaware,10,88891,1492
2021-03-10,District of Columbia,11,42006,1037
2021-03-10,Florida,12,1957578,31947
2021-03-10,Georgia,13,1003181,17491
2021-03-10,Guam,66,8725,134
2021-03-10,Hawaii,15,27944,445
2021-03-10,Idaho,16,174381,1903
2021-03-10,Illinois,17,1206362,23067
2021-03-10,Indiana,18,672439,12775
2021-03-10,Iowa,19,341378,5602
2021-03-10,Kansas,20,300261,4851
2021-03-10,Kentucky,21,416402,5026
2021-03-10,Louisiana,22,435514,9812
2021-03-10,Maine,23,46254,723
2021-03-10,Maryland,24,389748,8002
2021-03-10,Massachusetts,25,595264,16509
2021-03-10,Michigan,26,661607,16690
2021-03-10,Minnesota,27,493081,6773
2021-03-10,Mississippi,28,298445,6845
2021-03-10,Missouri,29,575719,8728
2021-03-10,Montana,30,101374,1388
2021-03-10,Nebraska,31,204144,2231
2021-03-10,Nevada,32,297203,5069
2021-03-10,New Hampshire,33,77463,1187
2021-03-10,New Jersey,34,822817,23691
2021-03-10,New Mexico,35,187487,3841
2021-03-10,New York,36,1713287,48092
2021-03-10,North Carolina,37,879027,11628
2021-03-10,North Dakota,38,100645,1481
2021-03-10,Northern Mariana Islands,69,146,2
2021-03-10,Ohio,39,983487,17662
2021-03-10,Oklahoma,40,430250,4701
2021-03-10,Oregon,41,158360,2314
2021-03-10,Pennsylvania,42,960877,24485
2021-03-10,Puerto Rico,72,135552,2067
2021-03-10,Rhode Island,44,129595,2559
2021-03-10,South Carolina,45,528473,8781
2021-03-10,South Dakota,46,113962,1904
2021-03-10,Tennessee,47,772634,11506
2021-03-10,Texas,48,2707234,45956
2021-03-10,Utah,49,376384,1992
2021-03-10,Vermont,50,16371,211
2021-03-10,Virgin Islands,78,2755,25
2021-03-10,Virginia,51,589375,9849
2021-03-10,Washington,53,349881,5159
2021-03-10,West Virginia,54,134158,2330
2021-03-10,Wisconsin,55,623150,7151
2021-03-10,Wyoming,56,55014,691
2021-03-11,Alabama,01,502263,10274
2021-03-11,Alaska,02,59689,291
2021-03-11,Arizona,04,830465,16464
2021-03-11,Arkansas,05,326040,5410
2021-03-11,California,06,3615174,55132
2021-03-11,Colorado,08,442599,6108
2021-03-11,Connecticut,09,289392,7761
2021-03-11,Delaware,10,89680,1494
2021-03-11,District of Columbia,11,42128,1038
2021-03-11,Florida,12,1962643,32039
2021-03-11,Georgia,13,1004918,17570
2021-03-11,Guam,66,8727,134
2021-03-11,Hawaii,15,27998,445
2021-03-11,Idaho,16,174729,1909
2021-03-11,Illinois,17,1208072,23122
2021-03-11,Indiana,18,673349,12802
2021-03-11,Iowa,19,341837,5622
2021-03-11,Kansas,20,300302,4851
2021-03-11,Kentucky,21,417631,5052
2021-03-11,Louisiana,22,435935,9828
2021-03-11,Maine,23,46441,723
2021-03-11,Maryland,24,390672,8014
2021-03-11,Massachusetts,25,597073,16551
2021-03-11,Michigan,26,664079,16712
2021-03-11,Minnesota,27,494174,6792
2021-03-11,Mississippi,28,299124,6864
2021-03-11,Missouri,29,576523,8743
2021-03-11,Montana,30,101561,1392
2021-03-11,Nebraska,31,204417,2234
2021-03-11,Nevada,32,297813,5080
2021-03-11,New Hampshire,33,77764,1191
2021-03-11,New Jersey,34,826631,23737
2021-03-11,New Mexico,35,187720,3847
2021-03-11,New York,36,1720456,48208
2021-03-11,North Carolina,37,881110,11649
2021-03-11,North Dakota,38,100757,1485
2021-03-11,Northern Mariana Islands,69,146,2
2021-03-11,Ohio,39,984934,17662
2021-03-11,Oklahoma,40,430944,4701
2021-03-11,Oregon,41,158649,2323
2021-03-11,Pennsylvania,42,963552,24533
2021-03-11,Puerto Rico,72,135666,2071
2021-03-11,Rhode Island,44,130120,2563
2021-03-11,South Carolina,45,529392,8822
2021-03-11,South Dakota,46,114163,1905
2021-03-11,Tennessee,47,773907,11520
2021-03-11,Texas,48,2713387,46168
2021-03-11,Utah,49,377031,2015
2021-03-11,Vermont,50,16500,211
2021-03-11,Virgin Islands,78,2761,25
2021-03-11,Virginia,51,590625,9902
2021-03-11,Washington,53,350661,5167
2021-03-11,West Virginia,54,134496,2338
2021-03-11,Wisconsin,55,623801,7162
2021-03-11,Wyoming,56,55112,691
2021-03-12,Alabama,01,502711,10299
2021-03-12,Alaska,02,59796,292
2021-03-12,Arizona,04,831832,16519
2021-03-12,Arkansas,05,326499,5437
2021-03-12,California,06,3617479,55336
2021-03-12,Colorado,08,443842,6113
2021-03-12,Connecticut,09,290577,7765
2021-03-12,Delaware,10,89911,1496
2021-03-12,District of Columbia,11,42282,1038
2021-03-12,Florida,12,1967857,32144
2021-03-12,Georgia,13,1006519,17615
2021-03-12,Guam,66,8736,134
2021-03-12,Hawaii,15,28156,446
2021-03-12,Idaho,16,175068,1912
2021-03-12,Illinois,17,1209847,23163
2021-03-12,Indiana,18,674293,12824
2021-03-12,Iowa,19,342343,5632
2021-03-12,Kansas,20,300698,4824
2021-03-12,Kentucky,21,418540,5080
2021-03-12,Louisiana,22,436482,9861
2021-03-12,Maine,23,46650,723
2021-03-12,Maryland,24,391662,8030
2021-03-12,Massachusetts,25,598859,16580
2021-03-12,Michigan,26,666844,16720
2021-03-12,Minnesota,27,495276,6805
2021-03-12,Mississippi,28,299887,6883
2021-03-12,Missouri,29,577371,8752
2021-03-12,Montana,30,101683,1393
2021-03-12,Nebraska,31,204722,2236
2021-03-12,Nevada,32,298706,5099
2021-03-12,New Hampshire,33,78074,1195
2021-03-12,New Jersey,34,830847,23854
2021-03-12,New Mexico,35,187984,3851
2021-03-12,New York,36,1728900,48277
2021-03-12,North Carolina,37,883075,11688
2021-03-12,North Dakota,38,100878,1486
2021-03-12,Northern Mariana Islands,69,146,2
2021-03-12,Ohio,39,986740,17871
2021-03-12,Oklahoma,40,431366,4701
2021-03-12,Oregon,41,159130,2328
2021-03-12,Pennsylvania,42,966620,24576
2021-03-12,Puerto Rico,72,136022,2073
2021-03-12,Rhode Island,44,130502,2567
2021-03-12,South Carolina,45,530880,8833
2021-03-12,South Dakota,46,114347,1907
2021-03-12,Tennessee,47,775589,11536
2021-03-12,Texas,48,2718585,46391
2021-03-12,Utah,49,377550,2017
2021-03-12,Vermont,50,16623,212
2021-03-12,Virgin Islands,78,2767,25
2021-03-12,Virginia,51,592214,9961
2021-03-12,Washington,53,351419,5183
2021-03-12,West Virginia,54,134842,2511
2021-03-12,Wisconsin,55,624508,7167
2021-03-12,Wyoming,56,55163,691
2021-03-13,Alabama,01,503305,10327
2021-03-13,Alaska,02,59796,292
2021-03-13,Arizona,04,832094,16546
2021-03-13,Arkansas,05,326813,5455
2021-03-13,California,06,3621217,56373
2021-03-13,Colorado,08,445139,6118
2021-03-13,Connecticut,09,290577,7765
2021-03-13,Delaware,10,90156,1504
2021-03-13,District of Columbia,11,42432,1040
2021-03-13,Florida,12,1973101,32224
2021-03-13,Georgia,13,1007740,17666
2021-03-13,Guam,66,8737,134
2021-03-13,Hawaii,15,28218,447
2021-03-13,Idaho,16,175305,1913
2021-03-13,Illinois,17,1211440,23188
2021-03-13,Indiana,18,675127,12846
2021-03-13,Iowa,19,342705,5634
2021-03-13,Kansas,20,300702,4824
2021-03-13,Kentucky,21,419195,5113
2021-03-13,Louisiana,22,436482,9861
2021-03-13,Maine,23,46856,724
2021-03-13,Maryland,24,392763,8038
2021-03-13,Massachusetts,25,600616,16614
2021-03-13,Michigan,26,668771,16759
2021-03-13,Minnesota,27,496463,6809
2021-03-13,Mississippi,28,300577,6896
2021-03-13,Missouri,29,577932,8769
2021-03-13,Montana,30,101801,1393
2021-03-13,Nebraska,31,204886,2236
2021-03-13,Nevada,32,299142,5119
2021-03-13,New Hampshire,33,78319,1199
2021-03-13,New Jersey,34,834714,23888
2021-03-13,New Mexico,35,188167,3852
2021-03-13,New York,36,1734933,48370
2021-03-13,North Carolina,37,883888,11716
2021-03-13,North Dakota,38,100973,1488
2021-03-13,Northern Mariana Islands,69,147,2
2021-03-13,Ohio,39,988298,17871
2021-03-13,Oklahoma,40,431991,4701
2021-03-13,Oregon,41,159427,2329
2021-03-13,Pennsylvania,42,969095,24576
2021-03-13,Puerto Rico,72,136182,2077
2021-03-13,Rhode Island,44,130502,2567
2021-03-13,South Carolina,45,532549,8870
2021-03-13,South Dakota,46,114493,1909
2021-03-13,Tennessee,47,775718,11536
2021-03-13,Texas,48,2721431,46532
2021-03-13,Utah,49,378041,2021
2021-03-13,Vermont,50,16698,214
2021-03-13,Virgin Islands,78,2767,25
2021-03-13,Virginia,51,593562,9985
2021-03-13,Washington,53,352116,5183
2021-03-13,West Virginia,54,135149,2519
2021-03-13,Wisconsin,55,625045,7180
2021-03-13,Wyoming,56,55163,691
2021-03-14,Alabama,01,503673,10327
2021-03-14,Alaska,02,59796,292
2021-03-14,Arizona,04,832743,16553
2021-03-14,Arkansas,05,326943,5474
2021-03-14,California,06,3623465,56523
2021-03-14,Colorado,08,445953,6118
2021-03-14,Connecticut,09,290577,7765
2021-03-14,Delaware,10,90381,1507
2021-03-14,District of Columbia,11,42511,1041
2021-03-14,Florida,12,1976800,32254
2021-03-14,Georgia,13,1008542,17665
2021-03-14,Guam,66,8737,134
2021-03-14,Hawaii,15,28268,448
2021-03-14,Idaho,16,175305,1913
2021-03-14,Illinois,17,1212895,23206
2021-03-14,Indiana,18,675822,12856
2021-03-14,Iowa,19,342886,5642
2021-03-14,Kansas,20,300702,4824
2021-03-14,Kentucky,21,419578,5123
2021-03-14,Louisiana,22,437393,9884
2021-03-14,Maine,23,47025,724
2021-03-14,Maryland,24,393623,8048
2021-03-14,Massachusetts,25,602308,16645
2021-03-14,Michigan,26,668859,16759
2021-03-14,Minnesota,27,497460,6814
2021-03-14,Mississippi,28,300780,6901
2021-03-14,Missouri,29,578274,8770
2021-03-14,Montana,30,101835,1393
2021-03-14,Nebraska,31,205049,2236
2021-03-14,Nevada,32,299318,5119
2021-03-14,New Hampshire,33,78615,1199
2021-03-14,New Jersey,34,838024,23903
2021-03-14,New Mexico,35,188311,3854
2021-03-14,New York,36,1741620,48475
2021-03-14,North Carolina,37,883888,11719
2021-03-14,North Dakota,38,101007,1488
2021-03-14,Northern Mariana Islands,69,154,2
2021-03-14,Ohio,39,989191,17871
2021-03-14,Oklahoma,40,432483,4701
2021-03-14,Oregon,41,159617,2329
2021-03-14,Pennsylvania,42,970914,24576
2021-03-14,Puerto Rico,72,136417,2077
2021-03-14,Rhode Island,44,130502,2567
2021-03-14,South Carolina,45,533421,8875
2021-03-14,South Dakota,46,114623,1912
2021-03-14,Tennessee,47,775773,11536
2021-03-14,Texas,48,2724143,46588
2021-03-14,Utah,49,378437,2027
2021-03-14,Vermont,50,16890,214
2021-03-14,Virgin Islands,78,2767,25
2021-03-14,Virginia,51,594735,10019
2021-03-14,Washington,53,352225,5183
2021-03-14,West Virginia,54,135468,2530
2021-03-14,Wisconsin,55,625556,7178
2021-03-14,Wyoming,56,55163,691
2021-03-15,Alabama,01,508229,10329
2021-03-15,Alaska,02,60174,292
2021-03-15,Arizona,04,833391,16553
2021-03-15,Arkansas,05,327060,5481
2021-03-15,California,06,3626427,56630
2021-03-15,Colorado,08,446827,6121
2021-03-15,Connecticut,09,293102,7788
2021-03-15,Delaware,10,90614,1511
2021-03-15,District of Columbia,11,42623,1042
2021-03-15,Florida,12,1979626,32347
2021-03-15,Georgia,13,1009499,17710
2021-03-15,Guam,66,8742,135
2021-03-15,Hawaii,15,28312,448
2021-03-15,Idaho,16,175774,1918
2021-03-15,Illinois,17,1213763,23216
2021-03-15,Indiana,18,676235,12864
2021-03-15,Iowa,19,343303,5643
2021-03-15,Kansas,20,301134,4835
2021-03-15,Kentucky,21,420010,5147
2021-03-15,Louisiana,22,437565,9903
2021-03-15,Maine,23,47199,725
2021-03-15,Maryland,24,394240,8055
2021-03-15,Massachusetts,25,603464,16673
2021-03-15,Michigan,26,672687,16770
2021-03-15,Minnesota,27,498286,6815
2021-03-15,Mississippi,28,300881,6903
2021-03-15,Missouri,29,578559,8771
2021-03-15,Montana,30,102055,1394
2021-03-15,Nebraska,31,205440,2236
2021-03-15,Nevada,32,299517,5121
2021-03-15,New Hampshire,33,78813,1199
2021-03-15,New Jersey,34,840846,23925
2021-03-15,New Mexico,35,188488,3855
2021-03-15,New York,36,1748739,48537
2021-03-15,North Carolina,37,887002,11739
2021-03-15,North Dakota,38,101032,1488
2021-03-15,Northern Mariana Islands,69,154,2
2021-03-15,Ohio,39,990340,17871
2021-03-15,Oklahoma,40,432793,4701
2021-03-15,Oregon,41,159872,2333
2021-03-15,Pennsylvania,42,972772,24630
2021-03-15,Puerto Rico,72,136610,2080
2021-03-15,Rhode Island,44,131487,2576
2021-03-15,South Carolina,45,534188,8878
2021-03-15,South Dakota,46,114649,1912
2021-03-15,Tennessee,47,778768,11535
2021-03-15,Texas,48,2728799,46690
2021-03-15,Utah,49,378658,2027
2021-03-15,Vermont,50,16992,214
2021-03-15,Virgin Islands,78,2767,25
2021-03-15,Virginia,51,595865,10060
2021-03-15,Washington,53,353344,5192
2021-03-15,West Virginia,54,135678,2531
2021-03-15,Wisconsin,55,625888,7179
2021-03-15,Wyoming,56,55327,691
2021-03-16,Alabama,01,508717,10337
2021-03-16,Alaska,02,60277,292
2021-03-16,Arizona,04,833883,16574
2021-03-16,Arkansas,05,327456,5493
2021-03-16,California,06,3628489,56743
2021-03-16,Colorado,08,447149,6129
2021-03-16,Connecticut,09,293955,7799
2021-03-16,Delaware,10,90751,1514
2021-03-16,District of Columbia,11,42730,1042
2021-03-16,Florida,12,1984417,32448
2021-03-16,Georgia,13,1011361,17735
2021-03-16,Guam,66,8742,135
2021-03-16,Hawaii,15,28357,448
2021-03-16,Idaho,16,176133,1931
2021-03-16,Illinois,17,1215745,23235
2021-03-16,Indiana,18,676799,12876
2021-03-16,Iowa,19,343851,5658
2021-03-16,Kansas,20,301170,4835
2021-03-16,Kentucky,21,420889,5166
2021-03-16,Louisiana,22,438557,9925
2021-03-16,Maine,23,47388,725
2021-03-16,Maryland,24,394900,8080
2021-03-16,Massachusetts,25,604666,16688
2021-03-16,Michigan,26,675483,16796
2021-03-16,Minnesota,27,498994,6817
2021-03-16,Mississippi,28,301250,6929
2021-03-16,Missouri,29,579229,8797
2021-03-16,Montana,30,102469,1397
2021-03-16,Nebraska,31,205646,2238
2021-03-16,Nevada,32,299875,5136
2021-03-16,New Hampshire,33,79070,1202
2021-03-16,New Jersey,34,844563,23966
2021-03-16,New Mexico,35,188664,3862
2021-03-16,New York,36,1755450,48624
2021-03-16,North Carolina,37,888797,11753
2021-03-16,North Dakota,38,101181,1489
2021-03-16,Northern Mariana Islands,69,154,2
2021-03-16,Ohio,39,992223,17992
2021-03-16,Oklahoma,40,433025,4788
2021-03-16,Oregon,41,160084,2348
2021-03-16,Pennsylvania,42,975872,24714
2021-03-16,Puerto Rico,72,136826,2081
2021-03-16,Rhode Island,44,131750,2583
2021-03-16,South Carolina,45,534869,8881
2021-03-16,South Dakota,46,114791,1912
2021-03-16,Tennessee,47,779888,11547
2021-03-16,Texas,48,2734622,46824
2021-03-16,Utah,49,379139,2032
2021-03-16,Vermont,50,17047,215
2021-03-16,Virgin Islands,78,2767,25
2021-03-16,Virginia,51,597141,10104
2021-03-16,Washington,53,353981,5206
2021-03-16,West Virginia,54,136019,2546
2021-03-16,Wisconsin,55,626537,7184
2021-03-16,Wyoming,56,55352,693
2021-03-17,Alabama,01,509476,10363
2021-03-17,Alaska,02,60451,293
2021-03-17,Arizona,04,834329,16586
2021-03-17,Arkansas,05,327781,5507
2021-03-17,California,06,3631857,56976
2021-03-17,Colorado,08,447840,6136
2021-03-17,Connecticut,09,294328,7807
2021-03-17,Delaware,10,91123,1516
2021-03-17,District of Columbia,11,42811,1044
2021-03-17,Florida,12,1989016,32503
2021-03-17,Georgia,13,1013340,17801
2021-03-17,Guam,66,8745,135
2021-03-17,Hawaii,15,28423,448
2021-03-17,Idaho,16,176589,1937
2021-03-17,Illinois,17,1217258,23255
2021-03-17,Indiana,18,677705,12893
2021-03-17,Iowa,19,344268,5668
2021-03-17,Kansas,20,301763,4837
2021-03-17,Kentucky,21,421780,5197
2021-03-17,Louisiana,22,439002,9955
2021-03-17,Maine,23,47591,725
2021-03-17,Maryland,24,395817,8099
2021-03-17,Massachusetts,25,606377,16732
2021-03-17,Michigan,26,679274,16800
2021-03-17,Minnesota,27,500030,6824
2021-03-17,Mississippi,28,301602,6936
2021-03-17,Missouri,29,580040,8806
2021-03-17,Montana,30,102602,1398
2021-03-17,Nebraska,31,205896,2238
2021-03-17,Nevada,32,300177,5148
2021-03-17,New Hampshire,33,79367,1202
2021-03-17,New Jersey,34,848875,24004
2021-03-17,New Mexico,35,188907,3874
2021-03-17,New York,36,1762032,48686
2021-03-17,North Carolina,37,890484,11783
2021-03-17,North Dakota,38,101315,1490
2021-03-17,Northern Mariana Islands,69,157,2
2021-03-17,Ohio,39,993681,17992
2021-03-17,Oklahoma,40,433516,4788
2021-03-17,Oregon,41,160348,2358
2021-03-17,Pennsylvania,42,979065,24749
2021-03-17,Puerto Rico,72,136893,2083
2021-03-17,Rhode Island,44,132184,2588
2021-03-17,South Carolina,45,536100,8933
2021-03-17,South Dakota,46,114966,1915
2021-03-17,Tennessee,47,781593,11555
2021-03-17,Texas,48,2739163,46997
2021-03-17,Utah,49,379838,2037
2021-03-17,Vermont,50,17106,217
2021-03-17,Virgin Islands,78,2767,25
2021-03-17,Virginia,51,598468,10154
2021-03-17,Washington,53,354906,5212
2021-03-17,West Virginia,54,136334,2565
2021-03-17,Wisconsin,55,627266,7203
2021-03-17,Wyoming,56,55449,693
2021-03-18,Alabama,01,510048,10391
2021-03-18,Alaska,02,60606,296
2021-03-18,Arizona,04,834607,16645
2021-03-18,Arkansas,05,328045,5515
2021-03-18,California,06,3635429,57213
2021-03-18,Colorado,08,449206,6144
2021-03-18,Connecticut,09,295484,7822
2021-03-18,Delaware,10,91425,1517
2021-03-18,District of Columbia,11,42892,1046
2021-03-18,Florida,12,1994109,32597
2021-03-18,Georgia,13,1015565,17861
2021-03-18,Guam,66,8749,135
2021-03-18,Hawaii,15,28509,448
2021-03-18,Idaho,16,176910,1940
2021-03-18,Illinois,17,1219667,23287
2021-03-18,Indiana,18,678669,12907
2021-03-18,Iowa,19,344860,5673
2021-03-18,Kansas,20,301786,4837
2021-03-18,Kentucky,21,422546,5524
2021-03-18,Louisiana,22,439543,9974
2021-03-18,Maine,23,47832,727
2021-03-18,Maryland,24,396930,8113
2021-03-18,Massachusetts,25,608318,16759
2021-03-18,Michigan,26,682322,16835
2021-03-18,Minnesota,27,501526,6830
2021-03-18,Mississippi,28,301924,6938
2021-03-18,Missouri,29,580761,8811
2021-03-18,Montana,30,102736,1407
2021-03-18,Nebraska,31,206196,2241
2021-03-18,Nevada,32,300434,5157
2021-03-18,New Hampshire,33,79702,1207
2021-03-18,New Jersey,34,853347,24076
2021-03-18,New Mexico,35,189158,3879
2021-03-18,New York,36,1767547,48773
2021-03-18,North Carolina,37,892813,11812
2021-03-18,North Dakota,38,101434,1490
2021-03-18,Northern Mariana Islands,69,157,2
2021-03-18,Ohio,39,995785,17992
2021-03-18,Oklahoma,40,434075,4788
2021-03-18,Oregon,41,160642,2362
2021-03-18,Pennsylvania,42,982115,24781
2021-03-18,Puerto Rico,72,136962,2085
2021-03-18,Rhode Island,44,132616,2594
2021-03-18,South Carolina,45,537498,8938
2021-03-18,South Dakota,46,115203,1919
2021-03-18,Tennessee,47,782482,11578
2021-03-18,Texas,48,2742559,47196
2021-03-18,Utah,49,380398,2041
2021-03-18,Vermont,50,17247,217
2021-03-18,Virgin Islands,78,2767,25
2021-03-18,Virginia,51,600550,10182
2021-03-18,Washington,53,355706,5225
2021-03-18,West Virginia,54,136716,2570
2021-03-18,Wisconsin,55,627949,7211
2021-03-18,Wyoming,56,55479,693
2021-03-19,Alabama,01,510579,10425
2021-03-19,Alaska,02,60683,296
2021-03-19,Arizona,04,835056,16695
2021-03-19,Arkansas,05,328273,5529
2021-03-19,California,06,3638641,57417
2021-03-19,Colorado,08,450349,6142
2021-03-19,Connecticut,09,296691,7832
2021-03-19,Delaware,10,91635,1522
2021-03-19,District of Columbia,11,43034,1047
2021-03-19,Florida,12,1999249,32650
2021-03-19,Georgia,13,1017114,17903
2021-03-19,Guam,66,8749,135
2021-03-19,Hawaii,15,28678,449
2021-03-19,Idaho,16,177292,1944
2021-03-19,Illinois,17,1222043,23304
2021-03-19,Indiana,18,679529,12922
2021-03-19,Iowa,19,345304,5673
2021-03-19,Kansas,20,302223,4842
2021-03-19,Kentucky,21,423499,5744
2021-03-19,Louisiana,22,439737,9988
2021-03-19,Maine,23,48070,728
2021-03-19,Maryland,24,398083,8132
2021-03-19,Massachusetts,25,610481,16803
2021-03-19,Michigan,26,686584,16848
2021-03-19,Minnesota,27,502961,6839
2021-03-19,Mississippi,28,302316,6945
2021-03-19,Missouri,29,581380,8813
2021-03-19,Montana,30,102900,1410
2021-03-19,Nebraska,31,206470,2243
2021-03-19,Nevada,32,300696,5161
2021-03-19,New Hampshire,33,79996,1213
2021-03-19,New Jersey,34,857739,24103
2021-03-19,New Mexico,35,189374,3884
2021-03-19,New York,36,1772624,48848
2021-03-19,North Carolina,37,894586,11833
2021-03-19,North Dakota,38,101545,1491
2021-03-19,Northern Mariana Islands,69,157,2
2021-03-19,Ohio,39,997336,18340
2021-03-19,Oklahoma,40,434491,4788
2021-03-19,Oregon,41,161068,2369
2021-03-19,Pennsylvania,42,985595,24817
2021-03-19,Puerto Rico,72,137294,2089
2021-03-19,Rhode Island,44,133039,2595
2021-03-19,South Carolina,45,538801,8966
2021-03-19,South Dakota,46,115518,1919
2021-03-19,Tennessee,47,784120,11606
2021-03-19,Texas,48,2746452,47362
2021-03-19,Utah,49,380844,2058
2021-03-19,Vermont,50,17393,217
2021-03-19,Virgin Islands,78,2767,25
2021-03-19,Virginia,51,602182,10092
2021-03-19,Washington,53,356637,5224
2021-03-19,West Virginia,54,137092,2600
2021-03-19,Wisconsin,55,628634,7225
2021-03-19,Wyoming,56,55581,693
2021-03-20,Alabama,01,511087,10436
2021-03-20,Alaska,02,60683,296
2021-03-20,Arizona,04,835765,16733
2021-03-20,Arkansas,05,328547,5533
2021-03-20,California,06,3640830,57495
2021-03-20,Colorado,08,452174,6148
2021-03-20,Connecticut,09,296691,7832
2021-03-20,Delaware,10,91942,1526
2021-03-20,District of Columbia,11,43175,1049
2021-03-20,Florida,12,2004354,32712
2021-03-20,Georgia,13,1018824,17965
2021-03-20,Guam,66,8749,135
2021-03-20,Hawaii,15,28763,450
2021-03-20,Idaho,16,177501,1944
2021-03-20,Illinois,17,1223884,23329
2021-03-20,Indiana,18,680420,12926
2021-03-20,Iowa,19,345644,5675
2021-03-20,Kansas,20,302223,4842
2021-03-20,Kentucky,21,423989,5777
2021-03-20,Louisiana,22,439737,9988
2021-03-20,Maine,23,48292,728
2021-03-20,Maryland,24,399201,8158
2021-03-20,Massachusetts,25,612857,16832
2021-03-20,Michigan,26,689933,16897
2021-03-20,Minnesota,27,504341,6845
2021-03-20,Mississippi,28,302677,6955
2021-03-20,Missouri,29,581859,8816
2021-03-20,Montana,30,103042,1415
2021-03-20,Nebraska,31,206685,2243
2021-03-20,Nevada,32,300962,5171
2021-03-20,New Hampshire,33,80316,1217
2021-03-20,New Jersey,34,862648,24134
2021-03-20,New Mexico,35,189560,3891
2021-03-20,New York,36,1779291,48916
2021-03-20,North Carolina,37,896395,11848
2021-03-20,North Dakota,38,101633,1492
2021-03-20,Northern Mariana Islands,69,157,2
2021-03-20,Ohio,39,998819,18340
2021-03-20,Oklahoma,40,434491,4788
2021-03-20,Oregon,41,161342,2373
2021-03-20,Pennsylvania,42,989336,24841
2021-03-20,Puerto Rico,72,137510,2092
2021-03-20,Rhode Island,44,133039,2595
2021-03-20,South Carolina,45,540390,8977
2021-03-20,South Dakota,46,115723,1922
2021-03-20,Tennessee,47,784220,11606
2021-03-20,Texas,48,2748905,47459
2021-03-20,Utah,49,381311,2060
2021-03-20,Vermont,50,17555,219
2021-03-20,Virgin Islands,78,2767,25
2021-03-20,Virginia,51,603748,10106
2021-03-20,Washington,53,357376,5224
2021-03-20,West Virginia,54,137478,2600
2021-03-20,Wisconsin,55,629167,7241
2021-03-20,Wyoming,56,55581,693
2021-03-21,Alabama,01,511460,10436
2021-03-21,Alaska,02,60683,296
2021-03-21,Arizona,04,836253,16745
2021-03-21,Arkansas,05,328655,5539
2021-03-21,California,06,3642778,57586
2021-03-21,Colorado,08,452727,6148
2021-03-21,Connecticut,09,296691,7832
2021-03-21,Delaware,10,92287,1529
2021-03-21,District of Columbia,11,43229,1050
2021-03-21,Florida,12,2008341,32741
2021-03-21,Georgia,13,1020384,17965
2021-03-21,Guam,66,8749,135
2021-03-21,Hawaii,15,28834,451
2021-03-21,Idaho,16,177501,1944
2021-03-21,Illinois,17,1225236,23357
2021-03-21,Indiana,18,681188,12946
2021-03-21,Iowa,19,345785,5676
2021-03-21,Kansas,20,302223,4842
2021-03-21,Kentucky,21,424272,5793
2021-03-21,Louisiana,22,439737,9988
2021-03-21,Maine,23,48464,729
2021-03-21,Maryland,24,400208,8170
2021-03-21,Massachusetts,25,614668,16867
2021-03-21,Michigan,26,690090,16897
2021-03-21,Minnesota,27,505292,6850
2021-03-21,Mississippi,28,302837,6956
2021-03-21,Missouri,29,582185,8822
2021-03-21,Montana,30,103111,1415
2021-03-21,Nebraska,31,206792,2243
2021-03-21,Nevada,32,301187,5172
2021-03-21,New Hampshire,33,80543,1217
2021-03-21,New Jersey,34,865886,24174
2021-03-21,New Mexico,35,189731,3891
2021-03-21,New York,36,1783026,48942
2021-03-21,North Carolina,37,896395,11849
2021-03-21,North Dakota,38,101682,1492
2021-03-21,Northern Mariana Islands,69,157,2
2021-03-21,Ohio,39,999751,18340
2021-03-21,Oklahoma,40,434491,4788
2021-03-21,Oregon,41,161532,2374
2021-03-21,Pennsylvania,42,991403,24853
2021-03-21,Puerto Rico,72,137836,2096
2021-03-21,Rhode Island,44,133039,2595
2021-03-21,South Carolina,45,541582,9007
2021-03-21,South Dakota,46,115867,1923
2021-03-21,Tennessee,47,784267,11606
2021-03-21,Texas,48,2751212,47504
2021-03-21,Utah,49,381687,2062
2021-03-21,Vermont,50,17740,219
2021-03-21,Virgin Islands,78,2767,25
2021-03-21,Virginia,51,604908,10117
2021-03-21,Washington,53,357420,5224
2021-03-21,West Virginia,54,137826,2606
2021-03-21,Wisconsin,55,629606,7241
2021-03-21,Wyoming,56,55581,693
2021-03-22,Alabama,01,511779,10436
2021-03-22,Alaska,02,61034,296
2021-03-22,Arizona,04,836737,16745
2021-03-22,Arkansas,05,328707,5544
2021-03-22,California,06,3645684,57770
2021-03-22,Colorado,08,453045,6149
2021-03-22,Connecticut,09,299667,7841
2021-03-22,Delaware,10,92429,1531
2021-03-22,District of Columbia,11,43383,1050
2021-03-22,Florida,12,2011203,32778
2021-03-22,Georgia,13,1021299,17990
2021-03-22,Guam,66,8753,135
2021-03-22,Hawaii,15,28912,451
2021-03-22,Idaho,16,177929,1949
2021-03-22,Illinois,17,1226595,23379
2021-03-22,Indiana,18,681699,12947
2021-03-22,Iowa,19,346218,5676
2021-03-22,Kansas,20,302602,4850
2021-03-22,Kentucky,21,424716,5847
2021-03-22,Louisiana,22,441066,10030
2021-03-22,Maine,23,48642,729
2021-03-22,Maryland,24,400890,8184
2021-03-22,Massachusetts,25,615874,16894
2021-03-22,Michigan,26,695763,16904
2021-03-22,Minnesota,27,506444,6850
2021-03-22,Mississippi,28,302932,6956
2021-03-22,Missouri,29,582710,8824
2021-03-22,Montana,30,103227,1415
2021-03-22,Nebraska,31,207124,2244
2021-03-22,Nevada,32,301360,5174
2021-03-22,New Hampshire,33,80750,1217
2021-03-22,New Jersey,34,869037,24181
2021-03-22,New Mexico,35,189893,3894
2021-03-22,New York,36,1787934,48959
2021-03-22,North Carolina,37,899303,11865
2021-03-22,North Dakota,38,101732,1492
2021-03-22,Northern Mariana Islands,69,157,2
2021-03-22,Ohio,39,1001195,18340
2021-03-22,Oklahoma,40,435450,4788
2021-03-22,Oregon,41,161800,2377
2021-03-22,Pennsylvania,42,993622,24839
2021-03-22,Puerto Rico,72,138131,2096
2021-03-22,Rhode Island,44,134039,2604
2021-03-22,South Carolina,45,542203,9027
2021-03-22,South Dakota,46,115972,1923
2021-03-22,Tennessee,47,787263,11610
2021-03-22,Texas,48,2754620,47613
2021-03-22,Utah,49,381846,2062
2021-03-22,Vermont,50,17839,219
2021-03-22,Virgin Islands,78,2767,25
2021-03-22,Virginia,51,605969,10129
2021-03-22,Washington,53,358727,5232
2021-03-22,West Virginia,54,138102,2612
2021-03-22,Wisconsin,55,629994,7241
2021-03-22,Wyoming,56,55730,693
2021-03-23,Alabama,01,511789,10450
2021-03-23,Alaska,02,61212,298
2021-03-23,Arizona,04,837244,16798
2021-03-23,Arkansas,05,328946,5547
2021-03-23,California,06,3648181,57936
2021-03-23,Colorado,08,453976,6150
2021-03-23,Connecticut,09,300565,7845
2021-03-23,Delaware,10,92609,1535
2021-03-23,District of Columbia,11,43488,1051
2021-03-23,Florida,12,2016505,32819
2021-03-23,Georgia,13,1023176,18021
2021-03-23,Guam,66,8755,135
2021-03-23,Hawaii,15,28950,451
2021-03-23,Idaho,16,178254,1954
2021-03-23,Illinois,17,1228418,23391
2021-03-23,Indiana,18,682360,12959
2021-03-23,Iowa,19,346985,5683
2021-03-23,Kansas,20,302665,4850
2021-03-23,Kentucky,21,425592,5864
2021-03-23,Louisiana,22,441771,10037
2021-03-23,Maine,23,48773,731
2021-03-23,Maryland,24,401612,8195
2021-03-23,Massachusetts,25,617695,16915
2021-03-23,Michigan,26,700292,16923
2021-03-23,Minnesota,27,507299,6857
2021-03-23,Mississippi,28,303238,6977
2021-03-23,Missouri,29,583286,8881
2021-03-23,Montana,30,103579,1419
2021-03-23,Nebraska,31,207401,2244
2021-03-23,Nevada,32,301506,5188
2021-03-23,New Hampshire,33,81132,1218
2021-03-23,New Jersey,34,873840,24242
2021-03-23,New Mexico,35,190064,3905
2021-03-23,New York,36,1794735,48977
2021-03-23,North Carolina,37,900546,11878
2021-03-23,North Dakota,38,101896,1494
2021-03-23,Northern Mariana Islands,69,158,2
2021-03-23,Ohio,39,1002822,18382
2021-03-23,Oklahoma,40,435634,4788
2021-03-23,Oregon,41,162101,2380
2021-03-23,Pennsylvania,42,997245,24876
2021-03-23,Puerto Rico,72,138358,2098
2021-03-23,Rhode Island,44,134336,2606
2021-03-23,South Carolina,45,542912,9030
2021-03-23,South Dakota,46,116100,1923
2021-03-23,Tennessee,47,788549,11643
2021-03-23,Texas,48,2758973,47698
2021-03-23,Utah,49,382229,2077
2021-03-23,Vermont,50,17933,220
2021-03-23,Virgin Islands,78,2767,25
2021-03-23,Virginia,51,607234,10137
2021-03-23,Washington,53,359290,5249
2021-03-23,West Virginia,54,138429,2613
2021-03-23,Wisconsin,55,630040,7241
2021-03-23,Wyoming,56,55799,695
2021-03-24,Alabama,01,512711,10487
2021-03-24,Alaska,02,61411,298
2021-03-24,Arizona,04,837849,16842
2021-03-24,Arkansas,05,329177,5560
2021-03-24,California,06,3650958,58187
2021-03-24,Colorado,08,456069,6158
2021-03-24,Connecticut,09,302022,7852
2021-03-24,Delaware,10,92819,1535
2021-03-24,District of Columbia,11,43595,1053
2021-03-24,Florida,12,2021648,32849
2021-03-24,Georgia,13,1024530,18091
2021-03-24,Guam,66,8758,135
2021-03-24,Hawaii,15,29005,454
2021-03-24,Idaho,16,178663,1955
2021-03-24,Illinois,17,1231154,23408
2021-03-24,Indiana,18,683330,12975
2021-03-24,Iowa,19,347590,5689
2021-03-24,Kansas,20,303234,4881
2021-03-24,Kentucky,21,426210,5911
2021-03-24,Louisiana,22,442221,10056
2021-03-24,Maine,23,48972,731
2021-03-24,Maryland,24,402785,8214
2021-03-24,Massachusetts,25,619816,16970
2021-03-24,Michigan,26,705335,16940
2021-03-24,Minnesota,27,508609,6866
2021-03-24,Mississippi,28,303625,6981
2021-03-24,Missouri,29,584084,8892
2021-03-24,Montana,30,103796,1431
2021-03-24,Nebraska,31,207634,2273
2021-03-24,Nevada,32,301749,5203
2021-03-24,New Hampshire,33,81521,1228
2021-03-24,New Jersey,34,877936,24293
2021-03-24,New Mexico,35,190275,3911
2021-03-24,New York,36,1814919,49231
2021-03-24,North Carolina,37,902610,11975
2021-03-24,North Dakota,38,102032,1495
2021-03-24,Northern Mariana Islands,69,158,2
2021-03-24,Ohio,39,1004670,18382
2021-03-24,Oklahoma,40,436135,4850
2021-03-24,Oregon,41,162461,2380
2021-03-24,Pennsylvania,42,1001913,24934
2021-03-24,Puerto Rico,72,138503,2100
2021-03-24,Rhode Island,44,134807,2606
2021-03-24,South Carolina,45,543925,9055
2021-03-24,South Dakota,46,116370,1924
2021-03-24,Tennessee,47,789976,11687
2021-03-24,Texas,48,2762762,47861
2021-03-24,Utah,49,382791,2082
2021-03-24,Vermont,50,18028,222
2021-03-24,Virgin Islands,78,2876,25
2021-03-24,Virginia,51,608704,10143
2021-03-24,Washington,53,360203,5250
2021-03-24,West Virginia,54,138818,2619
2021-03-24,Wisconsin,55,631508,7264
2021-03-24,Wyoming,56,55887,695
2021-03-25,Alabama,01,513138,10504
2021-03-25,Alaska,02,61558,299
2021-03-25,Arizona,04,837987,16874
2021-03-25,Arkansas,05,329511,5571
2021-03-25,California,06,3653449,58413
2021-03-25,Colorado,08,457010,6161
2021-03-25,Connecticut,09,303510,7862
2021-03-25,Delaware,10,93038,1536
2021-03-25,District of Columbia,11,43669,1053
2021-03-25,Florida,12,2027421,32956
2021-03-25,Georgia,13,1026632,18181
2021-03-25,Guam,66,8763,135
2021-03-25,Hawaii,15,29120,455
2021-03-25,Idaho,16,179009,1957
2021-03-25,Illinois,17,1233417,23442
2021-03-25,Indiana,18,684281,12982
2021-03-25,Iowa,19,348492,5708
2021-03-25,Kansas,20,303267,4881
2021-03-25,Kentucky,21,427004,6004
2021-03-25,Louisiana,22,442620,10073
2021-03-25,Maine,23,49190,731
2021-03-25,Maryland,24,404167,8217
2021-03-25,Massachusetts,25,622226,17010
2021-03-25,Michigan,26,711126,16994
2021-03-25,Minnesota,27,510476,6892
2021-03-25,Mississippi,28,303942,6987
2021-03-25,Missouri,29,585299,8903
2021-03-25,Montana,30,103961,1435
2021-03-25,Nebraska,31,207938,2280
2021-03-25,Nevada,32,302196,5215
2021-03-25,New Hampshire,33,82039,1229
2021-03-25,New Jersey,34,881880,24330
2021-03-25,New Mexico,35,190491,3918
2021-03-25,New York,36,1823602,49305
2021-03-25,North Carolina,37,904665,12025
2021-03-25,North Dakota,38,102230,1497
2021-03-25,Northern Mariana Islands,69,159,2
2021-03-25,Ohio,39,1006171,18382
2021-03-25,Oklahoma,40,436504,4850
2021-03-25,Oregon,41,162878,2381
2021-03-25,Pennsylvania,42,1005504,24972
2021-03-25,Puerto Rico,72,138581,2103
2021-03-25,Rhode Island,44,135290,2607
2021-03-25,South Carolina,45,545254,9083
2021-03-25,South Dakota,46,116624,1927
2021-03-25,Tennessee,47,791437,11692
2021-03-25,Texas,48,2768120,47990
2021-03-25,Utah,49,383260,2089
2021-03-25,Vermont,50,18215,223
2021-03-25,Virgin Islands,78,2877,25
2021-03-25,Virginia,51,610263,10147
2021-03-25,Washington,53,361300,5286
2021-03-25,West Virginia,54,139251,2624
2021-03-25,Wisconsin,55,632331,7268
2021-03-25,Wyoming,56,55920,695
2021-03-26,Alabama,01,513580,10523
2021-03-26,Alaska,02,61744,299
2021-03-26,Arizona,04,838558,16898
2021-03-26,Arkansas,05,329695,5583
2021-03-26,California,06,3656822,58630
2021-03-26,Colorado,08,458106,6161
2021-03-26,Connecticut,09,305210,7865
2021-03-26,Delaware,10,93325,1536
2021-03-26,District of Columbia,11,43825,1055
2021-03-26,Florida,12,2033171,33115
2021-03-26,Georgia,13,1028447,18275
2021-03-26,Guam,66,8765,135
2021-03-26,Hawaii,15,29322,456
2021-03-26,Idaho,16,179313,1957
2021-03-26,Illinois,17,1236528,23472
2021-03-26,Indiana,18,685382,13002
2021-03-26,Iowa,19,349055,5716
2021-03-26,Kansas,20,303710,4891
2021-03-26,Kentucky,21,427650,6041
2021-03-26,Louisiana,22,443069,10087
2021-03-26,Maine,23,49443,731
2021-03-26,Maryland,24,405528,8232
2021-03-26,Massachusetts,25,624986,17051
2021-03-26,Michigan,26,717104,17015
2021-03-26,Minnesota,27,512175,6899
2021-03-26,Mississippi,28,304210,6998
2021-03-26,Missouri,29,586353,8910
2021-03-26,Montana,30,104107,1435
2021-03-26,Nebraska,31,208213,2280
2021-03-26,Nevada,32,302642,5226
2021-03-26,New Hampshire,33,82374,1231
2021-03-26,New Jersey,34,887479,24358
2021-03-26,New Mexico,35,190716,3925
2021-03-26,New York,36,1831605,49363
2021-03-26,North Carolina,37,906770,12049
2021-03-26,North Dakota,38,102414,1498
2021-03-26,Northern Mariana Islands,69,159,2
2021-03-26,Ohio,39,1008913,18526
2021-03-26,Oklahoma,40,436971,4850
2021-03-26,Oregon,41,163368,2384
2021-03-26,Pennsylvania,42,1010521,25013
2021-03-26,Puerto Rico,72,138841,2106
2021-03-26,Rhode Island,44,135775,2608
2021-03-26,South Carolina,45,546670,9092
2021-03-26,South Dakota,46,116833,1928
2021-03-26,Tennessee,47,792724,11713
2021-03-26,Texas,48,2772019,48123
2021-03-26,Utah,49,383771,2091
2021-03-26,Vermont,50,18498,224
2021-03-26,Virgin Islands,78,2888,26
2021-03-26,Virginia,51,612062,10154
2021-03-26,Washington,53,362403,5288
2021-03-26,West Virginia,54,139750,2628
2021-03-26,Wisconsin,55,633154,7272
2021-03-26,Wyoming,56,56046,695
2021-03-27,Alabama,01,514072,10526
2021-03-27,Alaska,02,61744,299
2021-03-27,Arizona,04,839334,16913
2021-03-27,Arkansas,05,329860,5590
2021-03-27,California,06,3658932,58801
2021-03-27,Colorado,08,460114,6165
2021-03-27,Connecticut,09,305210,7865
2021-03-27,Delaware,10,93701,1544
2021-03-27,District of Columbia,11,44051,1056
2021-03-27,Florida,12,2039054,33141
2021-03-27,Georgia,13,1029997,18349
2021-03-27,Guam,66,8766,135
2021-03-27,Hawaii,15,29426,459
2021-03-27,Idaho,16,179511,1957
2021-03-27,Illinois,17,1239012,23498
2021-03-27,Indiana,18,686360,13011
2021-03-27,Iowa,19,349554,5718
2021-03-27,Kansas,20,303710,4891
2021-03-27,Kentucky,21,428107,6053
2021-03-27,Louisiana,22,443069,10087
2021-03-27,Maine,23,49653,736
2021-03-27,Maryland,24,406894,8246
2021-03-27,Massachusetts,25,627556,17086
2021-03-27,Michigan,26,722160,17038
2021-03-27,Minnesota,27,513911,6903
2021-03-27,Mississippi,28,304420,7000
2021-03-27,Missouri,29,586829,8942
2021-03-27,Montana,30,104159,1436
2021-03-27,Nebraska,31,208707,2281
2021-03-27,Nevada,32,302939,5236
2021-03-27,New Hampshire,33,82745,1235
2021-03-27,New Jersey,34,892145,24382
2021-03-27,New Mexico,35,190887,3927
2021-03-27,New York,36,1840338,49446
2021-03-27,North Carolina,37,906770,12049
2021-03-27,North Dakota,38,102568,1498
2021-03-27,Northern Mariana Islands,69,159,2
2021-03-27,Ohio,39,1010603,18526
2021-03-27,Oklahoma,40,436971,4850
2021-03-27,Oregon,41,163737,2386
2021-03-27,Pennsylvania,42,1014137,25044
2021-03-27,Puerto Rico,72,139240,2109
2021-03-27,Rhode Island,44,135775,2608
2021-03-27,South Carolina,45,548114,9104
2021-03-27,South Dakota,46,117081,1933
2021-03-27,Tennessee,47,792763,11713
2021-03-27,Texas,48,2775092,48209
2021-03-27,Utah,49,384231,2101
2021-03-27,Vermont,50,18623,224
2021-03-27,Virgin Islands,78,2901,26
2021-03-27,Virginia,51,613974,10178
2021-03-27,Washington,53,363588,5288
2021-03-27,West Virginia,54,140316,2631
2021-03-27,Wisconsin,55,633846,7275
2021-03-27,Wyoming,56,56046,695
2021-03-28,Alabama,01,514391,10526
2021-03-28,Alaska,02,61744,299
2021-03-28,Arizona,04,839888,16919
2021-03-28,Arkansas,05,329929,5595
2021-03-28,California,06,3661102,58927
2021-03-28,Colorado,08,460827,6165
2021-03-28,Connecticut,09,305210,7865
2021-03-28,Delaware,10,94062,1544
2021-03-28,District of Columbia,11,44175,1056
2021-03-28,Florida,12,2043997,33177
2021-03-28,Georgia,13,1030899,18349
2021-03-28,Guam,66,8769,135
2021-03-28,Hawaii,15,29528,459
2021-03-28,Idaho,16,179511,1957
2021-03-28,Illinois,17,1241187,23521
2021-03-28,Indiana,18,687304,13023
2021-03-28,Iowa,19,349714,5725
2021-03-28,Kansas,20,303710,4891
2021-03-28,Kentucky,21,428419,6062
2021-03-28,Louisiana,22,443069,10087
2021-03-28,Maine,23,49850,736
2021-03-28,Maryland,24,408229,8251
2021-03-28,Massachusetts,25,629531,17115
2021-03-28,Michigan,26,722276,17038
2021-03-28,Minnesota,27,515136,6908
2021-03-28,Mississippi,28,304616,7001
2021-03-28,Missouri,29,587107,8943
2021-03-28,Montana,30,104184,1436
2021-03-28,Nebraska,31,208867,2281
2021-03-28,Nevada,32,303081,5236
2021-03-28,New Hampshire,33,83027,1237
2021-03-28,New Jersey,34,896650,24389
2021-03-28,New Mexico,35,191048,3927
2021-03-28,New York,36,1849190,49537
2021-03-28,North Carolina,37,906770,12051
2021-03-28,North Dakota,38,102615,1498
2021-03-28,Northern Mariana Islands,69,159,2
2021-03-28,Ohio,39,1011622,18526
2021-03-28,Oklahoma,40,436971,4850
2021-03-28,Oregon,41,163952,2386
2021-03-28,Pennsylvania,42,1016713,25058
2021-03-28,Puerto Rico,72,139508,2112
2021-03-28,Rhode Island,44,135775,2608
2021-03-28,South Carolina,45,549199,9122
2021-03-28,South Dakota,46,117244,1933
2021-03-28,Tennessee,47,792811,11713
2021-03-28,Texas,48,2778062,48260
2021-03-28,Utah,49,384621,2114
2021-03-28,Vermont,50,18820,225
2021-03-28,Virgin Islands,78,2907,26
2021-03-28,Virginia,51,615366,10198
2021-03-28,Washington,53,363659,5288
2021-03-28,West Virginia,54,140613,2634
2021-03-28,Wisconsin,55,634317,7275
2021-03-28,Wyoming,56,56046,695
2021-03-29,Alabama,01,514619,10526
2021-03-29,Alaska,02,61744,299
2021-03-29,Arizona,04,840501,16918
2021-03-29,Arkansas,05,330008,5601
2021-03-29,California,06,3664161,59015
2021-03-29,Colorado,08,461969,6166
2021-03-29,Connecticut,09,308439,7883
2021-03-29,Delaware,10,94402,1552
2021-03-29,District of Columbia,11,44248,1059
2021-03-29,Florida,12,2047371,33246
2021-03-29,Georgia,13,1032045,18381
2021-03-29,Guam,66,8773,135
2021-03-29,Hawaii,15,29626,459
2021-03-29,Idaho,16,179897,1960
2021-03-29,Illinois,17,1243171,23527
2021-03-29,Indiana,18,688017,13028
2021-03-29,Iowa,19,350219,5729
2021-03-29,Kansas,20,304143,4902
2021-03-29,Kentucky,21,428835,6104
2021-03-29,Louisiana,22,443905,10122
2021-03-29,Maine,23,50030,736
2021-03-29,Maryland,24,409260,8260
2021-03-29,Massachusetts,25,631031,17130
2021-03-29,Michigan,26,731519,17048
2021-03-29,Minnesota,27,516686,6913
2021-03-29,Mississippi,28,304695,7001
2021-03-29,Missouri,29,587619,8920
2021-03-29,Montana,30,104293,1436
2021-03-29,Nebraska,31,208853,2280
2021-03-29,Nevada,32,303292,5237
2021-03-29,New Hampshire,33,83340,1237
2021-03-29,New Jersey,34,900271,24404
2021-03-29,New Mexico,35,191230,3927
2021-03-29,New York,36,1858162,49648
2021-03-29,North Carolina,37,912026,12110
2021-03-29,North Dakota,38,102671,1498
2021-03-29,Northern Mariana Islands,69,159,2
2021-03-29,Ohio,39,1013119,18526
2021-03-29,Oklahoma,40,437853,4850
2021-03-29,Oregon,41,164256,2390
2021-03-29,Pennsylvania,42,1020584,25073
2021-03-29,Puerto Rico,72,140103,2112
2021-03-29,Rhode Island,44,136419,2613
2021-03-29,South Carolina,45,550068,9122
2021-03-29,South Dakota,46,117336,1933
2021-03-29,Tennessee,47,795088,11761
2021-03-29,Texas,48,2782555,48306
2021-03-29,Utah,49,384815,2114
2021-03-29,Vermont,50,19002,225
2021-03-29,Virgin Islands,78,2907,26
2021-03-29,Virginia,51,616509,10219
2021-03-29,Washington,53,365029,5296
2021-03-29,West Virginia,54,140991,2638
2021-03-29,Wisconsin,55,634662,7278
2021-03-29,Wyoming,56,56190,695
2021-03-30,Alabama,01,514980,10527
2021-03-30,Alaska,02,62395,299
2021-03-30,Arizona,04,841078,16941
2021-03-30,Arkansas,05,330186,5616
2021-03-30,California,06,3666541,59116
2021-03-30,Colorado,08,462991,6172
2021-03-30,Connecticut,09,310056,7885
2021-03-30,Delaware,10,94573,1559
2021-03-30,District of Columbia,11,44413,1061
2021-03-30,Florida,12,2052433,33337
2021-03-30,Georgia,13,1033379,18406
2021-03-30,Guam,66,8774,135
2021-03-30,Hawaii,15,29689,459
2021-03-30,Idaho,16,180233,1960
2021-03-30,Illinois,17,1245548,23542
2021-03-30,Indiana,18,688740,13038
2021-03-30,Iowa,19,350756,5729
2021-03-30,Kansas,20,304179,4902
2021-03-30,Kentucky,21,429501,6126
2021-03-30,Louisiana,22,444414,10132
2021-03-30,Maine,23,50253,738
2021-03-30,Maryland,24,410163,8273
2021-03-30,Massachusetts,25,633081,17148
2021-03-30,Michigan,26,737764,17100
2021-03-30,Minnesota,27,517959,6914
2021-03-30,Mississippi,28,304858,7013
2021-03-30,Missouri,29,588199,8971
2021-03-30,Montana,30,104456,1437
2021-03-30,Nebraska,31,209163,2281
2021-03-30,Nevada,32,303520,5239
2021-03-30,New Hampshire,33,83714,1237
2021-03-30,New Jersey,34,905144,24486
2021-03-30,New Mexico,35,191377,3934
2021-03-30,New York,36,1863912,49696
2021-03-30,North Carolina,37,913515,12116
2021-03-30,North Dakota,38,102912,1498
2021-03-30,Northern Mariana Islands,69,159,2
2021-03-30,Ohio,39,1015577,18609
2021-03-30,Oklahoma,40,437974,4850
2021-03-30,Oregon,41,164582,2395
2021-03-30,Pennsylvania,42,1025958,25106
2021-03-30,Puerto Rico,72,140550,2112
2021-03-30,Rhode Island,44,136765,2618
2021-03-30,South Carolina,45,550669,9126
2021-03-30,South Dakota,46,117495,1935
2021-03-30,Tennessee,47,796371,11789
2021-03-30,Texas,48,2785961,48417
2021-03-30,Utah,49,385186,2118
2021-03-30,Vermont,50,19109,225
2021-03-30,Virgin Islands,78,2907,26
2021-03-30,Virginia,51,617941,10242
2021-03-30,Washington,53,365816,5302
2021-03-30,West Virginia,54,141322,2640
2021-03-30,Wisconsin,55,635523,7293
2021-03-30,Wyoming,56,56236,695
2021-03-31,Alabama,01,515388,10554
2021-03-31,Alaska,02,62559,299
2021-03-31,Arizona,04,841811,16967
2021-03-31,Arkansas,05,330398,5626
2021-03-31,California,06,3669048,59260
2021-03-31,Colorado,08,464782,6175
2021-03-31,Connecticut,09,310888,7886
2021-03-31,Delaware,10,94802,1559
2021-03-31,District of Columbia,11,44513,1064
2021-03-31,Florida,12,2057727,33424
2021-03-31,Georgia,13,1035186,18473
2021-03-31,Guam,66,8776,135
2021-03-31,Hawaii,15,29779,460
2021-03-31,Idaho,16,180643,1965
2021-03-31,Illinois,17,1248133,23579
2021-03-31,Indiana,18,689785,13039
2021-03-31,Iowa,19,351402,5743
2021-03-31,Kansas,20,304657,4913
2021-03-31,Kentucky,21,430116,6151
2021-03-31,Louisiana,22,444933,10141
2021-03-31,Maine,23,50504,743
2021-03-31,Maryland,24,411529,8286
2021-03-31,Massachusetts,25,635580,17185
2021-03-31,Michigan,26,744823,17112
2021-03-31,Minnesota,27,519607,6926
2021-03-31,Mississippi,28,305146,7032
2021-03-31,Missouri,29,588900,8977
2021-03-31,Montana,30,104677,1437
2021-03-31,Nebraska,31,209602,2282
2021-03-31,Nevada,32,303799,5249
2021-03-31,New Hampshire,33,84176,1238
2021-03-31,New Jersey,34,908812,24528
2021-03-31,New Mexico,35,191652,3939
2021-03-31,New York,36,1871595,49790
2021-03-31,North Carolina,37,915456,12137
2021-03-31,North Dakota,38,103123,1498
2021-03-31,Northern Mariana Islands,69,159,2
2021-03-31,Ohio,39,1017566,18609
2021-03-31,Oklahoma,40,438364,4953
2021-03-31,Oregon,41,165013,2396
2021-03-31,Pennsylvania,42,1030415,25150
2021-03-31,Puerto Rico,72,140720,2113
2021-03-31,Rhode Island,44,137329,2619
2021-03-31,South Carolina,45,551630,9146
2021-03-31,South Dakota,46,117759,1935
2021-03-31,Tennessee,47,797531,11798
2021-03-31,Texas,48,2790030,48537
2021-03-31,Utah,49,385700,2122
2021-03-31,Vermont,50,19275,227
2021-03-31,Virgin Islands,78,2907,26
2021-03-31,Virginia,51,618976,10252
2021-03-31,Washington,53,366907,5309
2021-03-31,West Virginia,54,141738,2676
2021-03-31,Wisconsin,55,636250,7316
2021-03-31,Wyoming,56,56310,700
2021-04-01,Alabama,01,515866,10553
2021-04-01,Alaska,02,62785,299
2021-04-01,Arizona,04,842200,16977
2021-04-01,Arkansas,05,330609,5636
2021-04-01,California,06,3671690,59396
2021-04-01,Colorado,08,466368,6183
2021-04-01,Connecticut,09,312468,7900
2021-04-01,Delaware,10,95188,1559
2021-04-01,District of Columbia,11,44656,1066
2021-04-01,Florida,12,2064517,33493
2021-04-01,Georgia,13,1036700,18536
2021-04-01,Guam,66,8779,135
2021-04-01,Hawaii,15,29888,460
2021-04-01,Idaho,16,181023,1967
2021-04-01,Illinois,17,1251829,23601
2021-04-01,Indiana,18,691001,13048
2021-04-01,Iowa,19,352137,5751
2021-04-01,Kansas,20,304685,4913
2021-04-01,Kentucky,21,431160,6172
2021-04-01,Louisiana,22,445469,10161
2021-04-01,Maine,23,50788,744
2021-04-01,Maryland,24,413113,8303
2021-04-01,Massachusetts,25,638339,17217
2021-04-01,Michigan,26,751999,17165
2021-04-01,Minnesota,27,521745,6938
2021-04-01,Mississippi,28,305417,7048
2021-04-01,Missouri,29,589546,8981
2021-04-01,Montana,30,104865,1438
2021-04-01,Nebraska,31,210155,2282
2021-04-01,Nevada,32,304131,5256
2021-04-01,New Hampshire,33,84539,1245
2021-04-01,New Jersey,34,914420,24591
2021-04-01,New Mexico,35,191946,3944
2021-04-01,New York,36,1880768,49872
2021-04-01,North Carolina,37,917474,12160
2021-04-01,North Dakota,38,103331,1498
2021-04-01,Northern Mariana Islands,69,159,2
2021-04-01,Ohio,39,1020041,18609
2021-04-01,Oklahoma,40,438777,4953
2021-04-01,Oregon,41,165524,2398
2021-04-01,Pennsylvania,42,1034263,25179
2021-04-01,Puerto Rico,72,141085,2118
2021-04-01,Rhode Island,44,137848,2624
2021-04-01,South Carolina,45,552681,9174
2021-04-01,South Dakota,46,117989,1938
2021-04-01,Tennessee,47,799226,11809
2021-04-01,Texas,48,2793685,48651
2021-04-01,Utah,49,386188,2125
2021-04-01,Vermont,50,19523,227
2021-04-01,Virgin Islands,78,2907,26
2021-04-01,Virginia,51,620801,10268
2021-04-01,Washington,53,368049,5316
2021-04-01,West Virginia,54,142233,2683
2021-04-01,Wisconsin,55,637117,7327
2021-04-01,Wyoming,56,56389,700
2021-04-02,Alabama,01,516266,10607
2021-04-02,Alaska,02,62987,299
2021-04-02,Arizona,04,843132,16989
2021-04-02,Arkansas,05,330753,5639
2021-04-02,California,06,3675457,59601
2021-04-02,Colorado,08,468002,6184
2021-04-02,Connecticut,09,313956,7904
2021-04-02,Delaware,10,95590,1565
2021-04-02,District of Columbia,11,44807,1069
2021-04-02,Florida,12,2071007,33585
2021-04-02,Georgia,13,1038351,18592
2021-04-02,Guam,66,8781,137
2021-04-02,Hawaii,15,30140,460
2021-04-02,Idaho,16,181298,1969
2021-04-02,Illinois,17,1254866,23626
2021-04-02,Indiana,18,692207,13069
2021-04-02,Iowa,19,352714,5754
2021-04-02,Kansas,20,305137,4932
2021-04-02,Kentucky,21,431785,6192
2021-04-02,Louisiana,22,445469,10161
2021-04-02,Maine,23,51189,744
2021-04-02,Maryland,24,414570,8319
2021-04-02,Massachusetts,25,640779,17249
2021-04-02,Michigan,26,758101,17185
2021-04-02,Minnesota,27,524281,6942
2021-04-02,Mississippi,28,305701,7051
2021-04-02,Missouri,29,590234,8985
2021-04-02,Montana,30,104992,1454
2021-04-02,Nebraska,31,211136,2282
2021-04-02,Nevada,32,304470,5260
2021-04-02,New Hampshire,33,85010,1245
2021-04-02,New Jersey,34,918949,24615
2021-04-02,New Mexico,35,192152,3951
2021-04-02,New York,36,1888823,49946
2021-04-02,North Carolina,37,917474,12161
2021-04-02,North Dakota,38,103492,1498
2021-04-02,Northern Mariana Islands,69,159,2
2021-04-02,Ohio,39,1021718,18643
2021-04-02,Oklahoma,40,439149,4953
2021-04-02,Oregon,41,166014,2402
2021-04-02,Pennsylvania,42,1038349,25206
2021-04-02,Puerto Rico,72,141595,2121
2021-04-02,Rhode Island,44,138255,2630
2021-04-02,South Carolina,45,554031,9179
2021-04-02,South Dakota,46,118186,1938
2021-04-02,Tennessee,47,799445,11809
2021-04-02,Texas,48,2795691,48752
2021-04-02,Utah,49,386610,2131
2021-04-02,Vermont,50,19755,228
2021-04-02,Virgin Islands,78,2907,26
2021-04-02,Virginia,51,622339,10279
2021-04-02,Washington,53,369319,5325
2021-04-02,West Virginia,54,142653,2688
2021-04-02,Wisconsin,55,637988,7338
2021-04-02,Wyoming,56,56447,700
2021-04-03,Alabama,01,516615,10637
2021-04-03,Alaska,02,62987,299
2021-04-03,Arizona,04,843838,16991
2021-04-03,Arkansas,05,330970,5641
2021-04-03,California,06,3678343,59675
2021-04-03,Colorado,08,469052,6187
2021-04-03,Connecticut,09,313956,7904
2021-04-03,Delaware,10,96077,1565
2021-04-03,District of Columbia,11,44932,1070
2021-04-03,Florida,12,2077024,33651
2021-04-03,Georgia,13,1039632,18623
2021-04-03,Guam,66,8785,137
2021-04-03,Hawaii,15,30246,464
2021-04-03,Idaho,16,181309,1969
2021-04-03,Illinois,17,1257605,23635
2021-04-03,Indiana,18,693258,13074
2021-04-03,Iowa,19,353207,5822
2021-04-03,Kansas,20,305137,4932
2021-04-03,Kentucky,21,432287,6210
2021-04-03,Louisiana,22,445469,10161
2021-04-03,Maine,23,51468,745
2021-04-03,Maryland,24,415845,8342
2021-04-03,Massachusetts,25,643232,17281
2021-04-03,Michigan,26,767273,17249
2021-04-03,Minnesota,27,526345,6953
2021-04-03,Mississippi,28,305991,7055
2021-04-03,Missouri,29,590697,8988
2021-04-03,Montana,30,105092,1465
2021-04-03,Nebraska,31,211570,2285
2021-04-03,Nevada,32,304924,5274
2021-04-03,New Hampshire,33,85448,1247
2021-04-03,New Jersey,34,923394,24632
2021-04-03,New Mexico,35,192152,3951
2021-04-03,New York,36,1896534,50042
2021-04-03,North Carolina,37,917474,12161
2021-04-03,North Dakota,38,103609,1498
2021-04-03,Northern Mariana Islands,69,159,2
2021-04-03,Ohio,39,1024011,18643
2021-04-03,Oklahoma,40,439149,4953
2021-04-03,Oregon,41,166480,2406
2021-04-03,Pennsylvania,42,1043693,25243
2021-04-03,Puerto Rico,72,142387,2126
2021-04-03,Rhode Island,44,138255,2630
2021-04-03,South Carolina,45,555274,9196
2021-04-03,South Dakota,46,118361,1938
2021-04-03,Tennessee,47,799450,11809
2021-04-03,Texas,48,2797366,48828
2021-04-03,Utah,49,387057,2132
2021-04-03,Vermont,50,19905,229
2021-04-03,Virgin Islands,78,2907,26
2021-04-03,Virginia,51,623881,10287
2021-04-03,Washington,53,370362,5326
2021-04-03,West Virginia,54,143106,2693
2021-04-03,Wisconsin,55,638777,7342
2021-04-03,Wyoming,56,56447,700
2021-04-04,Alabama,01,516809,10637
2021-04-04,Alaska,02,62987,299
2021-04-04,Arizona,04,844302,16994
2021-04-04,Arkansas,05,331054,5643
2021-04-04,California,06,3679968,59726
2021-04-04,Colorado,08,470757,6190
2021-04-04,Connecticut,09,313956,7904
2021-04-04,Delaware,10,96376,1566
2021-04-04,District of Columbia,11,45037,1070
2021-04-04,Florida,12,2081818,33673
2021-04-04,Georgia,13,1040572,18625
2021-04-04,Guam,66,8785,137
2021-04-04,Hawaii,15,30338,464
2021-04-04,Idaho,16,181309,1969
2021-04-04,Illinois,17,1260001,23654
2021-04-04,Indiana,18,694204,13074
2021-04-04,Iowa,19,353362,5822
2021-04-04,Kansas,20,305137,4932
2021-04-04,Kentucky,21,432344,6210
2021-04-04,Louisiana,22,445469,10161
2021-04-04,Maine,23,51763,745
2021-04-04,Maryland,24,417514,8350
2021-04-04,Massachusetts,25,643232,17281
2021-04-04,Michigan,26,767311,17249
2021-04-04,Minnesota,27,526345,6953
2021-04-04,Mississippi,28,306088,7055
2021-04-04,Missouri,29,591087,8988
2021-04-04,Montana,30,105150,1466
2021-04-04,Nebraska,31,211812,2285
2021-04-04,Nevada,32,305184,5274
2021-04-04,New Hampshire,33,85846,1249
2021-04-04,New Jersey,34,927195,24637
2021-04-04,New Mexico,35,192152,3951
2021-04-04,New York,36,1904141,50124
2021-04-04,North Carolina,37,917565,12161
2021-04-04,North Dakota,38,103670,1498
2021-04-04,Northern Mariana Islands,69,159,2
2021-04-04,Ohio,39,1024011,18643
2021-04-04,Oklahoma,40,439149,4953
2021-04-04,Oregon,41,166882,2407
2021-04-04,Pennsylvania,42,1046714,25250
2021-04-04,Puerto Rico,72,143022,2126
2021-04-04,Rhode Island,44,138255,2630
2021-04-04,South Carolina,45,555274,9196
2021-04-04,South Dakota,46,118361,1938
2021-04-04,Tennessee,47,799463,11809
2021-04-04,Texas,48,2798366,48848
2021-04-04,Utah,49,387401,2132
2021-04-04,Vermont,50,20149,229
2021-04-04,Virgin Islands,78,2907,26
2021-04-04,Virginia,51,625148,10329
2021-04-04,Washington,53,370409,5326
2021-04-04,West Virginia,54,143456,2695
2021-04-04,Wisconsin,55,639414,7341
2021-04-04,Wyoming,56,56447,700
2021-04-05,Alabama,01,516918,10638
2021-04-05,Alaska,02,63486,299
2021-04-05,Arizona,04,844921,16990
2021-04-05,Arkansas,05,331098,5648
2021-04-05,California,06,3683077,59788
2021-04-05,Colorado,08,471702,6190
2021-04-05,Connecticut,09,316655,7923
2021-04-05,Delaware,10,96577,1566
2021-04-05,District of Columbia,11,45112,1072
2021-04-05,Florida,12,2085298,33709
2021-04-05,Georgia,13,1041275,18625
2021-04-05,Guam,66,8792,137
2021-04-05,Hawaii,15,30427,464
2021-04-05,Idaho,16,181961,1975
2021-04-05,Illinois,17,1262345,23665
2021-04-05,Indiana,18,694918,13075
2021-04-05,Iowa,19,353829,5822
2021-04-05,Kansas,20,305489,4927
2021-04-05,Kentucky,21,432851,6267
2021-04-05,Louisiana,22,446737,10165
2021-04-05,Maine,23,51986,746
2021-04-05,Maryland,24,418374,8363
2021-04-05,Massachusetts,25,646220,17325
2021-04-05,Michigan,26,778517,17274
2021-04-05,Minnesota,27,527728,6963
2021-04-05,Mississippi,28,306158,7055
2021-04-05,Missouri,29,591607,8990
2021-04-05,Montana,30,105273,1466
2021-04-05,Nebraska,31,211958,2287
2021-04-05,Nevada,32,305361,5275
2021-04-05,New Hampshire,33,86125,1249
2021-04-05,New Jersey,34,930026,24649
2021-04-05,New Mexico,35,192595,3955
2021-04-05,New York,36,1910858,50195
2021-04-05,North Carolina,37,923688,12200
2021-04-05,North Dakota,38,103745,1497
2021-04-05,Northern Mariana Islands,69,159,2
2021-04-05,Ohio,39,1026929,18643
2021-04-05,Oklahoma,40,440022,4953
2021-04-05,Oregon,41,167219,2409
2021-04-05,Pennsylvania,42,1050649,25254
2021-04-05,Puerto Rico,72,143448,2131
2021-04-05,Rhode Island,44,139173,2629
2021-04-05,South Carolina,45,556469,9203
2021-04-05,South Dakota,46,118517,1938
2021-04-05,Tennessee,47,803028,11828
2021-04-05,Texas,48,2803306,48878
2021-04-05,Utah,49,387574,2133
2021-04-05,Vermont,50,20267,229
2021-04-05,Virgin Islands,78,2945,26
2021-04-05,Virginia,51,626171,10360
2021-04-05,Washington,53,372631,5338
2021-04-05,West Virginia,54,143733,2696
2021-04-05,Wisconsin,55,639765,7342
2021-04-05,Wyoming,56,56529,700
2021-04-06,Alabama,01,517114,10652
2021-04-06,Alaska,02,63566,299
2021-04-06,Arizona,04,845488,16997
2021-04-06,Arkansas,05,331261,5653
2021-04-06,California,06,3685338,59874
2021-04-06,Colorado,08,472941,6194
2021-04-06,Connecticut,09,317729,7930
2021-04-06,Delaware,10,96806,1567
2021-04-06,District of Columbia,11,45234,1074
2021-04-06,Florida,12,2090854,33779
2021-04-06,Georgia,13,1042793,18651
2021-04-06,Guam,66,8794,137
2021-04-06,Hawaii,15,30479,464
2021-04-06,Idaho,16,182315,1977
2021-04-06,Illinois,17,1265309,23673
2021-04-06,Indiana,18,695532,13084
2021-04-06,Iowa,19,354557,5835
2021-04-06,Kansas,20,305508,4927
2021-04-06,Kentucky,21,433269,6278
2021-04-06,Louisiana,22,446955,10174
2021-04-06,Maine,23,52276,746
2021-04-06,Maryland,24,419241,8378
2021-04-06,Massachusetts,25,648023,17337
2021-04-06,Michigan,26,784542,17332
2021-04-06,Minnesota,27,530740,6967
2021-04-06,Mississippi,28,306341,7073
2021-04-06,Missouri,29,592195,8999
2021-04-06,Montana,30,105470,1477
2021-04-06,Nebraska,31,212257,2288
2021-04-06,Nevada,32,305655,5297
2021-04-06,New Hampshire,33,86510,1249
2021-04-06,New Jersey,34,933738,24700
2021-04-06,New Mexico,35,192773,3963
2021-04-06,New York,36,1916964,50239
2021-04-06,North Carolina,37,924682,12211
2021-04-06,North Dakota,38,104005,1499
2021-04-06,Northern Mariana Islands,69,159,2
2021-04-06,Ohio,39,1028800,18741
2021-04-06,Oklahoma,40,440142,4953
2021-04-06,Oregon,41,167685,2432
2021-04-06,Pennsylvania,42,1055498,25291
2021-04-06,Puerto Rico,72,143637,2136
2021-04-06,Rhode Island,44,139549,2632
2021-04-06,South Carolina,45,557803,9204
2021-04-06,South Dakota,46,118680,1938
2021-04-06,Tennessee,47,803916,11866
2021-04-06,Texas,48,2807504,48965
2021-04-06,Utah,49,387874,2137
2021-04-06,Vermont,50,20373,229
2021-04-06,Virgin Islands,78,2945,26
2021-04-06,Virginia,51,627605,10401
2021-04-06,Washington,53,373227,5350
2021-04-06,West Virginia,54,144010,2707
2021-04-06,Wisconsin,55,640913,7350
2021-04-06,Wyoming,56,56619,701
2021-04-07,Alabama,01,517452,10652
2021-04-07,Alaska,02,63785,299
2021-04-07,Arizona,04,846241,17025
2021-04-07,Arkansas,05,331505,5660
2021-04-07,California,06,3687758,59976
2021-04-07,Colorado,08,473913,6195
2021-04-07,Connecticut,09,318767,7935
2021-04-07,Delaware,10,97042,1567
2021-04-07,District of Columbia,11,45328,1076
2021-04-07,Florida,12,2096739,33821
2021-04-07,Georgia,13,1044399,18714
2021-04-07,Guam,66,8797,137
2021-04-07,Hawaii,15,30552,464
2021-04-07,Idaho,16,182661,1984
2021-04-07,Illinois,17,1269002,23702
2021-04-07,Indiana,18,696749,13099
2021-04-07,Iowa,19,354828,5836
2021-04-07,Kansas,20,306077,4932
2021-04-07,Kentucky,21,434238,6295
2021-04-07,Louisiana,22,447655,10185
2021-04-07,Maine,23,52677,747
2021-04-07,Maryland,24,420712,8389
2021-04-07,Massachusetts,25,650573,17358
2021-04-07,Michigan,26,793898,17362
2021-04-07,Minnesota,27,532736,6986
2021-04-07,Mississippi,28,306611,7077
2021-04-07,Missouri,29,592986,9001
2021-04-07,Montana,30,105660,1490
2021-04-07,Nebraska,31,212785,2289
2021-04-07,Nevada,32,305929,5308
2021-04-07,New Hampshire,33,86935,1250
2021-04-07,New Jersey,34,937979,24744
2021-04-07,New Mexico,35,192989,3965
2021-04-07,New York,36,1923414,50332
2021-04-07,North Carolina,37,926071,12235
2021-04-07,North Dakota,38,104198,1499
2021-04-07,Northern Mariana Islands,69,160,2
2021-04-07,Ohio,39,1030864,18741
2021-04-07,Oklahoma,40,441906,6669
2021-04-07,Oregon,41,168129,2446
2021-04-07,Pennsylvania,42,1060102,25342
2021-04-07,Puerto Rico,72,143848,2139
2021-04-07,Rhode Island,44,140025,2635
2021-04-07,South Carolina,45,558631,9213
2021-04-07,South Dakota,46,118975,1938
2021-04-07,Tennessee,47,805232,11875
2021-04-07,Texas,48,2811415,49073
2021-04-07,Utah,49,388486,2139
2021-04-07,Vermont,50,20442,230
2021-04-07,Virgin Islands,78,2945,26
2021-04-07,Virginia,51,629155,10415
2021-04-07,Washington,53,374402,5357
2021-04-07,West Virginia,54,144374,2722
2021-04-07,Wisconsin,55,641851,7357
2021-04-07,Wyoming,56,56700,701
2021-04-08,Alabama,01,517916,10675
2021-04-08,Alaska,02,64013,299
2021-04-08,Arizona,04,846917,17055
2021-04-08,Arkansas,05,331704,5662
2021-04-08,California,06,3690309,60115
2021-04-08,Colorado,08,476630,6200
2021-04-08,Connecticut,09,319779,7940
2021-04-08,Delaware,10,97404,1568
2021-04-08,District of Columbia,11,45498,1077
2021-04-08,Florida,12,2104678,33905
2021-04-08,Georgia,13,1045930,18780
2021-04-08,Guam,66,8799,137
2021-04-08,Hawaii,15,30673,467
2021-04-08,Idaho,16,182951,1991
2021-04-08,Illinois,17,1272932,23740
2021-04-08,Indiana,18,698132,13114
2021-04-08,Iowa,19,355454,5843
2021-04-08,Kansas,20,306099,4932
2021-04-08,Kentucky,21,434897,6314
2021-04-08,Louisiana,22,448104,10200
2021-04-08,Maine,23,52996,748
2021-04-08,Maryland,24,422009,8410
2021-04-08,Massachusetts,25,652966,17366
2021-04-08,Michigan,26,802580,17440
2021-04-08,Minnesota,27,535260,7000
2021-04-08,Mississippi,28,306851,7082
2021-04-08,Missouri,29,593771,9001
2021-04-08,Montana,30,105883,1496
2021-04-08,Nebraska,31,213188,2315
2021-04-08,Nevada,32,306315,5313
2021-04-08,New Hampshire,33,87441,1251
2021-04-08,New Jersey,34,942311,24783
2021-04-08,New Mexico,35,193247,3976
2021-04-08,New York,36,1932145,50388
2021-04-08,North Carolina,37,928095,12250
2021-04-08,North Dakota,38,104395,1499
2021-04-08,Northern Mariana Islands,69,160,2
2021-04-08,Ohio,39,1033606,18741
2021-04-08,Oklahoma,40,442389,6669
2021-04-08,Oregon,41,168795,2450
2021-04-08,Pennsylvania,42,1064568,25380
2021-04-08,Puerto Rico,72,144294,2141
2021-04-08,Rhode Island,44,140534,2636
2021-04-08,South Carolina,45,559597,9237
2021-04-08,South Dakota,46,119197,1939
2021-04-08,Tennessee,47,806768,11895
2021-04-08,Texas,48,2815899,49171
2021-04-08,Utah,49,388970,2149
2021-04-08,Vermont,50,20669,230
2021-04-08,Virgin Islands,78,2971,26
2021-04-08,Virginia,51,631083,10436
2021-04-08,Washington,53,375381,5367
2021-04-08,West Virginia,54,144820,2735
2021-04-08,Wisconsin,55,642966,7371
2021-04-08,Wyoming,56,56802,701
2021-04-09,Alabama,01,518234,10686
2021-04-09,Alaska,02,64259,299
2021-04-09,Arizona,04,848217,17062
2021-04-09,Arkansas,05,331882,5661
2021-04-09,California,06,3693923,60272
2021-04-09,Colorado,08,478535,6203
2021-04-09,Connecticut,09,321586,7944
2021-04-09,Delaware,10,97784,1573
2021-04-09,District of Columbia,11,45634,1079
2021-04-09,Florida,12,2111799,33967
2021-04-09,Georgia,13,1047385,18825
2021-04-09,Guam,66,8802,137
2021-04-09,Hawaii,15,30844,467
2021-04-09,Idaho,16,183255,1995
2021-04-09,Illinois,17,1276891,23762
2021-04-09,Indiana,18,699472,13131
2021-04-09,Iowa,19,356073,5849
2021-04-09,Kansas,20,306518,4938
2021-04-09,Kentucky,21,435601,6328
2021-04-09,Louisiana,22,448838,10216
2021-04-09,Maine,23,53434,750
2021-04-09,Maryland,24,423849,8424
2021-04-09,Massachusetts,25,655278,17376
2021-04-09,Michigan,26,811304,17471
2021-04-09,Minnesota,27,537906,7010
2021-04-09,Mississippi,28,307094,7086
2021-04-09,Missouri,29,594557,9000
2021-04-09,Montana,30,106104,1521
2021-04-09,Nebraska,31,213574,2326
2021-04-09,Nevada,32,306952,5323
2021-04-09,New Hampshire,33,87978,1253
2021-04-09,New Jersey,34,946504,24826
2021-04-09,New Mexico,35,193368,3978
2021-04-09,New York,36,1940703,50465
2021-04-09,North Carolina,37,930371,12273
2021-04-09,North Dakota,38,104519,1501
2021-04-09,Northern Mariana Islands,69,160,2
2021-04-09,Ohio,39,1035552,18827
2021-04-09,Oklahoma,40,442805,6669
2021-04-09,Oregon,41,169338,2451
2021-04-09,Pennsylvania,42,1069713,25421
2021-04-09,Puerto Rico,72,145375,2146
2021-04-09,Rhode Island,44,141097,2638
2021-04-09,South Carolina,45,560762,9248
2021-04-09,South Dakota,46,119467,1946
2021-04-09,Tennessee,47,807921,11900
2021-04-09,Texas,48,2819137,49277
2021-04-09,Utah,49,389414,2157
2021-04-09,Vermont,50,20815,231
2021-04-09,Virgin Islands,78,2971,26
2021-04-09,Virginia,51,632625,10451
2021-04-09,Washington,53,376812,5373
2021-04-09,West Virginia,54,145299,2737
2021-04-09,Wisconsin,55,644160,7376
2021-04-09,Wyoming,56,56873,701
2021-04-10,Alabama,01,518588,10712
2021-04-10,Alaska,02,64259,299
2021-04-10,Arizona,04,849022,17092
2021-04-10,Arkansas,05,332053,5661
2021-04-10,California,06,3696900,60361
2021-04-10,Colorado,08,479514,6209
2021-04-10,Connecticut,09,321586,7944
2021-04-10,Delaware,10,98203,1577
2021-04-10,District of Columbia,11,45762,1081
2021-04-10,Florida,12,2118705,34013
2021-04-10,Georgia,13,1048888,18886
2021-04-10,Guam,66,8804,137
2021-04-10,Hawaii,15,30956,468
2021-04-10,Idaho,16,183258,1995
2021-04-10,Illinois,17,1280295,23777
2021-04-10,Indiana,18,700830,13138
2021-04-10,Iowa,19,356509,5857
2021-04-10,Kansas,20,306518,4938
2021-04-10,Kentucky,21,435930,6344
2021-04-10,Louisiana,22,448838,10216
2021-04-10,Maine,23,53745,750
2021-04-10,Maryland,24,425433,8444
2021-04-10,Massachusetts,25,657578,17379
2021-04-10,Michigan,26,818667,17552
2021-04-10,Minnesota,27,540355,7022
2021-04-10,Mississippi,28,307332,7095
2021-04-10,Missouri,29,595098,9006
2021-04-10,Montana,30,106205,1523
2021-04-10,Nebraska,31,214010,2327
2021-04-10,Nevada,32,307704,5332
2021-04-10,New Hampshire,33,88446,1256
2021-04-10,New Jersey,34,950103,24859
2021-04-10,New Mexico,35,193368,3978
2021-04-10,New York,36,1948232,50527
2021-04-10,North Carolina,37,930371,12274
2021-04-10,North Dakota,38,104732,1502
2021-04-10,Northern Mariana Islands,69,160,2
2021-04-10,Ohio,39,1037600,18827
2021-04-10,Oklahoma,40,442805,6669
2021-04-10,Oregon,41,170085,2451
2021-04-10,Pennsylvania,42,1073909,25457
2021-04-10,Puerto Rico,72,146815,2152
2021-04-10,Rhode Island,44,141097,2638
2021-04-10,South Carolina,45,561773,9273
2021-04-10,South Dakota,46,119705,1946
2021-04-10,Tennessee,47,807996,11900
2021-04-10,Texas,48,2821570,49342
2021-04-10,Utah,49,389821,2159
2021-04-10,Vermont,50,20965,231
2021-04-10,Virgin Islands,78,2971,26
2021-04-10,Virginia,51,634325,10458
2021-04-10,Washington,53,377979,5373
2021-04-10,West Virginia,54,145754,2742
2021-04-10,Wisconsin,55,645081,7380
2021-04-10,Wyoming,56,56873,701
2021-04-11,Alabama,01,518899,10712
2021-04-11,Alaska,02,64259,299
2021-04-11,Arizona,04,849561,17086
2021-04-11,Arkansas,05,332153,5661
2021-04-11,California,06,3700795,60446
2021-04-11,Colorado,08,481331,6210
2021-04-11,Connecticut,09,321586,7944
2021-04-11,Delaware,10,98570,1578
2021-04-11,District of Columbia,11,45830,1081
2021-04-11,Florida,12,2124225,34020
2021-04-11,Georgia,13,1049961,18886
2021-04-11,Guam,66,8806,137
2021-04-11,Hawaii,15,31045,468
2021-04-11,Idaho,16,183258,1995
2021-04-11,Illinois,17,1283110,23793
2021-04-11,Indiana,18,701988,13148
2021-04-11,Iowa,19,357019,5857
2021-04-11,Kansas,20,306518,4938
2021-04-11,Kentucky,21,436395,6350
2021-04-11,Louisiana,22,448838,10216
2021-04-11,Maine,23,53960,750
2021-04-11,Maryland,24,426916,8455
2021-04-11,Massachusetts,25,659569,17387
2021-04-11,Michigan,26,818836,17552
2021-04-11,Minnesota,27,542131,7035
2021-04-11,Mississippi,28,307449,7096
2021-04-11,Missouri,29,595502,9007
2021-04-11,Montana,30,106231,1523
2021-04-11,Nebraska,31,214207,2328
2021-04-11,Nevada,32,308024,5332
2021-04-11,New Hampshire,33,88854,1257
2021-04-11,New Jersey,34,953490,24870
2021-04-11,New Mexico,35,193368,3978
2021-04-11,New York,36,1954809,50610
2021-04-11,North Carolina,37,930470,12276
2021-04-11,North Dakota,38,104776,1502
2021-04-11,Northern Mariana Islands,69,160,2
2021-04-11,Ohio,39,1039455,18827
2021-04-11,Oklahoma,40,442805,6669
2021-04-11,Oregon,41,170568,2451
2021-04-11,Pennsylvania,42,1077271,25459
2021-04-11,Puerto Rico,72,147812,2154
2021-04-11,Rhode Island,44,141097,2638
2021-04-11,South Carolina,45,562691,9276
2021-04-11,South Dakota,46,119705,1946
2021-04-11,Tennessee,47,808060,11900
2021-04-11,Texas,48,2823018,49366
2021-04-11,Utah,49,390165,2159
2021-04-11,Vermont,50,21202,231
2021-04-11,Virgin Islands,78,2971,26
2021-04-11,Virginia,51,635552,10472
2021-04-11,Washington,53,378052,5373
2021-04-11,West Virginia,54,146169,2745
2021-04-11,Wisconsin,55,645693,7381
2021-04-11,Wyoming,56,56873,701
2021-04-12,Alabama,01,519071,10712
2021-04-12,Alaska,02,64655,300
2021-04-12,Arizona,04,850246,17086
2021-04-12,Arkansas,05,332222,5665
2021-04-12,California,06,3704295,60484
2021-04-12,Colorado,08,482471,6209
2021-04-12,Connecticut,09,324571,7957
2021-04-12,Delaware,10,98925,1581
2021-04-12,District of Columbia,11,45903,1084
2021-04-12,Florida,12,2125838,34055
2021-04-12,Georgia,13,1050915,18920
2021-04-12,Guam,66,8811,137
2021-04-12,Hawaii,15,31113,468
2021-04-12,Idaho,16,183840,2001
2021-04-12,Illinois,17,1285780,23809
2021-04-12,Indiana,18,703118,13151
2021-04-12,Iowa,19,357197,5857
2021-04-12,Kansas,20,306998,4930
2021-04-12,Kentucky,21,436825,6355
2021-04-12,Louisiana,22,449827,10241
2021-04-12,Maine,23,54256,751
2021-04-12,Maryland,24,427901,8470
2021-04-12,Massachusetts,25,661101,17406
2021-04-12,Michigan,26,829424,17566
2021-04-12,Minnesota,27,544124,7037
2021-04-12,Mississippi,28,307519,7096
2021-04-12,Missouri,29,596027,9010
2021-04-12,Montana,30,106360,1526
2021-04-12,Nebraska,31,214351,2332
2021-04-12,Nevada,32,308343,5332
2021-04-12,New Hampshire,33,89229,1257
2021-04-12,New Jersey,34,955966,24896
2021-04-12,New Mexico,35,193987,3981
2021-04-12,New York,36,1960567,50693
2021-04-12,North Carolina,37,936163,12320
2021-04-12,North Dakota,38,104839,1502
2021-04-12,Northern Mariana Islands,69,160,2
2021-04-12,Ohio,39,1041389,18827
2021-04-12,Oklahoma,40,443773,6669
2021-04-12,Oregon,41,170937,2455
2021-04-12,Pennsylvania,42,1080998,25460
2021-04-12,Puerto Rico,72,148914,2155
2021-04-12,Rhode Island,44,141097,2638
2021-04-12,South Carolina,45,563427,9276
2021-04-12,South Dakota,46,119892,1947
2021-04-12,Tennessee,47,810376,11914
2021-04-12,Texas,48,2828568,49390
2021-04-12,Utah,49,390350,2159
2021-04-12,Vermont,50,21291,233
2021-04-12,Virgin Islands,78,2998,26
2021-04-12,Virginia,51,636862,10486
2021-04-12,Washington,53,380554,5380
2021-04-12,West Virginia,54,146462,2745
2021-04-12,Wisconsin,55,646176,7384
2021-04-12,Wyoming,56,56988,701
2021-04-13,Alabama,01,520503,10722
2021-04-13,Alaska,02,64809,300
2021-04-13,Arizona,04,850860,17105
2021-04-13,Arkansas,05,332446,5673
2021-04-13,California,06,3706904,60535
2021-04-13,Colorado,08,484079,6306
2021-04-13,Connecticut,09,325689,7974
2021-04-13,Delaware,10,99135,1587
2021-04-13,District of Columbia,11,46016,1085
2021-04-13,Florida,12,2134906,34119
2021-04-13,Georgia,13,1052708,18944
2021-04-13,Guam,66,8816,137
2021-04-13,Hawaii,15,31175,468
2021-04-13,Idaho,16,184119,2002
2021-04-13,Illinois,17,1288969,23826
2021-04-13,Indiana,18,704072,13167
2021-04-13,Iowa,19,357739,5858
2021-04-13,Kansas,20,306998,4930
2021-04-13,Kentucky,21,437685,6358
2021-04-13,Louisiana,22,450279,10255
2021-04-13,Maine,23,54827,753
2021-04-13,Maryland,24,428985,8484
2021-04-13,Massachusetts,25,662699,17413
2021-04-13,Michigan,26,839486,17648
2021-04-13,Minnesota,27,545482,7040
2021-04-13,Mississippi,28,307836,7119
2021-04-13,Missouri,29,596651,9077
2021-04-13,Montana,30,106536,1526
2021-04-13,Nebraska,31,214682,2335
2021-04-13,Nevada,32,308755,5339
2021-04-13,New Hampshire,33,89605,1257
2021-04-13,New Jersey,34,959920,24945
2021-04-13,New Mexico,35,194164,3990
2021-04-13,New York,36,1965610,50745
2021-04-13,North Carolina,37,937761,12335
2021-04-13,North Dakota,38,105070,1504
2021-04-13,Northern Mariana Islands,69,160,2
2021-04-13,Ohio,39,1043729,18917
2021-04-13,Oklahoma,40,443882,6669
2021-04-13,Oregon,41,171404,2458
2021-04-13,Pennsylvania,42,1087116,25527
2021-04-13,Puerto Rico,72,149993,2162
2021-04-13,Rhode Island,44,142774,2640
2021-04-13,South Carolina,45,564128,9289
2021-04-13,South Dakota,46,120154,1947
2021-04-13,Tennessee,47,811905,11921
2021-04-13,Texas,48,2833381,49453
2021-04-13,Utah,49,390708,2161
2021-04-13,Vermont,50,21388,233
2021-04-13,Virgin Islands,78,3005,26
2021-04-13,Virginia,51,638910,10506
2021-04-13,Washington,53,381537,5391
2021-04-13,West Virginia,54,146790,2747
2021-04-13,Wisconsin,55,647301,7394
2021-04-13,Wyoming,56,57070,703
2021-04-14,Alabama,01,520780,10728
2021-04-14,Alaska,02,65008,300
2021-04-14,Arizona,04,851276,17109
2021-04-14,Arkansas,05,332666,5680
2021-04-14,California,06,3709392,60710
2021-04-14,Colorado,08,486277,6309
2021-04-14,Connecticut,09,327298,7984
2021-04-14,Delaware,10,99515,1591
2021-04-14,District of Columbia,11,46209,1088
2021-04-14,Florida,12,2141678,34163
2021-04-14,Georgia,13,1054406,18995
2021-04-14,Guam,66,8820,137
2021-04-14,Hawaii,15,31242,470
2021-04-14,Idaho,16,184427,2008
2021-04-14,Illinois,17,1292456,23865
2021-04-14,Indiana,18,705268,13187
2021-04-14,Iowa,19,358395,5858
2021-04-14,Kansas,20,307622,4944
2021-04-14,Kentucky,21,438463,6380
2021-04-14,Louisiana,22,450673,10264
2021-04-14,Maine,23,55374,757
2021-04-14,Maryland,24,430537,8493
2021-04-14,Massachusetts,25,664943,17427
2021-04-14,Michigan,26,848824,17683
2021-04-14,Minnesota,27,547179,7056
2021-04-14,Mississippi,28,308111,7122
2021-04-14,Missouri,29,597506,9101
2021-04-14,Montana,30,106747,1526
2021-04-14,Nebraska,31,215074,2327
2021-04-14,Nevada,32,309150,5353
2021-04-14,New Hampshire,33,89983,1261
2021-04-14,New Jersey,34,963483,24987
2021-04-14,New Mexico,35,194378,3998
2021-04-14,New York,36,1971610,50839
2021-04-14,North Carolina,37,940109,12353
2021-04-14,North Dakota,38,105246,1505
2021-04-14,Northern Mariana Islands,69,160,2
2021-04-14,Ohio,39,1045945,18917
2021-04-14,Oklahoma,40,444288,6697
2021-04-14,Oregon,41,172206,2463
2021-04-14,Pennsylvania,42,1093491,25580
2021-04-14,Puerto Rico,72,150981,2174
2021-04-14,Rhode Island,44,143251,2642
2021-04-14,South Carolina,45,564931,9304
2021-04-14,South Dakota,46,120379,1948
2021-04-14,Tennessee,47,813127,11934
2021-04-14,Texas,48,2836974,49521
2021-04-14,Utah,49,391238,2161
2021-04-14,Vermont,50,21488,237
2021-04-14,Virgin Islands,78,3005,26
2021-04-14,Virginia,51,640211,10510
2021-04-14,Washington,53,382627,5407
2021-04-14,West Virginia,54,147203,2756
2021-04-14,Wisconsin,55,648304,7402
2021-04-14,Wyoming,56,57127,703
2021-04-15,Alabama,01,521201,10736
2021-04-15,Alaska,02,65201,318
2021-04-15,Arizona,04,851737,17123
2021-04-15,Arkansas,05,332949,5686
2021-04-15,California,06,3711717,60797
2021-04-15,Colorado,08,488151,6315
2021-04-15,Connecticut,09,328000,7990
2021-04-15,Delaware,10,99915,1595
2021-04-15,District of Columbia,11,46315,1090
2021-04-15,Florida,12,2148440,34237
2021-04-15,Georgia,13,1055997,19057
2021-04-15,Guam,66,8825,137
2021-04-15,Hawaii,15,31337,470
2021-04-15,Idaho,16,184661,2017
2021-04-15,Illinois,17,1296240,23896
2021-04-15,Indiana,18,706642,13194
2021-04-15,Iowa,19,358873,5871
2021-04-15,Kansas,20,307634,4944
2021-04-15,Kentucky,21,439200,6405
2021-04-15,Louisiana,22,451476,10273
2021-04-15,Maine,23,55953,758
2021-04-15,Maryland,24,431981,8512
2021-04-15,Massachusetts,25,667066,17432
2021-04-15,Michigan,26,856086,17806
2021-04-15,Minnesota,27,549908,7067
2021-04-15,Mississippi,28,308521,7127
2021-04-15,Missouri,29,598251,9106
2021-04-15,Montana,30,106936,1528
2021-04-15,Nebraska,31,215383,2327
2021-04-15,Nevada,32,309699,5359
2021-04-15,New Hampshire,33,90525,1264
2021-04-15,New Jersey,34,967401,25034
2021-04-15,New Mexico,35,194605,3999
2021-04-15,New York,36,1978594,50912
2021-04-15,North Carolina,37,942441,12385
2021-04-15,North Dakota,38,105411,1506
2021-04-15,Northern Mariana Islands,69,161,2
2021-04-15,Ohio,39,1048109,18917
2021-04-15,Oklahoma,40,444590,6697
2021-04-15,Oregon,41,172932,2467
2021-04-15,Pennsylvania,42,1098619,25623
2021-04-15,Puerto Rico,72,151451,2182
2021-04-15,Rhode Island,44,143740,2646
2021-04-15,South Carolina,45,566018,9307
2021-04-15,South Dakota,46,120613,1949
2021-04-15,Tennessee,47,814809,11942
2021-04-15,Texas,48,2840297,49604
2021-04-15,Utah,49,391694,2162
2021-04-15,Vermont,50,21664,240
2021-04-15,Virgin Islands,78,3022,26
2021-04-15,Virginia,51,641626,10529
2021-04-15,Washington,53,383951,5412
2021-04-15,West Virginia,54,147596,2772
2021-04-15,Wisconsin,55,649388,7406
2021-04-15,Wyoming,56,57203,703
2021-04-16,Alabama,01,521623,10739
2021-04-16,Alaska,02,65390,318
2021-04-16,Arizona,04,852584,17153
2021-04-16,Arkansas,05,333186,5692
2021-04-16,California,06,3714542,60911
2021-04-16,Colorado,08,490164,6326
2021-04-16,Connecticut,09,329062,7995
2021-04-16,Delaware,10,100322,1596
2021-04-16,District of Columbia,11,46449,1093
2021-04-16,Florida,12,2155736,34329
2021-04-16,Georgia,13,1057619,19107
2021-04-16,Guam,66,8828,137
2021-04-16,Hawaii,15,31510,471
2021-04-16,Idaho,16,184886,2018
2021-04-16,Illinois,17,1300047,23920
2021-04-16,Indiana,18,707932,13211
2021-04-16,Iowa,19,359260,5878
2021-04-16,Kansas,20,308124,4953
2021-04-16,Kentucky,21,439898,6415
2021-04-16,Louisiana,22,451955,10282
2021-04-16,Maine,23,56525,763
2021-04-16,Maryland,24,433545,8528
2021-04-16,Massachusetts,25,669282,17445
2021-04-16,Michigan,26,865876,17848
2021-04-16,Minnesota,27,552195,7073
2021-04-16,Mississippi,28,308737,7139
2021-04-16,Missouri,29,599136,9111
2021-04-16,Montana,30,107057,1538
2021-04-16,Nebraska,31,215792,2330
2021-04-16,Nevada,32,310235,5365
2021-04-16,New Hampshire,33,90910,1266
2021-04-16,New Jersey,34,971782,25094
2021-04-16,New Mexico,35,194868,4003
2021-04-16,New York,36,1984884,50965
2021-04-16,North Carolina,37,944749,12414
2021-04-16,North Dakota,38,105588,1509
2021-04-16,Northern Mariana Islands,69,162,2
2021-04-16,Ohio,39,1050112,18991
2021-04-16,Oklahoma,40,444863,6697
2021-04-16,Oregon,41,173707,2471
2021-04-16,Pennsylvania,42,1104166,25681
2021-04-16,Puerto Rico,72,152551,2185
2021-04-16,Rhode Island,44,144149,2647
2021-04-16,South Carolina,45,567277,9309
2021-04-16,South Dakota,46,120856,1952
2021-04-16,Tennessee,47,816148,11951
2021-04-16,Texas,48,2843308,49673
2021-04-16,Utah,49,392157,2164
2021-04-16,Vermont,50,21803,242
2021-04-16,Virgin Islands,78,3028,26
2021-04-16,Virginia,51,643220,10549
2021-04-16,Washington,53,385695,5427
2021-04-16,West Virginia,54,148071,2777
2021-04-16,Wisconsin,55,650291,7412
2021-04-16,Wyoming,56,57267,703
2021-04-17,Alabama,01,522131,10790
2021-04-17,Alaska,02,65390,318
2021-04-17,Arizona,04,853050,17151
2021-04-17,Arkansas,05,333407,5693
2021-04-17,California,06,3716759,60977
2021-04-17,Colorado,08,491130,6327
2021-04-17,Connecticut,09,329062,7995
2021-04-17,Delaware,10,100777,1602
2021-04-17,District of Columbia,11,46579,1095
2021-04-17,Florida,12,2162059,34403
2021-04-17,Georgia,13,1059242,19146
2021-04-17,Guam,66,8834,137
2021-04-17,Hawaii,15,31606,471
2021-04-17,Idaho,16,184887,2018
2021-04-17,Illinois,17,1303011,23945
2021-04-17,Indiana,18,710409,13216
2021-04-17,Iowa,19,359765,5882
2021-04-17,Kansas,20,308119,4953
2021-04-17,Kentucky,21,440422,6427
2021-04-17,Louisiana,22,451955,10282
2021-04-17,Maine,23,56939,764
2021-04-17,Maryland,24,435045,8545
2021-04-17,Massachusetts,25,671250,17455
2021-04-17,Michigan,26,871907,17922
2021-04-17,Minnesota,27,554614,7083
2021-04-17,Mississippi,28,309029,7153
2021-04-17,Missouri,29,592651,9115
2021-04-17,Montana,30,107142,1546
2021-04-17,Nebraska,31,216297,2334
2021-04-17,Nevada,32,310235,5365
2021-04-17,New Hampshire,33,91279,1266
2021-04-17,New Jersey,34,975704,25134
2021-04-17,New Mexico,35,194868,4003
2021-04-17,New York,36,1991271,51034
2021-04-17,North Carolina,37,944749,12416
2021-04-17,North Dakota,38,105727,1510
2021-04-17,Northern Mariana Islands,69,162,2
2021-04-17,Ohio,39,1052099,18991
2021-04-17,Oklahoma,40,444863,6697
2021-04-17,Oregon,41,174501,2472
2021-04-17,Pennsylvania,42,1108538,25719
2021-04-17,Puerto Rico,72,154186,2194
2021-04-17,Rhode Island,44,144149,2647
2021-04-17,South Carolina,45,568258,9321
2021-04-17,South Dakota,46,121056,1953
2021-04-17,Tennessee,47,816230,11951
2021-04-17,Texas,48,2845113,49723
2021-04-17,Utah,49,392570,2164
2021-04-17,Vermont,50,21869,242
2021-04-17,Virgin Islands,78,3028,26
2021-04-17,Virginia,51,644828,10564
2021-04-17,Washington,53,387312,5427
2021-04-17,West Virginia,54,148517,2780
2021-04-17,Wisconsin,55,651136,7422
2021-04-17,Wyoming,56,57267,703
2021-04-18,Alabama,01,522401,10790
2021-04-18,Alaska,02,65390,318
2021-04-18,Arizona,04,853761,17153
2021-04-18,Arkansas,05,333452,5694
2021-04-18,California,06,3718367,61022
2021-04-18,Colorado,08,491968,6330
2021-04-18,Connecticut,09,329062,7995
2021-04-18,Delaware,10,101158,1602
2021-04-18,District of Columbia,11,46662,1096
2021-04-18,Florida,12,2168893,34438
2021-04-18,Georgia,13,1060199,19147
2021-04-18,Guam,66,8838,137
2021-04-18,Hawaii,15,31715,471
2021-04-18,Idaho,16,184887,2018
2021-04-18,Illinois,17,1305604,23955
2021-04-18,Indiana,18,711366,13224
2021-04-18,Iowa,19,360013,5882
2021-04-18,Kansas,20,308119,5001
2021-04-18,Kentucky,21,440669,6435
2021-04-18,Louisiana,22,451955,10282
2021-04-18,Maine,23,57285,765
2021-04-18,Maryland,24,436214,8562
2021-04-18,Massachusetts,25,672657,17462
2021-04-18,Michigan,26,871912,17922
2021-04-18,Minnesota,27,556459,7098
2021-04-18,Mississippi,28,309186,7153
2021-04-18,Missouri,29,592954,9115
2021-04-18,Montana,30,107198,1547
2021-04-18,Nebraska,31,216473,2334
2021-04-18,Nevada,32,310235,5365
2021-04-18,New Hampshire,33,91586,1270
2021-04-18,New Jersey,34,978853,25143
2021-04-18,New Mexico,35,194868,4003
2021-04-18,New York,36,1996876,51077
2021-04-18,North Carolina,37,944749,12416
2021-04-18,North Dakota,38,105785,1510
2021-04-18,Northern Mariana Islands,69,162,2
2021-04-18,Ohio,39,1053175,18991
2021-04-18,Oklahoma,40,444863,6697
2021-04-18,Oregon,41,175121,2472
2021-04-18,Pennsylvania,42,1111381,25744
2021-04-18,Puerto Rico,72,155316,2200
2021-04-18,Rhode Island,44,144149,2647
2021-04-18,South Carolina,45,569279,9336
2021-04-18,South Dakota,46,121056,1953
2021-04-18,Tennessee,47,816289,11951
2021-04-18,Texas,48,2846552,49756
2021-04-18,Utah,49,392818,2164
2021-04-18,Vermont,50,22016,242
2021-04-18,Virgin Islands,78,3028,26
2021-04-18,Virginia,51,646133,10581
2021-04-18,Washington,53,387382,5427
2021-04-18,West Virginia,54,148887,2785
2021-04-18,Wisconsin,55,651739,7420
2021-04-18,Wyoming,56,57267,703
2021-04-19,Alabama,01,522512,10790
2021-04-19,Alaska,02,65835,318
2021-04-19,Arizona,04,854453,17153
2021-04-19,Arkansas,05,333511,5699
2021-04-19,California,06,3720922,61034
2021-04-19,Colorado,08,493933,6337
2021-04-19,Connecticut,09,331401,8014
2021-04-19,Delaware,10,101547,1602
2021-04-19,District of Columbia,11,46740,1096
2021-04-19,Florida,12,2173130,34470
2021-04-19,Georgia,13,1061070,19172
2021-04-19,Guam,66,8848,137
2021-04-19,Hawaii,15,31779,471
2021-04-19,Idaho,16,185364,2024
2021-04-19,Illinois,17,1307764,23976
2021-04-19,Indiana,18,712076,13226
2021-04-19,Iowa,19,360339,5887
2021-04-19,Kansas,20,308518,5005
2021-04-19,Kentucky,21,441014,6442
2021-04-19,Louisiana,22,453351,10293
2021-04-19,Maine,23,57545,767
2021-04-19,Maryland,24,436846,8574
2021-04-19,Massachusetts,25,673974,17481
2021-04-19,Michigan,26,881121,17987
2021-04-19,Minnesota,27,557743,7104
2021-04-19,Mississippi,28,309223,7153
2021-04-19,Missouri,29,593452,9117
2021-04-19,Montana,30,107315,1547
2021-04-19,Nebraska,31,216613,2343
2021-04-19,Nevada,32,310933,5368
2021-04-19,New Hampshire,33,91783,1270
2021-04-19,New Jersey,34,981036,25161
2021-04-19,New Mexico,35,195478,4009
2021-04-19,New York,36,2002053,51122
2021-04-19,North Carolina,37,950370,12443
2021-04-19,North Dakota,38,105836,1510
2021-04-19,Northern Mariana Islands,69,162,2
2021-04-19,Ohio,39,1054807,18991
2021-04-19,Oklahoma,40,445650,6697
2021-04-19,Oregon,41,175680,2474
2021-04-19,Pennsylvania,42,1114472,25744
2021-04-19,Puerto Rico,72,156664,2207
2021-04-19,Rhode Island,44,144966,2651
2021-04-19,South Carolina,45,570032,9352
2021-04-19,South Dakota,46,121189,1953
2021-04-19,Tennessee,47,821538,11986
2021-04-19,Texas,48,2851247,49777
2021-04-19,Utah,49,393018,2166
2021-04-19,Vermont,50,22112,242
2021-04-19,Virgin Islands,78,3041,27
2021-04-19,Virginia,51,647111,10595
2021-04-19,Washington,53,388842,5439
2021-04-19,West Virginia,54,149147,2785
2021-04-19,Wisconsin,55,652158,7421
2021-04-19,Wyoming,56,57378,703
2021-04-20,Alabama,01,523955,10798
2021-04-20,Alaska,02,65944,318
2021-04-20,Arizona,04,855155,17193
2021-04-20,Arkansas,05,333709,5706
2021-04-20,California,06,3723405,61111
2021-04-20,Colorado,08,495815,6346
2021-04-20,Connecticut,09,332139,8020
2021-04-20,Delaware,10,101707,1603
2021-04-20,District of Columbia,11,46869,1097
2021-04-20,Florida,12,2178775,34532
2021-04-20,Georgia,13,1062399,19185
2021-04-20,Guam,66,8853,137
2021-04-20,Hawaii,15,31817,471
2021-04-20,Idaho,16,185573,2023
2021-04-20,Illinois,17,1310368,23989
2021-04-20,Indiana,18,712755,13234
2021-04-20,Iowa,19,360782,5894
2021-04-20,Kansas,20,308488,4998
2021-04-20,Kentucky,21,441580,6454
2021-04-20,Louisiana,22,453711,10306
2021-04-20,Maine,23,57965,767
2021-04-20,Maryland,24,437770,8592
2021-04-20,Massachusetts,25,675162,17484
2021-04-20,Michigan,26,887642,18075
2021-04-20,Minnesota,27,558928,7109
2021-04-20,Mississippi,28,309585,7161
2021-04-20,Missouri,29,594129,9152
2021-04-20,Montana,30,107493,1552
2021-04-20,Nebraska,31,217108,2347
2021-04-20,Nevada,32,311314,5377
2021-04-20,New Hampshire,33,92053,1271
2021-04-20,New Jersey,34,983875,25206
2021-04-20,New Mexico,35,195615,4012
2021-04-20,New York,36,2006712,51183
2021-04-20,North Carolina,37,951660,12460
2021-04-20,North Dakota,38,106073,1513
2021-04-20,Northern Mariana Islands,69,162,2
2021-04-20,Ohio,39,1056606,19033
2021-04-20,Oklahoma,40,445725,6697
2021-04-20,Oregon,41,176164,2475
2021-04-20,Pennsylvania,42,1119535,25821
2021-04-20,Puerto Rico,72,157755,2213
2021-04-20,Rhode Island,44,145358,2654
2021-04-20,South Carolina,45,570606,9355
2021-04-20,South Dakota,46,121360,1953
2021-04-20,Tennessee,47,822305,12001
2021-04-20,Texas,48,2855946,49826
2021-04-20,Utah,49,393337,2174
2021-04-20,Vermont,50,22112,242
2021-04-20,Virgin Islands,78,3041,27
2021-04-20,Virginia,51,648347,10625
2021-04-20,Washington,53,390415,5451
2021-04-20,West Virginia,54,149462,2789
2021-04-20,Wisconsin,55,653091,7427
2021-04-20,Wyoming,56,57456,705
2021-04-21,Alabama,01,524367,10807
2021-04-21,Alaska,02,66142,318
2021-04-21,Arizona,04,855804,17199
2021-04-21,Arkansas,05,334061,5708
2021-04-21,California,06,3725355,61199
2021-04-21,Colorado,08,497299,6352
2021-04-21,Connecticut,09,332995,8027
2021-04-21,Delaware,10,101993,1603
2021-04-21,District of Columbia,11,46941,1097
2021-04-21,Florida,12,2184346,34615
2021-04-21,Georgia,13,1063650,19214
2021-04-21,Guam,66,8866,137
2021-04-21,Hawaii,15,31885,471
2021-04-21,Idaho,16,185858,2029
2021-04-21,Illinois,17,1313149,24018
2021-04-21,Indiana,18,713907,13248
2021-04-21,Iowa,19,361420,5899
2021-04-21,Kansas,20,309061,5002
2021-04-21,Kentucky,21,442294,6469
2021-04-21,Louisiana,22,454377,10316
2021-04-21,Maine,23,58465,768
2021-04-21,Maryland,24,438975,8605
2021-04-21,Massachusetts,25,676758,17498
2021-04-21,Michigan,26,893610,18119
2021-04-21,Minnesota,27,560528,7122
2021-04-21,Mississippi,28,309818,7163
2021-04-21,Missouri,29,594860,9161
2021-04-21,Montana,30,107651,1557
2021-04-21,Nebraska,31,217596,2349
2021-04-21,Nevada,32,311750,5388
2021-04-21,New Hampshire,33,92395,1273
2021-04-21,New Jersey,34,987350,25252
2021-04-21,New Mexico,35,195783,4022
2021-04-21,New York,36,2010967,51228
2021-04-21,North Carolina,37,953452,12500
2021-04-21,North Dakota,38,106249,1515
2021-04-21,Northern Mariana Islands,69,162,2
2021-04-21,Ohio,39,1058395,19033
2021-04-21,Oklahoma,40,445963,6716
2021-04-21,Oregon,41,177138,2483
2021-04-21,Pennsylvania,42,1124073,25886
2021-04-21,Puerto Rico,72,158310,2224
2021-04-21,Rhode Island,44,145647,2658
2021-04-21,South Carolina,45,571369,9365
2021-04-21,South Dakota,46,121517,1954
2021-04-21,Tennessee,47,823524,12016
2021-04-21,Texas,48,2860001,49913
2021-04-21,Utah,49,393926,2177
2021-04-21,Vermont,50,22238,243
2021-04-21,Virgin Islands,78,3041,27
2021-04-21,Virginia,51,649608,10640
2021-04-21,Washington,53,392013,5466
2021-04-21,West Virginia,54,149888,2800
2021-04-21,Wisconsin,55,653853,7430
2021-04-21,Wyoming,56,57518,705
2021-04-22,Alabama,01,525049,10824
2021-04-22,Alaska,02,66370,318
2021-04-22,Arizona,04,856451,17221
2021-04-22,Arkansas,05,334222,5711
2021-04-22,California,06,3727911,61290
2021-04-22,Colorado,08,499513,6360
2021-04-22,Connecticut,09,333732,8039
2021-04-22,Delaware,10,102267,1604
2021-04-22,District of Columbia,11,47040,1098
2021-04-22,Florida,12,2191030,34695
2021-04-22,Georgia,13,1065319,19258
2021-04-22,Guam,66,8878,137
2021-04-22,Hawaii,15,31977,473
2021-04-22,Idaho,16,186081,2029
2021-04-22,Illinois,17,1316497,24056
2021-04-22,Indiana,18,715087,13252
2021-04-22,Iowa,19,361891,5904
2021-04-22,Kansas,20,309069,5002
2021-04-22,Kentucky,21,442918,6494
2021-04-22,Louisiana,22,455000,10324
2021-04-22,Maine,23,58868,769
2021-04-22,Maryland,24,440178,8625
2021-04-22,Massachusetts,25,678386,17515
2021-04-22,Michigan,26,899108,18239
2021-04-22,Minnesota,27,562498,7132
2021-04-22,Mississippi,28,310137,7173
2021-04-22,Missouri,29,595623,9169
2021-04-22,Montana,30,107834,1557
2021-04-22,Nebraska,31,217905,2349
2021-04-22,Nevada,32,312278,5400
2021-04-22,New Hampshire,33,92911,1274
2021-04-22,New Jersey,34,990580,25282
2021-04-22,New Mexico,35,195990,4025
2021-04-22,New York,36,2016244,51299
2021-04-22,North Carolina,37,955791,12534
2021-04-22,North Dakota,38,106416,1515
2021-04-22,Northern Mariana Islands,69,162,2
2021-04-22,Ohio,39,1060119,19033
2021-04-22,Oklahoma,40,446246,6716
2021-04-22,Oregon,41,178110,2484
2021-04-22,Pennsylvania,42,1128144,25934
2021-04-22,Puerto Rico,72,158827,2238
2021-04-22,Rhode Island,44,146028,2660
2021-04-22,South Carolina,45,572248,9388
2021-04-22,South Dakota,46,121651,1956
2021-04-22,Tennessee,47,825274,12035
2021-04-22,Texas,48,2863676,49981
2021-04-22,Utah,49,394398,2178
2021-04-22,Vermont,50,22325,243
2021-04-22,Virgin Islands,78,3068,27
2021-04-22,Virginia,51,650981,10653
2021-04-22,Washington,53,393514,5472
2021-04-22,West Virginia,54,150288,2808
2021-04-22,Wisconsin,55,654681,7438
2021-04-22,Wyoming,56,57613,705
2021-04-23,Alabama,01,525477,10840
2021-04-23,Alaska,02,66518,318
2021-04-23,Arizona,04,857347,17238
2021-04-23,Arkansas,05,334458,5716
2021-04-23,California,06,3730175,61390
2021-04-23,Colorado,08,501502,6368
2021-04-23,Connecticut,09,334766,8047
2021-04-23,Delaware,10,102593,1609
2021-04-23,District of Columbia,11,47141,1099
2021-04-23,Florida,12,2196494,34758
2021-04-23,Georgia,13,1067121,19299
2021-04-23,Guam,66,8880,137
2021-04-23,Hawaii,15,32114,474
2021-04-23,Idaho,16,186297,2033
2021-04-23,Illinois,17,1319947,24083
2021-04-23,Indiana,18,716160,13256
2021-04-23,Iowa,19,362334,5907
2021-04-23,Kansas,20,309544,5009
2021-04-23,Kentucky,21,443504,6517
2021-04-23,Louisiana,22,455541,10336
2021-04-23,Maine,23,59239,771
2021-04-23,Maryland,24,441341,8633
2021-04-23,Massachusetts,25,680007,17528
2021-04-23,Michigan,26,904751,18272
2021-04-23,Minnesota,27,564662,7142
2021-04-23,Mississippi,28,310349,7175
2021-04-23,Missouri,29,596543,9172
2021-04-23,Montana,30,107988,1559
2021-04-23,Nebraska,31,218197,2355
2021-04-23,Nevada,32,312840,5422
2021-04-23,New Hampshire,33,93231,1281
2021-04-23,New Jersey,34,993414,25328
2021-04-23,New Mexico,35,196221,4026
2021-04-23,New York,36,2021094,51361
2021-04-23,North Carolina,37,957785,12552
2021-04-23,North Dakota,38,106568,1517
2021-04-23,Northern Mariana Islands,69,162,2
2021-04-23,Ohio,39,1061907,19122
2021-04-23,Oklahoma,40,446550,6716
2021-04-23,Oregon,41,179124,2493
2021-04-23,Pennsylvania,42,1132212,25990
2021-04-23,Puerto Rico,72,159999,2246
2021-04-23,Rhode Island,44,146324,2660
2021-04-23,South Carolina,45,573225,9404
2021-04-23,South Dakota,46,121850,1957
2021-04-23,Tennessee,47,826550,12045
2021-04-23,Texas,48,2866290,50045
2021-04-23,Utah,49,394742,2179
2021-04-23,Vermont,50,22416,243
2021-04-23,Virgin Islands,78,3068,27
2021-04-23,Virginia,51,652321,10666
2021-04-23,Washington,53,395354,5477
2021-04-23,West Virginia,54,150693,2813
2021-04-23,Wisconsin,55,655560,7452
2021-04-23,Wyoming,56,57696,705
2021-04-24,Alabama,01,525898,10851
2021-04-24,Alaska,02,66518,318
2021-04-24,Arizona,04,858076,17260
2021-04-24,Arkansas,05,334642,5717
2021-04-24,California,06,3730549,61428
2021-04-24,Colorado,08,502704,6381
2021-04-24,Connecticut,09,334766,8047
2021-04-24,Delaware,10,102927,1615
2021-04-24,District of Columbia,11,47219,1099
2021-04-24,Florida,12,2203905,34811
2021-04-24,Georgia,13,1068594,19355
2021-04-24,Guam,66,8880,137
2021-04-24,Hawaii,15,32165,475
2021-04-24,Idaho,16,186300,2033
2021-04-24,Illinois,17,1322640,24114
2021-04-24,Indiana,18,717263,13271
2021-04-24,Iowa,19,362732,5927
2021-04-24,Kansas,20,309544,5009
2021-04-24,Kentucky,21,443955,6544
2021-04-24,Louisiana,22,455541,10336
2021-04-24,Maine,23,59612,772
2021-04-24,Maryland,24,442537,8648
2021-04-24,Massachusetts,25,681570,17544
2021-04-24,Michigan,26,909952,18398
2021-04-24,Minnesota,27,566765,7150
2021-04-24,Mississippi,28,310349,7175
2021-04-24,Missouri,29,597228,9179
2021-04-24,Montana,30,108121,1563
2021-04-24,Nebraska,31,218580,2356
2021-04-24,Nevada,32,312840,5422
2021-04-24,New Hampshire,33,93542,1282
2021-04-24,New Jersey,34,996197,25367
2021-04-24,New Mexico,35,196221,4026
2021-04-24,New York,36,2025257,51419
2021-04-24,North Carolina,37,957970,12553
2021-04-24,North Dakota,38,106687,1517
2021-04-24,Northern Mariana Islands,69,164,2
2021-04-24,Ohio,39,1063433,19122
2021-04-24,Oklahoma,40,446550,6716
2021-04-24,Oregon,41,179930,2496
2021-04-24,Pennsylvania,42,1135903,26033
2021-04-24,Puerto Rico,72,161065,2263
2021-04-24,Rhode Island,44,146324,2660
2021-04-24,South Carolina,45,574226,9414
2021-04-24,South Dakota,46,121986,1958
2021-04-24,Tennessee,47,826608,12045
2021-04-24,Texas,48,2868275,50087
2021-04-24,Utah,49,395214,2180
2021-04-24,Vermont,50,22479,244
2021-04-24,Virgin Islands,78,3068,27
2021-04-24,Virginia,51,653326,10675
2021-04-24,Washington,53,396890,5478
2021-04-24,West Virginia,54,151068,2817
2021-04-24,Wisconsin,55,656203,7474
2021-04-24,Wyoming,56,57696,705
2021-04-25,Alabama,01,526131,10851
2021-04-25,Alaska,02,66518,318
2021-04-25,Arizona,04,858737,17268
2021-04-25,Arkansas,05,334706,5718
2021-04-25,California,06,3731900,61463
2021-04-25,Colorado,08,504495,6388
2021-04-25,Connecticut,09,334766,8047
2021-04-25,Delaware,10,103222,1616
2021-04-25,District of Columbia,11,47323,1099
2021-04-25,Florida,12,2208576,34847
2021-04-25,Georgia,13,1069495,19357
2021-04-25,Guam,66,8884,137
2021-04-25,Hawaii,15,32284,475
2021-04-25,Idaho,16,186300,2033
2021-04-25,Illinois,17,1324610,24139
2021-04-25,Indiana,18,718090,13274
2021-04-25,Iowa,19,362923,5927
2021-04-25,Kansas,20,309544,5009
2021-04-25,Kentucky,21,444211,6557
2021-04-25,Louisiana,22,455541,10336
2021-04-25,Maine,23,59776,772
2021-04-25,Maryland,24,443443,8661
2021-04-25,Massachusetts,25,682784,17550
2021-04-25,Michigan,26,909952,18398
2021-04-25,Minnesota,27,568321,7157
2021-04-25,Mississippi,28,310349,7175
2021-04-25,Missouri,29,597547,9180
2021-04-25,Montana,30,108170,1563
2021-04-25,Nebraska,31,218732,2356
2021-04-25,Nevada,32,312840,5422
2021-04-25,New Hampshire,33,93821,1284
2021-04-25,New Jersey,34,997891,25380
2021-04-25,New Mexico,35,196221,4026
2021-04-25,New York,36,2029307,51471
2021-04-25,North Carolina,37,957970,12553
2021-04-25,North Dakota,38,106719,1517
2021-04-25,Northern Mariana Islands,69,164,2
2021-04-25,Ohio,39,1064306,19122
2021-04-25,Oklahoma,40,446550,6716
2021-04-25,Oregon,41,180700,2497
2021-04-25,Pennsylvania,42,1138529,26038
2021-04-25,Puerto Rico,72,162074,2264
2021-04-25,Rhode Island,44,146324,2660
2021-04-25,South Carolina,45,574985,9430
2021-04-25,South Dakota,46,121986,1958
2021-04-25,Tennessee,47,826672,12045
2021-04-25,Texas,48,2869755,50100
2021-04-25,Utah,49,395495,2182
2021-04-25,Vermont,50,22576,244
2021-04-25,Virgin Islands,78,3068,27
2021-04-25,Virginia,51,654210,10691
2021-04-25,Washington,53,397006,5478
2021-04-25,West Virginia,54,151382,2821
2021-04-25,Wisconsin,55,656668,7473
2021-04-25,Wyoming,56,57696,705
2021-04-26,Alabama,01,526348,10852
2021-04-26,Alaska,02,66967,330
2021-04-26,Arizona,04,859487,17268
2021-04-26,Arkansas,05,334769,5720
2021-04-26,California,06,3734630,61485
2021-04-26,Colorado,08,505526,6390
2021-04-26,Connecticut,09,336933,8066
2021-04-26,Delaware,10,103459,1617
2021-04-26,District of Columbia,11,47378,1099
2021-04-26,Florida,12,2212089,34911
2021-04-26,Georgia,13,1070237,19391
2021-04-26,Guam,66,8892,137
2021-04-26,Hawaii,15,32349,475
2021-04-26,Idaho,16,186875,2036
2021-04-26,Illinois,17,1326850,24150
2021-04-26,Indiana,18,718771,13280
2021-04-26,Iowa,19,363158,5927
2021-04-26,Kansas,20,310013,5010
2021-04-26,Kentucky,21,444547,6575
2021-04-26,Louisiana,22,456432,10342
2021-04-26,Maine,23,60005,772
2021-04-26,Maryland,24,444001,8670
2021-04-26,Massachusetts,25,683665,17562
2021-04-26,Michigan,26,917016,18439
2021-04-26,Minnesota,27,569518,7157
2021-04-26,Mississippi,28,310987,7178
2021-04-26,Missouri,29,597967,9182
2021-04-26,Montana,30,108227,1563
2021-04-26,Nebraska,31,218832,2361
2021-04-26,Nevada,32,313680,5433
2021-04-26,New Hampshire,33,93935,1286
2021-04-26,New Jersey,34,988886,25399
2021-04-26,New Mexico,35,196844,4029
2021-04-26,New York,36,2032325,51511
2021-04-26,North Carolina,37,962978,12587
2021-04-26,North Dakota,38,106840,1517
2021-04-26,Northern Mariana Islands,69,164,2
2021-04-26,Ohio,39,1065702,19122
2021-04-26,Oklahoma,40,447278,6716
2021-04-26,Oregon,41,181413,2501
2021-04-26,Pennsylvania,42,1141219,26042
2021-04-26,Puerto Rico,72,162818,2265
2021-04-26,Rhode Island,44,146960,2663
2021-04-26,South Carolina,45,575515,9433
2021-04-26,South Dakota,46,122080,1960
2021-04-26,Tennessee,47,828528,12055
2021-04-26,Texas,48,2874150,50133
2021-04-26,Utah,49,395741,2183
2021-04-26,Vermont,50,22617,244
2021-04-26,Virgin Islands,78,3090,27
2021-04-26,Virginia,51,654929,10706
2021-04-26,Washington,53,399327,5498
2021-04-26,West Virginia,54,151671,2821
2021-04-26,Wisconsin,55,657144,7473
2021-04-26,Wyoming,56,57818,705
2021-04-27,Alabama,01,526707,10854
2021-04-27,Alaska,02,67104,330
2021-04-27,Arizona,04,860169,17276
2021-04-27,Arkansas,05,334998,5725
2021-04-27,California,06,3736753,61504
2021-04-27,Colorado,08,508108,6402
2021-04-27,Connecticut,09,337340,8067
2021-04-27,Delaware,10,103603,1617
2021-04-27,District of Columbia,11,47471,1100
2021-04-27,Florida,12,2217360,34957
2021-04-27,Georgia,13,1071593,19407
2021-04-27,Guam,66,8908,137
2021-04-27,Hawaii,15,32397,476
2021-04-27,Idaho,16,187102,2043
2021-04-27,Illinois,17,1329443,24174
2021-04-27,Indiana,18,719613,13293
2021-04-27,Iowa,19,363530,5930
2021-04-27,Kansas,20,310014,5010
2021-04-27,Kentucky,21,445266,6595
2021-04-27,Louisiana,22,456884,10352
2021-04-27,Maine,23,60430,777
2021-04-27,Maryland,24,444678,8688
2021-04-27,Massachusetts,25,684630,17566
2021-04-27,Michigan,26,921596,18552
2021-04-27,Minnesota,27,570596,7169
2021-04-27,Mississippi,28,311159,7188
2021-04-27,Missouri,29,598538,9217
2021-04-27,Montana,30,108402,1566
2021-04-27,Nebraska,31,219090,2362
2021-04-27,Nevada,32,314085,5444
2021-04-27,New Hampshire,33,94203,1294
2021-04-27,New Jersey,34,991010,25460
2021-04-27,New Mexico,35,196999,4041
2021-04-27,New York,36,2035668,51587
2021-04-27,North Carolina,37,964612,12611
2021-04-27,North Dakota,38,107029,1517
2021-04-27,Northern Mariana Islands,69,164,2
2021-04-27,Ohio,39,1067262,19188
2021-04-27,Oklahoma,40,447393,6716
2021-04-27,Oregon,41,182040,2502
2021-04-27,Pennsylvania,42,1144880,26120
2021-04-27,Puerto Rico,72,163652,2279
2021-04-27,Rhode Island,44,147220,2664
2021-04-27,South Carolina,45,575956,9435
2021-04-27,South Dakota,46,122228,1961
2021-04-27,Tennessee,47,829599,12066
2021-04-27,Texas,48,2877890,50193
2021-04-27,Utah,49,396068,2186
2021-04-27,Vermont,50,22675,245
2021-04-27,Virgin Islands,78,3090,27
2021-04-27,Virginia,51,656051,10724
2021-04-27,Washington,53,400386,5510
2021-04-27,West Virginia,54,151848,2662
2021-04-27,Wisconsin,55,658084,7494
2021-04-27,Wyoming,56,57883,707
2021-04-28,Alabama,01,527083,10879
2021-04-28,Alaska,02,67290,330
2021-04-28,Arizona,04,860772,17282
2021-04-28,Arkansas,05,335289,5726
2021-04-28,California,06,3738507,61571
2021-04-28,Colorado,08,508930,6406
2021-04-28,Connecticut,09,337961,8080
2021-04-28,Delaware,10,103844,1622
2021-04-28,District of Columbia,11,47533,1104
2021-04-28,Florida,12,2222538,35029
2021-04-28,Georgia,13,1072961,19475
2021-04-28,Guam,66,8920,137
2021-04-28,Hawaii,15,32465,479
2021-04-28,Idaho,16,187348,2047
2021-04-28,Illinois,17,1332089,24211
2021-04-28,Indiana,18,720874,13312
2021-04-28,Iowa,19,364033,5931
2021-04-28,Kansas,20,310641,5021
2021-04-28,Kentucky,21,445990,6602
2021-04-28,Louisiana,22,457326,10367
2021-04-28,Maine,23,60691,778
2021-04-28,Maryland,24,445681,8709
2021-04-28,Massachusetts,25,686243,17578
2021-04-28,Michigan,26,926532,18589
2021-04-28,Minnesota,27,572103,7191
2021-04-28,Mississippi,28,311493,7193
2021-04-28,Missouri,29,599445,9230
2021-04-28,Montana,30,108598,1567
2021-04-28,Nebraska,31,219341,2362
2021-04-28,Nevada,32,314475,5448
2021-04-28,New Hampshire,33,94405,1296
2021-04-28,New Jersey,34,993121,25495
2021-04-28,New Mexico,35,197219,4053
2021-04-28,New York,36,2038668,51608
2021-04-28,North Carolina,37,966397,12642
2021-04-28,North Dakota,38,107185,1517
2021-04-28,Northern Mariana Islands,69,164,2
2021-04-28,Ohio,39,1068985,19188
2021-04-28,Oklahoma,40,447642,6788
2021-04-28,Oregon,41,182960,2506
2021-04-28,Pennsylvania,42,1148422,26185
2021-04-28,Puerto Rico,72,163976,2285
2021-04-28,Rhode Island,44,147601,2668
2021-04-28,South Carolina,45,576639,9472
2021-04-28,South Dakota,46,122398,1962
2021-04-28,Tennessee,47,830660,12074
2021-04-28,Texas,48,2882018,50271
2021-04-28,Utah,49,396586,2190
2021-04-28,Vermont,50,22723,246
2021-04-28,Virgin Islands,78,3093,27
2021-04-28,Virginia,51,657160,10736
2021-04-28,Washington,53,402049,5522
2021-04-28,West Virginia,54,152301,2673
2021-04-28,Wisconsin,55,658908,7534
2021-04-28,Wyoming,56,57999,707
2021-04-29,Alabama,01,527513,10887
2021-04-29,Alaska,02,67458,330
2021-04-29,Arizona,04,861653,17305
2021-04-29,Arkansas,05,335529,5735
2021-04-29,California,06,3739891,61650
2021-04-29,Colorado,08,511914,6422
2021-04-29,Connecticut,09,338447,8084
2021-04-29,Delaware,10,104038,1624
2021-04-29,District of Columbia,11,47614,1105
2021-04-29,Florida,12,2228204,35083
2021-04-29,Georgia,13,1074398,19532
2021-04-29,Guam,66,8928,137
2021-04-29,Hawaii,15,32580,480
2021-04-29,Idaho,16,187578,2048
2021-04-29,Illinois,17,1335559,24252
2021-04-29,Indiana,18,722258,13324
2021-04-29,Iowa,19,364476,5931
2021-04-29,Kansas,20,310650,5021
2021-04-29,Kentucky,21,446773,6612
2021-04-29,Louisiana,22,457896,10376
2021-04-29,Maine,23,60945,782
2021-04-29,Maryland,24,446647,8718
2021-04-29,Massachusetts,25,687638,17594
2021-04-29,Michigan,26,930717,18705
2021-04-29,Minnesota,27,574031,7221
2021-04-29,Mississippi,28,311654,7195
2021-04-29,Missouri,29,600190,9237
2021-04-29,Montana,30,108773,1570
2021-04-29,Nebraska,31,219559,2365
2021-04-29,Nevada,32,314928,5459
2021-04-29,New Hampshire,33,94676,1301
2021-04-29,New Jersey,34,995365,25529
2021-04-29,New Mexico,35,197447,4060
2021-04-29,New York,36,2042530,51677
2021-04-29,North Carolina,37,968342,12658
2021-04-29,North Dakota,38,107329,1522
2021-04-29,Northern Mariana Islands,69,164,2
2021-04-29,Ohio,39,1070771,19188
2021-04-29,Oklahoma,40,447931,6788
2021-04-29,Oregon,41,183830,2507
2021-04-29,Pennsylvania,42,1151784,26233
2021-04-29,Puerto Rico,72,164286,2296
2021-04-29,Rhode Island,44,147897,2669
2021-04-29,South Carolina,45,577550,9495
2021-04-29,South Dakota,46,122532,1962
2021-04-29,Tennessee,47,831905,12091
2021-04-29,Texas,48,2885569,50336
2021-04-29,Utah,49,397049,2197
2021-04-29,Vermont,50,22824,246
2021-04-29,Virgin Islands,78,3093,27
2021-04-29,Virginia,51,658341,10751
2021-04-29,Washington,53,403589,5535
2021-04-29,West Virginia,54,152733,2674
2021-04-29,Wisconsin,55,659812,7542
2021-04-29,Wyoming,56,58069,707
2021-04-30,Alabama,01,527922,10896
2021-04-30,Alaska,02,67598,330
2021-04-30,Arizona,04,862497,17324
2021-04-30,Arkansas,05,335725,5739
2021-04-30,California,06,3742224,61756
2021-04-30,Colorado,08,513752,6432
2021-04-30,Connecticut,09,339233,8097
2021-04-30,Delaware,10,104405,1625
2021-04-30,District of Columbia,11,47697,1105
2021-04-30,Florida,12,2233510,35160
2021-04-30,Georgia,13,1075835,19564
2021-04-30,Guam,66,8933,137
2021-04-30,Hawaii,15,32767,480
2021-04-30,Idaho,16,187726,2048
2021-04-30,Illinois,17,1338687,24291
2021-04-30,Indiana,18,723741,13332
2021-04-30,Iowa,19,364841,5950
2021-04-30,Kansas,20,311213,5025
2021-04-30,Kentucky,21,447473,6620
2021-04-30,Louisiana,22,458581,10382
2021-04-30,Maine,23,61213,784
2021-04-30,Maryland,24,447590,8744
2021-04-30,Massachusetts,25,688973,17610
2021-04-30,Michigan,26,934576,18743
2021-04-30,Minnesota,27,575905,7237
2021-04-30,Mississippi,28,311900,7199
2021-04-30,Missouri,29,600910,9243
2021-04-30,Montana,30,108931,1572
2021-04-30,Nebraska,31,219826,2366
2021-04-30,Nevada,32,315438,5464
2021-04-30,New Hampshire,33,94886,1303
2021-04-30,New Jersey,34,997222,25554
2021-04-30,New Mexico,35,197733,4069
2021-04-30,New York,36,2046322,51728
2021-04-30,North Carolina,37,970599,12676
2021-04-30,North Dakota,38,107504,1523
2021-04-30,Northern Mariana Islands,69,164,2
2021-04-30,Ohio,39,1072312,19284
2021-04-30,Oklahoma,40,448305,6788
2021-04-30,Oregon,41,184838,2511
2021-04-30,Pennsylvania,42,1156246,26275
2021-04-30,Puerto Rico,72,165052,2303
2021-04-30,Rhode Island,44,148186,2671
2021-04-30,South Carolina,45,578659,9497
2021-04-30,South Dakota,46,122660,1967
2021-04-30,Tennessee,47,832853,12100
2021-04-30,Texas,48,2889252,50403
2021-04-30,Utah,49,397388,2202
2021-04-30,Vermont,50,22952,246
2021-04-30,Virgin Islands,78,3125,27
2021-04-30,Virginia,51,659590,10770
2021-04-30,Washington,53,404972,5547
2021-04-30,West Virginia,54,153128,2679
2021-04-30,Wisconsin,55,660662,7550
2021-04-30,Wyoming,56,58142,707
2021-05-01,Alabama,01,528309,10913
2021-05-01,Alaska,02,67598,330
2021-05-01,Arizona,04,863571,17338
2021-05-01,Arkansas,05,335968,5741
2021-05-01,California,06,3743780,61853
2021-05-01,Colorado,08,515125,6434
2021-05-01,Connecticut,09,339233,8097
2021-05-01,Delaware,10,104621,1626
2021-05-01,District of Columbia,11,47800,1106
2021-05-01,Florida,12,2238929,35238
2021-05-01,Georgia,13,1077047,19586
2021-05-01,Guam,66,8944,137
2021-05-01,Hawaii,15,32882,480
2021-05-01,Idaho,16,187728,2048
2021-05-01,Illinois,17,1341493,24330
2021-05-01,Indiana,18,724895,13338
2021-05-01,Iowa,19,365228,5952
2021-05-01,Kansas,20,311213,5025
2021-05-01,Kentucky,21,448026,6631
2021-05-01,Louisiana,22,458581,10382
2021-05-01,Maine,23,61616,789
2021-05-01,Maryland,24,448529,8764
2021-05-01,Massachusetts,25,690279,17617
2021-05-01,Michigan,26,938277,18883
2021-05-01,Minnesota,27,577617,7247
2021-05-01,Mississippi,28,311900,7199
2021-05-01,Missouri,29,601861,9250
2021-05-01,Montana,30,109061,1574
2021-05-01,Nebraska,31,220032,2366
2021-05-01,Nevada,32,315438,5464
2021-05-01,New Hampshire,33,95163,1304
2021-05-01,New Jersey,34,998811,25588
2021-05-01,New Mexico,35,197733,4069
2021-05-01,New York,36,2050174,51791
2021-05-01,North Carolina,37,970673,12677
2021-05-01,North Dakota,38,107670,1525
2021-05-01,Northern Mariana Islands,69,168,2
2021-05-01,Ohio,39,1074019,19284
2021-05-01,Oklahoma,40,448305,6788
2021-05-01,Oregon,41,185621,2514
2021-05-01,Pennsylvania,42,1158964,26307
2021-05-01,Puerto Rico,72,165571,2310
2021-05-01,Rhode Island,44,148186,2671
2021-05-01,South Carolina,45,579556,9506
2021-05-01,South Dakota,46,122660,1967
2021-05-01,Tennessee,47,832906,12100
2021-05-01,Texas,48,2891264,50455
2021-05-01,Utah,49,397798,2203
2021-05-01,Vermont,50,23032,247
2021-05-01,Virgin Islands,78,3125,27
2021-05-01,Virginia,51,660553,10777
2021-05-01,Washington,53,406546,5547
2021-05-01,West Virginia,54,153498,2679
2021-05-01,Wisconsin,55,661414,7569
2021-05-01,Wyoming,56,58142,707
2021-05-02,Alabama,01,528597,10913
2021-05-02,Alaska,02,67598,330
2021-05-02,Arizona,04,863927,17344
2021-05-02,Arkansas,05,336105,5743
2021-05-02,California,06,3745139,61924
2021-05-02,Colorado,08,516337,6438
2021-05-02,Connecticut,09,339233,8097
2021-05-02,Delaware,10,104909,1626
2021-05-02,District of Columbia,11,47855,1106
2021-05-02,Florida,12,2242770,35267
2021-05-02,Georgia,13,1078321,19586
2021-05-02,Guam,66,8944,137
2021-05-02,Hawaii,15,32989,480
2021-05-02,Idaho,16,187728,2048
2021-05-02,Illinois,17,1343273,24358
2021-05-02,Indiana,18,725964,13349
2021-05-02,Iowa,19,365519,5959
2021-05-02,Kansas,20,311218,5025
2021-05-02,Kentucky,21,448339,6634
2021-05-02,Louisiana,22,458581,10382
2021-05-02,Maine,23,61847,789
2021-05-02,Maryland,24,449180,8776
2021-05-02,Massachusetts,25,691172,17621
2021-05-02,Michigan,26,938277,18883
2021-05-02,Minnesota,27,579328,7253
2021-05-02,Mississippi,28,311900,7199
2021-05-02,Missouri,29,602466,9253
2021-05-02,Montana,30,109106,1574
2021-05-02,Nebraska,31,220127,2366
2021-05-02,Nevada,32,315438,5464
2021-05-02,New Hampshire,33,95377,1305
2021-05-02,New Jersey,34,1000009,25600
2021-05-02,New Mexico,35,197733,4069
2021-05-02,New York,36,2053027,51830
2021-05-02,North Carolina,37,970673,12677
2021-05-02,North Dakota,38,107739,1525
2021-05-02,Northern Mariana Islands,69,168,2
2021-05-02,Ohio,39,1075004,19284
2021-05-02,Oklahoma,40,448305,6788
2021-05-02,Oregon,41,186344,2516
2021-05-02,Pennsylvania,42,1161184,26327
2021-05-02,Puerto Rico,72,166193,2313
2021-05-02,Rhode Island,44,148186,2671
2021-05-02,South Carolina,45,580273,9520
2021-05-02,South Dakota,46,122660,1967
2021-05-02,Tennessee,47,832935,12100
2021-05-02,Texas,48,2892504,50470
2021-05-02,Utah,49,398077,2204
2021-05-02,Vermont,50,23126,247
2021-05-02,Virgin Islands,78,3138,27
2021-05-02,Virginia,51,661314,10791
2021-05-02,Washington,53,406659,5547
2021-05-02,West Virginia,54,153918,2686
2021-05-02,Wisconsin,55,661890,7567
2021-05-02,Wyoming,56,58142,707
2021-05-03,Alabama,01,528784,10913
2021-05-03,Alaska,02,67872,331
2021-05-03,Arizona,04,864579,17344
2021-05-03,Arkansas,05,336166,5747
2021-05-03,California,06,3747389,61961
2021-05-03,Colorado,08,517439,6443
2021-05-03,Connecticut,09,340545,8112
2021-05-03,Delaware,10,105067,1626
2021-05-03,District of Columbia,11,47903,1106
2021-05-03,Florida,12,2245845,35306
2021-05-03,Georgia,13,1079178,19601
2021-05-03,Guam,66,8950,137
2021-05-03,Hawaii,15,33060,481
2021-05-03,Idaho,16,188101,2054
2021-05-03,Illinois,17,1345483,24389
2021-05-03,Indiana,18,726760,13350
2021-05-03,Iowa,19,365750,5959
2021-05-03,Kansas,20,311715,5029
2021-05-03,Kentucky,21,448728,6642
2021-05-03,Louisiana,22,459340,10393
2021-05-03,Maine,23,62092,790
2021-05-03,Maryland,24,449701,8797
2021-05-03,Massachusetts,25,691735,17639
2021-05-03,Michigan,26,943827,18910
2021-05-03,Minnesota,27,580433,7256
2021-05-03,Mississippi,28,312400,7207
2021-05-03,Missouri,29,603024,9255
2021-05-03,Montana,30,109209,1574
2021-05-03,Nebraska,31,220225,2371
2021-05-03,Nevada,32,316239,5473
2021-05-03,New Hampshire,33,95506,1305
2021-05-03,New Jersey,34,1000992,25616
2021-05-03,New Mexico,35,198372,4075
2021-05-03,New York,36,2055467,51889
2021-05-03,North Carolina,37,974852,12715
2021-05-03,North Dakota,38,107794,1525
2021-05-03,Northern Mariana Islands,69,168,2
2021-05-03,Ohio,39,1075999,19284
2021-05-03,Oklahoma,40,448872,6788
2021-05-03,Oregon,41,186923,2518
2021-05-03,Pennsylvania,42,1163552,26330
2021-05-03,Puerto Rico,72,166662,2315
2021-05-03,Rhode Island,44,148669,2678
2021-05-03,South Carolina,45,580794,9524
2021-05-03,South Dakota,46,122745,1970
2021-05-03,Tennessee,47,834739,12108
2021-05-03,Texas,48,2896609,50484
2021-05-03,Utah,49,398305,2204
2021-05-03,Vermont,50,23158,248
2021-05-03,Virgin Islands,78,3138,27
2021-05-03,Virginia,51,661925,10807
2021-05-03,Washington,53,409151,5555
2021-05-03,West Virginia,54,154207,2686
2021-05-03,Wisconsin,55,662281,7567
2021-05-03,Wyoming,56,58290,707
2021-05-04,Alabama,01,528784,10913
2021-05-04,Alaska,02,67964,331
2021-05-04,Arizona,04,865280,17355
2021-05-04,Arkansas,05,336462,5752
2021-05-04,California,06,3749576,62016
2021-05-04,Colorado,08,518530,6456
2021-05-04,Connecticut,09,340962,8117
2021-05-04,Delaware,10,105204,1626
2021-05-04,District of Columbia,11,47986,1106
2021-05-04,Florida,12,2249527,35398
2021-05-04,Georgia,13,1080385,19614
2021-05-04,Guam,66,8973,138
2021-05-04,Hawaii,15,33132,481
2021-05-04,Idaho,16,188305,2054
2021-05-04,Illinois,17,1347662,24410
2021-05-04,Indiana,18,727536,13363
2021-05-04,Iowa,19,366126,5960
2021-05-04,Kansas,20,311718,5029
2021-05-04,Kentucky,21,449464,6651
2021-05-04,Louisiana,22,460337,10405
2021-05-04,Maine,23,62509,790
2021-05-04,Maryland,24,450201,8803
2021-05-04,Massachusetts,25,692589,17644
2021-05-04,Michigan,26,946952,19041
2021-05-04,Minnesota,27,581428,7267
2021-05-04,Mississippi,28,312608,7221
2021-05-04,Missouri,29,603560,9310
2021-05-04,Montana,30,109431,1577
2021-05-04,Nebraska,31,220481,2372
2021-05-04,Nevada,32,316715,5480
2021-05-04,New Hampshire,33,95714,1307
2021-05-04,New Jersey,34,1001996,25658
2021-05-04,New Mexico,35,198576,4085
2021-05-04,New York,36,2057701,51949
2021-05-04,North Carolina,37,976059,12723
2021-05-04,North Dakota,38,107943,1525
2021-05-04,Northern Mariana Islands,69,168,2
2021-05-04,Ohio,39,1077284,19344
2021-05-04,Oklahoma,40,449014,6788
2021-05-04,Oregon,41,187611,2521
2021-05-04,Pennsylvania,42,1166208,26383
2021-05-04,Puerto Rico,72,167122,2323
2021-05-04,Rhode Island,44,148929,2681
2021-05-04,South Carolina,45,581221,9524
2021-05-04,South Dakota,46,122974,1973
2021-05-04,Tennessee,47,835281,12120
2021-05-04,Texas,48,2899356,50567
2021-05-04,Utah,49,398564,2217
2021-05-04,Vermont,50,23191,248
2021-05-04,Virgin Islands,78,3152,27
2021-05-04,Virginia,51,662696,10823
2021-05-04,Washington,53,410494,5575
2021-05-04,West Virginia,54,154551,2695
2021-05-04,Wisconsin,55,663105,7582
2021-05-04,Wyoming,56,58367,710
2021-05-05,Alabama,01,529446,10930
2021-05-05,Alaska,02,68112,331
2021-05-05,Arizona,04,866022,17360
2021-05-05,Arkansas,05,336760,5754
2021-05-05,California,06,3751248,62065
2021-05-05,Colorado,08,519693,6467
2021-05-05,Connecticut,09,341571,8124
2021-05-05,Delaware,10,105401,1628
2021-05-05,District of Columbia,11,48041,1109
2021-05-05,Florida,12,2253921,35477
2021-05-05,Georgia,13,1081398,19640
2021-05-05,Guam,66,8985,139
2021-05-05,Hawaii,15,33186,482
2021-05-05,Idaho,16,188518,2054
2021-05-05,Illinois,17,1350094,24443
2021-05-05,Indiana,18,728677,13373
2021-05-05,Iowa,19,366566,5962
2021-05-05,Kansas,20,312200,5041
2021-05-05,Kentucky,21,450190,6658
2021-05-05,Louisiana,22,460803,10418
2021-05-05,Maine,23,62857,791
2021-05-05,Maryland,24,450880,8813
2021-05-05,Massachusetts,25,693608,17658
2021-05-05,Michigan,26,950023,19087
2021-05-05,Minnesota,27,582669,7284
2021-05-05,Mississippi,28,312712,7223
2021-05-05,Missouri,29,604140,9319
2021-05-05,Montana,30,109572,1578
2021-05-05,Nebraska,31,220720,2372
2021-05-05,Nevada,32,317088,5487
2021-05-05,New Hampshire,33,95881,1308
2021-05-05,New Jersey,34,1004525,25692
2021-05-05,New Mexico,35,198781,4087
2021-05-05,New York,36,2060075,52005
2021-05-05,North Carolina,37,977466,12744
2021-05-05,North Dakota,38,108112,1528
2021-05-05,Northern Mariana Islands,69,168,2
2021-05-05,Ohio,39,1078734,19344
2021-05-05,Oklahoma,40,449266,6832
2021-05-05,Oregon,41,188460,2526
2021-05-05,Pennsylvania,42,1168595,26446
2021-05-05,Puerto Rico,72,167320,2337
2021-05-05,Rhode Island,44,149197,2682
2021-05-05,South Carolina,45,581835,9536
2021-05-05,South Dakota,46,123073,1976
2021-05-05,Tennessee,47,836094,12131
2021-05-05,Texas,48,2901603,50626
2021-05-05,Utah,49,399044,2219
2021-05-05,Vermont,50,23247,248
2021-05-05,Virgin Islands,78,3152,27
2021-05-05,Virginia,51,663538,10844
2021-05-05,Washington,53,411842,5586
2021-05-05,West Virginia,54,154956,2707
2021-05-05,Wisconsin,55,663880,7596
2021-05-05,Wyoming,56,58438,710
2021-05-06,Alabama,01,530011,10946
2021-05-06,Alaska,02,68208,332
2021-05-06,Arizona,04,866623,17367
2021-05-06,Arkansas,05,336948,5757
2021-05-06,California,06,3753796,62169
2021-05-06,Colorado,08,521743,6482
2021-05-06,Connecticut,09,342282,8131
2021-05-06,Delaware,10,105572,1629
2021-05-06,District of Columbia,11,48080,1110
2021-05-06,Florida,12,2258425,35548
2021-05-06,Georgia,13,1082584,19661
2021-05-06,Guam,66,8989,140
2021-05-06,Hawaii,15,33309,483
2021-05-06,Idaho,16,188668,2055
2021-05-06,Illinois,17,1352140,24483
2021-05-06,Indiana,18,729923,13379
2021-05-06,Iowa,19,366946,5980
2021-05-06,Kansas,20,312206,5041
2021-05-06,Kentucky,21,450840,6664
2021-05-06,Louisiana,22,461210,10425
2021-05-06,Maine,23,63175,793
2021-05-06,Maryland,24,451458,8822
2021-05-06,Massachusetts,25,694769,17663
2021-05-06,Michigan,26,954135,19209
2021-05-06,Minnesota,27,584320,7297
2021-05-06,Mississippi,28,312926,7226
2021-05-06,Missouri,29,604806,9323
2021-05-06,Montana,30,109704,1580
2021-05-06,Nebraska,31,220933,2379
2021-05-06,Nevada,32,317482,5490
2021-05-06,New Hampshire,33,96134,1311
2021-05-06,New Jersey,34,1005938,25740
2021-05-06,New Mexico,35,199054,4091
2021-05-06,New York,36,2062707,52038
2021-05-06,North Carolina,37,979336,12761
2021-05-06,North Dakota,38,108249,1530
2021-05-06,Northern Mariana Islands,69,168,2
2021-05-06,Ohio,39,1080121,19344
2021-05-06,Oklahoma,40,449414,6832
2021-05-06,Oregon,41,189162,2531
2021-05-06,Pennsylvania,42,1171863,26497
2021-05-06,Puerto Rico,72,167461,2348
2021-05-06,Rhode Island,44,149384,2685
2021-05-06,South Carolina,45,582506,9558
2021-05-06,South Dakota,46,123157,1977
2021-05-06,Tennessee,47,837185,12148
2021-05-06,Texas,48,2904201,50690
2021-05-06,Utah,49,399439,2219
2021-05-06,Vermont,50,23296,249
2021-05-06,Virgin Islands,78,3152,27
2021-05-06,Virginia,51,664394,10861
2021-05-06,Washington,53,413004,5598
2021-05-06,West Virginia,54,155341,2713
2021-05-06,Wisconsin,55,664673,7614
2021-05-06,Wyoming,56,58527,710
2021-05-07,Alabama,01,530325,10966
2021-05-07,Alaska,02,68324,332
2021-05-07,Arizona,04,867443,17391
2021-05-07,Arkansas,05,337170,5759
2021-05-07,California,06,3755950,62211
2021-05-07,Colorado,08,523758,6489
2021-05-07,Connecticut,09,342718,8137
2021-05-07,Delaware,10,105775,1629
2021-05-07,District of Columbia,11,48136,1110
2021-05-07,Florida,12,2262590,35634
2021-05-07,Georgia,13,1083828,19701
2021-05-07,Guam,66,8992,140
2021-05-07,Hawaii,15,33452,483
2021-05-07,Idaho,16,188857,2063
2021-05-07,Illinois,17,1355405,24524
2021-05-07,Indiana,18,731086,13397
2021-05-07,Iowa,19,367292,5983
2021-05-07,Kansas,20,312637,5058
2021-05-07,Kentucky,21,451453,6672
2021-05-07,Louisiana,22,461773,10433
2021-05-07,Maine,23,63463,794
2021-05-07,Maryland,24,452226,8833
2021-05-07,Massachusetts,25,695745,17668
2021-05-07,Michigan,26,957497,19239
2021-05-07,Minnesota,27,585770,7309
2021-05-07,Mississippi,28,313166,7228
2021-05-07,Missouri,29,605406,9329
2021-05-07,Montana,30,109853,1592
2021-05-07,Nebraska,31,221153,2380
2021-05-07,Nevada,32,317980,5498
2021-05-07,New Hampshire,33,96337,1311
2021-05-07,New Jersey,34,1006905,25769
2021-05-07,New Mexico,35,199333,4100
2021-05-07,New York,36,2065172,52077
2021-05-07,North Carolina,37,981197,12804
2021-05-07,North Dakota,38,108371,1529
2021-05-07,Northern Mariana Islands,69,169,2
2021-05-07,Ohio,39,1081518,19428
2021-05-07,Oklahoma,40,449648,6832
2021-05-07,Oregon,41,190064,2539
2021-05-07,Pennsylvania,42,1174510,26547
2021-05-07,Puerto Rico,72,167983,2355
2021-05-07,Rhode Island,44,149577,2687
2021-05-07,South Carolina,45,583373,9566
2021-05-07,South Dakota,46,123233,1980
2021-05-07,Tennessee,47,837967,12158
2021-05-07,Texas,48,2907084,50748
2021-05-07,Utah,49,399825,2223
2021-05-07,Vermont,50,23393,249
2021-05-07,Virgin Islands,78,3152,27
2021-05-07,Virginia,51,665332,10874
2021-05-07,Washington,53,414479,5609
2021-05-07,West Virginia,54,155680,2719
2021-05-07,Wisconsin,55,665422,7625
2021-05-07,Wyoming,56,58623,710
2021-05-08,Alabama,01,530744,10978
2021-05-08,Alaska,02,68324,332
2021-05-08,Arizona,04,868382,17407
2021-05-08,Arkansas,05,337415,5760
2021-05-08,California,06,3757249,62270
2021-05-08,Colorado,08,524782,6491
2021-05-08,Connecticut,09,342718,8137
2021-05-08,Delaware,10,105948,1636
2021-05-08,District of Columbia,11,48164,1110
2021-05-08,Florida,12,2266567,35699
2021-05-08,Georgia,13,1084835,19731
2021-05-08,Guam,66,9003,140
2021-05-08,Hawaii,15,33540,484
2021-05-08,Idaho,16,188857,2063
2021-05-08,Illinois,17,1357051,24546
2021-05-08,Indiana,18,732135,13405
2021-05-08,Iowa,19,367563,5984
2021-05-08,Kansas,20,312637,5058
2021-05-08,Kentucky,21,451864,6686
2021-05-08,Louisiana,22,461773,10433
2021-05-08,Maine,23,63750,795
2021-05-08,Maryland,24,452882,8843
2021-05-08,Massachusetts,25,696540,17676
2021-05-08,Michigan,26,960068,19363
2021-05-08,Minnesota,27,587052,7317
2021-05-08,Mississippi,28,313166,7228
2021-05-08,Missouri,29,605885,9332
2021-05-08,Montana,30,109986,1592
2021-05-08,Nebraska,31,221347,2378
2021-05-08,Nevada,32,317980,5498
2021-05-08,New Hampshire,33,96501,1314
2021-05-08,New Jersey,34,1007555,25791
2021-05-08,New Mexico,35,199333,4100
2021-05-08,New York,36,2068200,52118
2021-05-08,North Carolina,37,981358,12803
2021-05-08,North Dakota,38,108469,1529
2021-05-08,Northern Mariana Islands,69,169,2
2021-05-08,Ohio,39,1082815,19428
2021-05-08,Oklahoma,40,449648,6832
2021-05-08,Oregon,41,190804,2542
2021-05-08,Pennsylvania,42,1176855,26578
2021-05-08,Puerto Rico,72,168503,2367
2021-05-08,Rhode Island,44,149577,2687
2021-05-08,South Carolina,45,583996,9586
2021-05-08,South Dakota,46,123233,1980
2021-05-08,Tennessee,47,838024,12158
2021-05-08,Texas,48,2908499,50786
2021-05-08,Utah,49,400185,2223
2021-05-08,Vermont,50,23445,249
2021-05-08,Virgin Islands,78,3210,27
2021-05-08,Virginia,51,666111,10885
2021-05-08,Washington,53,415873,5609
2021-05-08,West Virginia,54,156001,2726
2021-05-08,Wisconsin,55,666042,7652
2021-05-08,Wyoming,56,58623,710
2021-05-09,Alabama,01,530988,10978
2021-05-09,Alaska,02,68324,332
2021-05-09,Arizona,04,868830,17409
2021-05-09,Arkansas,05,337510,5761
2021-05-09,California,06,3758303,62310
2021-05-09,Colorado,08,526228,6494
2021-05-09,Connecticut,09,342718,8137
2021-05-09,Delaware,10,106148,1636
2021-05-09,District of Columbia,11,48180,1110
2021-05-09,Florida,12,2269798,35730
2021-05-09,Georgia,13,1085449,19730
2021-05-09,Guam,66,9005,140
2021-05-09,Hawaii,15,33613,485
2021-05-09,Idaho,16,188857,2063
2021-05-09,Illinois,17,1358716,24577
2021-05-09,Indiana,18,733040,13418
2021-05-09,Iowa,19,367715,5985
2021-05-09,Kansas,20,312637,5058
2021-05-09,Kentucky,21,452059,6689
2021-05-09,Louisiana,22,461773,10433
2021-05-09,Maine,23,63994,795
2021-05-09,Maryland,24,453316,8851
2021-05-09,Massachusetts,25,697398,17682
2021-05-09,Michigan,26,960068,19363
2021-05-09,Minnesota,27,587855,7324
2021-05-09,Mississippi,28,313166,7228
2021-05-09,Missouri,29,606180,9334
2021-05-09,Montana,30,110021,1592
2021-05-09,Nebraska,31,221434,2377
2021-05-09,Nevada,32,317980,5498
2021-05-09,New Hampshire,33,96624,1315
2021-05-09,New Jersey,34,1007894,25801
2021-05-09,New Mexico,35,199333,4100
2021-05-09,New York,36,2070603,52155
2021-05-09,North Carolina,37,981358,12803
2021-05-09,North Dakota,38,108512,1529
2021-05-09,Northern Mariana Islands,69,169,2
2021-05-09,Ohio,39,1083609,19428
2021-05-09,Oklahoma,40,449648,6832
2021-05-09,Oregon,41,191405,2543
2021-05-09,Pennsylvania,42,1177967,26589
2021-05-09,Puerto Rico,72,168886,2372
2021-05-09,Rhode Island,44,149577,2687
2021-05-09,South Carolina,45,584517,9592
2021-05-09,South Dakota,46,123233,1980
2021-05-09,Tennessee,47,838061,12158
2021-05-09,Texas,48,2909750,50803
2021-05-09,Utah,49,400417,2224
2021-05-09,Vermont,50,23486,249
2021-05-09,Virgin Islands,78,3210,27
2021-05-09,Virginia,51,666650,10895
2021-05-09,Washington,53,415942,5609
2021-05-09,West Virginia,54,156406,2726
2021-05-09,Wisconsin,55,666381,7652
2021-05-09,Wyoming,56,58623,710
2021-05-10,Alabama,01,531094,10978
2021-05-10,Alaska,02,68559,332
2021-05-10,Arizona,04,869472,17409
2021-05-10,Arkansas,05,337586,5764
2021-05-10,California,06,3760386,62332
2021-05-10,Colorado,08,527186,6494
2021-05-10,Connecticut,09,343545,8154
2021-05-10,Delaware,10,106252,1641
2021-05-10,District of Columbia,11,48195,1110
2021-05-10,Florida,12,2272094,35782
2021-05-10,Georgia,13,1085897,19731
2021-05-10,Guam,66,9012,140
2021-05-10,Hawaii,15,33665,485
2021-05-10,Idaho,16,189199,2063
2021-05-10,Illinois,17,1360247,24590
2021-05-10,Indiana,18,733631,13419
2021-05-10,Iowa,19,367909,5985
2021-05-10,Kansas,20,312985,5059
2021-05-10,Kentucky,21,452284,6699
2021-05-10,Louisiana,22,462868,10438
2021-05-10,Maine,23,64208,795
2021-05-10,Maryland,24,453592,8861
2021-05-10,Massachusetts,25,697872,17698
2021-05-10,Michigan,26,963056,19398
2021-05-10,Minnesota,27,589045,7324
2021-05-10,Mississippi,28,313675,7234
2021-05-10,Missouri,29,606513,9337
2021-05-10,Montana,30,110051,1592
2021-05-10,Nebraska,31,221500,2374
2021-05-10,Nevada,32,318780,5506
2021-05-10,New Hampshire,33,96801,1315
2021-05-10,New Jersey,34,1008046,25809
2021-05-10,New Mexico,35,199901,4108
2021-05-10,New York,36,2072264,52192
2021-05-10,North Carolina,37,984647,12814
2021-05-10,North Dakota,38,108556,1529
2021-05-10,Northern Mariana Islands,69,170,2
2021-05-10,Ohio,39,1084322,19428
2021-05-10,Oklahoma,40,450315,6832
2021-05-10,Oregon,41,191837,2549
2021-05-10,Pennsylvania,42,1179648,26597
2021-05-10,Puerto Rico,72,169158,2374
2021-05-10,Rhode Island,44,149948,2690
2021-05-10,South Carolina,45,584932,9596
2021-05-10,South Dakota,46,123310,1981
2021-05-10,Tennessee,47,839439,12178
2021-05-10,Texas,48,2912414,50828
2021-05-10,Utah,49,400624,2225
2021-05-10,Vermont,50,23541,249
2021-05-10,Virgin Islands,78,3233,27
2021-05-10,Virginia,51,666986,10902
2021-05-10,Washington,53,417677,5630
2021-05-10,West Virginia,54,156617,2729
2021-05-10,Wisconsin,55,666613,7652
2021-05-10,Wyoming,56,58764,710
2021-05-11,Alabama,01,531404,10985
2021-05-11,Alaska,02,68617,334
2021-05-11,Arizona,04,870155,17428
2021-05-11,Arkansas,05,337819,5770
2021-05-11,California,06,3761977,62363
2021-05-11,Colorado,08,528405,6508
2021-05-11,Connecticut,09,343954,8156
2021-05-11,Delaware,10,106341,1644
2021-05-11,District of Columbia,11,48282,1113
2021-05-11,Florida,12,2275357,35830
2021-05-11,Georgia,13,1086839,19753
2021-05-11,Guam,66,9013,140
2021-05-11,Hawaii,15,33723,485
2021-05-11,Idaho,16,189427,2060
2021-05-11,Illinois,17,1361775,24617
2021-05-11,Indiana,18,734296,13434
2021-05-11,Iowa,19,368190,5989
2021-05-11,Kansas,20,312986,5059
2021-05-11,Kentucky,21,452902,6717
2021-05-11,Louisiana,22,463517,10451
2021-05-11,Maine,23,64446,797
2021-05-11,Maryland,24,453992,8870
2021-05-11,Massachusetts,25,698427,17698
2021-05-11,Michigan,26,965724,19500
2021-05-11,Minnesota,27,589620,7333
2021-05-11,Mississippi,28,313942,7240
2021-05-11,Missouri,29,606922,9356
2021-05-11,Montana,30,110208,1593
2021-05-11,Nebraska,31,221911,2373
2021-05-11,Nevada,32,319250,5509
2021-05-11,New Hampshire,33,96933,1318
2021-05-11,New Jersey,34,1008607,25840
2021-05-11,New Mexico,35,200037,4110
2021-05-11,New York,36,2073713,52234
2021-05-11,North Carolina,37,985664,12826
2021-05-11,North Dakota,38,108682,1532
2021-05-11,Northern Mariana Islands,69,170,2
2021-05-11,Ohio,39,1085733,19441
2021-05-11,Oklahoma,40,450400,6832
2021-05-11,Oregon,41,192416,2559
2021-05-11,Pennsylvania,42,1181864,26650
2021-05-11,Puerto Rico,72,169341,2384
2021-05-11,Rhode Island,44,150097,2694
2021-05-11,South Carolina,45,585219,9596
2021-05-11,South Dakota,46,123435,1981
2021-05-11,Tennessee,47,840049,12194
2021-05-11,Texas,48,2915330,50883
2021-05-11,Utah,49,400850,2236
2021-05-11,Vermont,50,23606,251
2021-05-11,Virgin Islands,78,3233,27
2021-05-11,Virginia,51,667586,10919
2021-05-11,Washington,53,418879,5637
2021-05-11,West Virginia,54,156875,2734
2021-05-11,Wisconsin,55,667187,7666
2021-05-11,Wyoming,56,58835,712
2021-05-12,Alabama,01,531751,10997
2021-05-12,Alaska,02,68705,336
2021-05-12,Arizona,04,870624,17430
2021-05-12,Arkansas,05,338043,5777
2021-05-12,California,06,3763580,62468
2021-05-12,Colorado,08,529632,6529
2021-05-12,Connecticut,09,344141,8161
2021-05-12,Delaware,10,106455,1644
2021-05-12,District of Columbia,11,48336,1115
2021-05-12,Florida,12,2278541,35881
2021-05-12,Georgia,13,1087750,19795
2021-05-12,Guam,66,9030,140
2021-05-12,Hawaii,15,33762,486
2021-05-12,Idaho,16,189657,2066
2021-05-12,Illinois,17,1363563,24640
2021-05-12,Indiana,18,735139,13445
2021-05-12,Iowa,19,368567,5994
2021-05-12,Kansas,20,313384,5071
2021-05-12,Kentucky,21,453525,6728
2021-05-12,Louisiana,22,463997,10463
2021-05-12,Maine,23,64748,798
2021-05-12,Maryland,24,454463,8879
2021-05-12,Massachusetts,25,699187,17712
2021-05-12,Michigan,26,968480,19515
2021-05-12,Minnesota,27,590529,7348
2021-05-12,Mississippi,28,314147,7244
2021-05-12,Missouri,29,607269,9367
2021-05-12,Montana,30,110401,1595
2021-05-12,Nebraska,31,222088,2385
2021-05-12,Nevada,32,319714,5515
2021-05-12,New Hampshire,33,97093,1322
2021-05-12,New Jersey,34,1009093,25873
2021-05-12,New Mexico,35,200232,4113
2021-05-12,New York,36,2075757,52291
2021-05-12,North Carolina,37,987144,12854
2021-05-12,North Dakota,38,108793,1532
2021-05-12,Northern Mariana Islands,69,170,2
2021-05-12,Ohio,39,1087182,19441
2021-05-12,Oklahoma,40,450543,6878
2021-05-12,Oregon,41,193014,2567
2021-05-12,Pennsylvania,42,1183747,26715
2021-05-12,Puerto Rico,72,169384,2395
2021-05-12,Rhode Island,44,150252,2696
2021-05-12,South Carolina,45,585601,9603
2021-05-12,South Dakota,46,123518,1988
2021-05-12,Tennessee,47,840839,12197
2021-05-12,Texas,48,2917768,50953
2021-05-12,Utah,49,401318,2249
2021-05-12,Vermont,50,23651,252
2021-05-12,Virgin Islands,78,3256,27
2021-05-12,Virginia,51,668147,10934
2021-05-12,Washington,53,419977,5658
2021-05-12,West Virginia,54,157215,2748
2021-05-12,Wisconsin,55,667850,7687
2021-05-12,Wyoming,56,58893,712
2021-05-13,Alabama,01,532895,11001
2021-05-13,Alaska,02,68785,336
2021-05-13,Arizona,04,871168,17438
2021-05-13,Arkansas,05,338235,5783
2021-05-13,California,06,3765346,62573
2021-05-13,Colorado,08,531417,6558
2021-05-13,Connecticut,09,344612,8168
2021-05-13,Delaware,10,106580,1648
2021-05-13,District of Columbia,11,48404,1115
2021-05-13,Florida,12,2282605,35928
2021-05-13,Georgia,13,1088851,19814
2021-05-13,Guam,66,9032,140
2021-05-13,Hawaii,15,33835,486
2021-05-13,Idaho,16,189815,2066
2021-05-13,Illinois,17,1365634,24671
2021-05-13,Indiana,18,736022,13450
2021-05-13,Iowa,19,368823,5998
2021-05-13,Kansas,20,313425,5071
2021-05-13,Kentucky,21,454028,6735
2021-05-13,Louisiana,22,464412,10469
2021-05-13,Maine,23,65043,798
2021-05-13,Maryland,24,454937,8896
2021-05-13,Massachusetts,25,699908,17722
2021-05-13,Michigan,26,970847,19633
2021-05-13,Minnesota,27,591538,7367
2021-05-13,Mississippi,28,314509,7247
2021-05-13,Missouri,29,607836,9377
2021-05-13,Montana,30,110531,1597
2021-05-13,Nebraska,31,222247,2387
2021-05-13,Nevada,32,320150,5523
2021-05-13,New Hampshire,33,97304,1326
2021-05-13,New Jersey,34,1009521,25905
2021-05-13,New Mexico,35,200432,4114
2021-05-13,New York,36,2077961,52332
2021-05-13,North Carolina,37,988497,12876
2021-05-13,North Dakota,38,108907,1533
2021-05-13,Northern Mariana Islands,69,170,2
2021-05-13,Ohio,39,1088343,19441
2021-05-13,Oklahoma,40,450696,6878
2021-05-13,Oregon,41,193732,2578
2021-05-13,Pennsylvania,42,1186310,26751
2021-05-13,Puerto Rico,72,169486,2412
2021-05-13,Rhode Island,44,150231,2698
2021-05-13,South Carolina,45,585957,9619
2021-05-13,South Dakota,46,123599,1989
2021-05-13,Tennessee,47,841695,12206
2021-05-13,Texas,48,2920004,51003
2021-05-13,Utah,49,401736,2255
2021-05-13,Vermont,50,23724,252
2021-05-13,Virgin Islands,78,3261,27
2021-05-13,Virginia,51,668726,10961
2021-05-13,Washington,53,421279,5669
2021-05-13,West Virginia,54,157626,2751
2021-05-13,Wisconsin,55,668421,7706
2021-05-13,Wyoming,56,58996,712
2021-05-14,Alabama,01,537813,11024
2021-05-14,Alaska,02,68897,336
2021-05-14,Arizona,04,872022,17447
2021-05-14,Arkansas,05,338485,5790
2021-05-14,California,06,3766941,62626
2021-05-14,Colorado,08,532922,6567
2021-05-14,Connecticut,09,344977,8173
2021-05-14,Delaware,10,106715,1651
2021-05-14,District of Columbia,11,48424,1116
2021-05-14,Florida,12,2286195,35999
2021-05-14,Georgia,13,1089737,19837
2021-05-14,Guam,66,9048,140
2021-05-14,Hawaii,15,33966,487
2021-05-14,Idaho,16,189982,2071
2021-05-14,Illinois,17,1367431,24725
2021-05-14,Indiana,18,736920,13466
2021-05-14,Iowa,19,369055,5999
2021-05-14,Kansas,20,313776,5079
2021-05-14,Kentucky,21,454523,6744
2021-05-14,Louisiana,22,464833,10478
2021-05-14,Maine,23,65348,799
2021-05-14,Maryland,24,455449,8908
2021-05-14,Massachusetts,25,700337,17742
2021-05-14,Michigan,26,972945,19665
2021-05-14,Minnesota,27,592843,7376
2021-05-14,Mississippi,28,314710,7254
2021-05-14,Missouri,29,608351,9388
2021-05-14,Montana,30,110662,1598
2021-05-14,Nebraska,31,222335,2378
2021-05-14,Nevada,32,320539,5530
2021-05-14,New Hampshire,33,97430,1329
2021-05-14,New Jersey,34,1009844,25931
2021-05-14,New Mexico,35,200650,4115
2021-05-14,New York,36,2080000,52366
2021-05-14,North Carolina,37,989865,12885
2021-05-14,North Dakota,38,109003,1534
2021-05-14,Northern Mariana Islands,69,170,2
2021-05-14,Ohio,39,1089357,19528
2021-05-14,Oklahoma,40,450847,6878
2021-05-14,Oregon,41,194542,2598
2021-05-14,Pennsylvania,42,1187953,26780
2021-05-14,Puerto Rico,72,169814,2421
2021-05-14,Rhode Island,44,150385,2700
2021-05-14,South Carolina,45,586585,9627
2021-05-14,South Dakota,46,123644,1991
2021-05-14,Tennessee,47,842266,12213
2021-05-14,Texas,48,2922438,51068
2021-05-14,Utah,49,402072,2256
2021-05-14,Vermont,50,23792,252
2021-05-14,Virgin Islands,78,3267,27
2021-05-14,Virginia,51,669219,10991
2021-05-14,Washington,53,423721,5663
2021-05-14,West Virginia,54,157923,2756
2021-05-14,Wisconsin,55,669018,7707
2021-05-14,Wyoming,56,59079,712
2021-05-15,Alabama,01,539829,11038
2021-05-15,Alaska,02,68897,336
2021-05-15,Arizona,04,872496,17459
2021-05-15,Arkansas,05,338687,5793
2021-05-15,California,06,3768252,62647
2021-05-15,Colorado,08,533999,6583
2021-05-15,Connecticut,09,344977,8173
2021-05-15,Delaware,10,106873,1651
2021-05-15,District of Columbia,11,48530,1118
2021-05-15,Florida,12,2289514,36055
2021-05-15,Georgia,13,1090477,19859
2021-05-15,Guam,66,9059,140
2021-05-15,Hawaii,15,34064,488
2021-05-15,Idaho,16,189982,2071
2021-05-15,Illinois,17,1368875,24770
2021-05-15,Indiana,18,738064,13471
2021-05-15,Iowa,19,369230,6001
2021-05-15,Kansas,20,313776,5079
2021-05-15,Kentucky,21,454940,6821
2021-05-15,Louisiana,22,464833,10478
2021-05-15,Maine,23,65523,801
2021-05-15,Maryland,24,455827,8925
2021-05-15,Massachusetts,25,701490,17747
2021-05-15,Michigan,26,974436,19775
2021-05-15,Minnesota,27,593715,7379
2021-05-15,Mississippi,28,314710,7254
2021-05-15,Missouri,29,608719,9392
2021-05-15,Montana,30,110738,1598
2021-05-15,Nebraska,31,222335,2378
2021-05-15,Nevada,32,320539,5530
2021-05-15,New Hampshire,33,97563,1331
2021-05-15,New Jersey,34,1010490,25952
2021-05-15,New Mexico,35,200650,4115
2021-05-15,New York,36,2081761,52377
2021-05-15,North Carolina,37,990114,12885
2021-05-15,North Dakota,38,109087,1534
2021-05-15,Northern Mariana Islands,69,172,2
2021-05-15,Ohio,39,1090276,19528
2021-05-15,Oklahoma,40,450847,6878
2021-05-15,Oregon,41,195179,2600
2021-05-15,Pennsylvania,42,1189690,26803
2021-05-15,Puerto Rico,72,170041,2431
2021-05-15,Rhode Island,44,150385,2700
2021-05-15,South Carolina,45,588110,9638
2021-05-15,South Dakota,46,123644,1991
2021-05-15,Tennessee,47,842329,12213
2021-05-15,Texas,48,2923523,51105
2021-05-15,Utah,49,402392,2258
2021-05-15,Vermont,50,23847,252
2021-05-15,Virgin Islands,78,3267,27
2021-05-15,Virginia,51,669918,11008
2021-05-15,Washington,53,424499,5663
2021-05-15,West Virginia,54,158230,2757
2021-05-15,Wisconsin,55,669636,7712
2021-05-15,Wyoming,56,59079,712
2021-05-16,Alabama,01,540083,11038
2021-05-16,Alaska,02,68897,336
2021-05-16,Arizona,04,872978,17466
2021-05-16,Arkansas,05,338782,5794
2021-05-16,California,06,3769052,62681
2021-05-16,Colorado,08,534685,6591
2021-05-16,Connecticut,09,344977,8173
2021-05-16,Delaware,10,107007,1651
2021-05-16,District of Columbia,11,48545,1120
2021-05-16,Florida,12,2291996,36074
2021-05-16,Georgia,13,1090990,19860
2021-05-16,Guam,66,9060,140
2021-05-16,Hawaii,15,34180,489
2021-05-16,Idaho,16,189982,2071
2021-05-16,Illinois,17,1370094,24795
2021-05-16,Indiana,18,738790,13480
2021-05-16,Iowa,19,369368,6006
2021-05-16,Kansas,20,313776,5079
2021-05-16,Kentucky,21,455177,6829
2021-05-16,Louisiana,22,464833,10478
2021-05-16,Maine,23,65715,802
2021-05-16,Maryland,24,456196,8929
2021-05-16,Massachusetts,25,702039,17753
2021-05-16,Michigan,26,974436,19775
2021-05-16,Minnesota,27,594520,7389
2021-05-16,Mississippi,28,314710,7254
2021-05-16,Missouri,29,608962,9392
2021-05-16,Montana,30,110779,1598
2021-05-16,Nebraska,31,222335,2378
2021-05-16,Nevada,32,320539,5530
2021-05-16,New Hampshire,33,97676,1332
2021-05-16,New Jersey,34,1010759,25961
2021-05-16,New Mexico,35,200650,4115
2021-05-16,New York,36,2083649,52417
2021-05-16,North Carolina,37,990114,12885
2021-05-16,North Dakota,38,109134,1534
2021-05-16,Northern Mariana Islands,69,172,2
2021-05-16,Ohio,39,1090894,19528
2021-05-16,Oklahoma,40,450847,6878
2021-05-16,Oregon,41,195684,2602
2021-05-16,Pennsylvania,42,1190577,26869
2021-05-16,Puerto Rico,72,170270,2435
2021-05-16,Rhode Island,44,150385,2700
2021-05-16,South Carolina,45,588593,9653
2021-05-16,South Dakota,46,123644,1991
2021-05-16,Tennessee,47,842366,12213
2021-05-16,Texas,48,2924188,51105
2021-05-16,Utah,49,402634,2258
2021-05-16,Vermont,50,23883,252
2021-05-16,Virgin Islands,78,3267,27
2021-05-16,Virginia,51,670192,11018
2021-05-16,Washington,53,424581,5663
2021-05-16,West Virginia,54,158468,2761
2021-05-16,Wisconsin,55,669636,7712
2021-05-16,Wyoming,56,59079,712
2021-05-17,Alabama,01,540267,11038
2021-05-17,Alaska,02,69032,347
2021-05-17,Arizona,04,873446,17466
2021-05-17,Arkansas,05,338849,5796
2021-05-17,California,06,3770344,62701
2021-05-17,Colorado,08,535375,6592
2021-05-17,Connecticut,09,345639,8194
2021-05-17,Delaware,10,107089,1651
2021-05-17,District of Columbia,11,48590,1122
2021-05-17,Florida,12,2293972,36132
2021-05-17,Georgia,13,1091492,19860
2021-05-17,Guam,66,9072,140
2021-05-17,Hawaii,15,34247,489
2021-05-17,Idaho,16,190354,2071
2021-05-17,Illinois,17,1371126,24801
2021-05-17,Indiana,18,739327,13486
2021-05-17,Iowa,19,369489,6006
2021-05-17,Kansas,20,314136,5080
2021-05-17,Kentucky,21,455442,6832
2021-05-17,Louisiana,22,465946,10489
2021-05-17,Maine,23,65914,803
2021-05-17,Maryland,24,456408,8932
2021-05-17,Massachusetts,25,702338,17772
2021-05-17,Michigan,26,977002,19799
2021-05-17,Minnesota,27,595109,7389
2021-05-17,Mississippi,28,315026,7257
2021-05-17,Missouri,29,609296,9393
2021-05-17,Montana,30,110825,1598
2021-05-17,Nebraska,31,222512,2364
2021-05-17,Nevada,32,321081,5533
2021-05-17,New Hampshire,33,97774,1333
2021-05-17,New Jersey,34,1011107,25974
2021-05-17,New Mexico,35,201186,4118
2021-05-17,New York,36,2085028,52449
2021-05-17,North Carolina,37,992520,12915
2021-05-17,North Dakota,38,109165,1534
2021-05-17,Northern Mariana Islands,69,172,2
2021-05-17,Ohio,39,1091623,19528
2021-05-17,Oklahoma,40,451278,6878
2021-05-17,Oregon,41,196004,2616
2021-05-17,Pennsylvania,42,1191979,26890
2021-05-17,Puerto Rico,72,170578,2438
2021-05-17,Rhode Island,44,150648,2701
2021-05-17,South Carolina,45,588939,9654
2021-05-17,South Dakota,46,123686,1993
2021-05-17,Tennessee,47,843588,12228
2021-05-17,Texas,48,2926306,51139
2021-05-17,Utah,49,402798,2259
2021-05-17,Vermont,50,23912,252
2021-05-17,Virgin Islands,78,3267,27
2021-05-17,Virginia,51,670465,11029
2021-05-17,Washington,53,425382,5682
2021-05-17,West Virginia,54,158643,2762
2021-05-17,Wisconsin,55,670017,7712
2021-05-17,Wyoming,56,59222,712
2021-05-18,Alabama,01,540603,11043
2021-05-18,Alaska,02,69088,351
2021-05-18,Arizona,04,874065,17480
2021-05-18,Arkansas,05,339162,5805
2021-05-18,California,06,3771421,62723
2021-05-18,Colorado,08,536087,6600
2021-05-18,Connecticut,09,345720,8198
2021-05-18,Delaware,10,107175,1651
2021-05-18,District of Columbia,11,48616,1122
2021-05-18,Florida,12,2296777,36226
2021-05-18,Georgia,13,1092264,19886
2021-05-18,Guam,66,9078,140
2021-05-18,Hawaii,15,34300,489
2021-05-18,Idaho,16,190547,2075
2021-05-18,Illinois,17,1372597,24830
2021-05-18,Indiana,18,739811,13507
2021-05-18,Iowa,19,369690,6013
2021-05-18,Kansas,20,314146,5079
2021-05-18,Kentucky,21,455997,6839
2021-05-18,Louisiana,22,466440,10500
2021-05-18,Maine,23,66113,805
2021-05-18,Maryland,24,456619,8945
2021-05-18,Massachusetts,25,702776,17779
2021-05-18,Michigan,26,978537,19886
2021-05-18,Minnesota,27,595625,7403
2021-05-18,Mississippi,28,315634,7268
2021-05-18,Missouri,29,609741,9504
2021-05-18,Montana,30,110965,1602
2021-05-18,Nebraska,31,222612,2364
2021-05-18,Nevada,32,321368,5540
2021-05-18,New Hampshire,33,97904,1339
2021-05-18,New Jersey,34,1011752,25998
2021-05-18,New Mexico,35,201336,4120
2021-05-18,New York,36,2086577,52480
2021-05-18,North Carolina,37,993211,12934
2021-05-18,North Dakota,38,109265,1534
2021-05-18,Northern Mariana Islands,69,174,2
2021-05-18,Ohio,39,1092616,19628
2021-05-18,Oklahoma,40,451349,6878
2021-05-18,Oregon,41,196405,2618
2021-05-18,Pennsylvania,42,1193608,26927
2021-05-18,Puerto Rico,72,170675,2445
2021-05-18,Rhode Island,44,150737,2703
2021-05-18,South Carolina,45,589098,9656
2021-05-18,South Dakota,46,123784,1994
2021-05-18,Tennessee,47,844110,12240
2021-05-18,Texas,48,2929734,51180
2021-05-18,Utah,49,403058,2271
2021-05-18,Vermont,50,23945,254
2021-05-18,Virgin Islands,78,3288,27
2021-05-18,Virginia,51,670854,11042
2021-05-18,Washington,53,426058,5700
2021-05-18,West Virginia,54,158888,2763
2021-05-18,Wisconsin,55,670575,7726
2021-05-18,Wyoming,56,59320,713
2021-05-19,Alabama,01,540891,11045
2021-05-19,Alaska,02,69186,352
2021-05-19,Arizona,04,874605,17497
2021-05-19,Arkansas,05,339406,5805
2021-05-19,California,06,3773011,62760
2021-05-19,Colorado,08,536892,6611
2021-05-19,Connecticut,09,345948,8204
2021-05-19,Delaware,10,107928,1652
2021-05-19,District of Columbia,11,48634,1124
2021-05-19,Florida,12,2299588,36270
2021-05-19,Georgia,13,1092959,19921
2021-05-19,Guam,66,9087,140
2021-05-19,Hawaii,15,34396,489
2021-05-19,Idaho,16,190784,2076
2021-05-19,Illinois,17,1374215,24864
2021-05-19,Indiana,18,740613,13518
2021-05-19,Iowa,19,369987,6018
2021-05-19,Kansas,20,314639,5089
2021-05-19,Kentucky,21,456510,6846
2021-05-19,Louisiana,22,467055,10509
2021-05-19,Maine,23,66315,807
2021-05-19,Maryland,24,456956,8957
2021-05-19,Massachusetts,25,703292,17794
2021-05-19,Michigan,26,980490,19915
2021-05-19,Minnesota,27,596279,7418
2021-05-19,Mississippi,28,315891,7269
2021-05-19,Missouri,29,610209,9550
2021-05-19,Montana,30,111095,1602
2021-05-19,Nebraska,31,222676,2367
2021-05-19,Nevada,32,321716,5545
2021-05-19,New Hampshire,33,97978,1340
2021-05-19,New Jersey,34,1012196,26018
2021-05-19,New Mexico,35,201489,4124
2021-05-19,New York,36,2087900,52505
2021-05-19,North Carolina,37,994187,12962
2021-05-19,North Dakota,38,109392,1536
2021-05-19,Northern Mariana Islands,69,174,2
2021-05-19,Ohio,39,1093534,19628
2021-05-19,Oklahoma,40,451473,6918
2021-05-19,Oregon,41,196845,2627
2021-05-19,Pennsylvania,42,1194659,26981
2021-05-19,Puerto Rico,72,170701,2452
2021-05-19,Rhode Island,44,150737,2703
2021-05-19,South Carolina,45,589488,9667
2021-05-19,South Dakota,46,123822,1994
2021-05-19,Tennessee,47,844579,12254
2021-05-19,Texas,48,2931630,51238
2021-05-19,Utah,49,403488,2275
2021-05-19,Vermont,50,23988,255
2021-05-19,Virgin Islands,78,3288,27
2021-05-19,Virginia,51,671325,11048
2021-05-19,Washington,53,426949,5720
2021-05-19,West Virginia,54,159149,2767
2021-05-19,Wisconsin,55,671089,7732
2021-05-19,Wyoming,56,59376,713
2021-05-20,Alabama,01,541230,11077
2021-05-20,Alaska,02,69263,352
2021-05-20,Arizona,04,875195,17509
2021-05-20,Arkansas,05,339662,5808
2021-05-20,California,06,3774570,62811
2021-05-20,Colorado,08,537563,6615
2021-05-20,Connecticut,09,346154,8208
2021-05-20,Delaware,10,108031,1652
2021-05-20,District of Columbia,11,48662,1125
2021-05-20,Florida,12,2302481,36346
2021-05-20,Georgia,13,1093751,19943
2021-05-20,Guam,66,9093,140
2021-05-20,Hawaii,15,34474,489
2021-05-20,Idaho,16,190972,2082
2021-05-20,Illinois,17,1375837,24913
2021-05-20,Indiana,18,741506,13525
2021-05-20,Iowa,19,370195,6025
2021-05-20,Kansas,20,314668,5089
2021-05-20,Kentucky,21,457013,6858
2021-05-20,Louisiana,22,467475,10517
2021-05-20,Maine,23,66534,816
2021-05-20,Maryland,24,457275,8959
2021-05-20,Massachusetts,25,703897,17802
2021-05-20,Michigan,26,982065,19998
2021-05-20,Minnesota,27,597145,7426
2021-05-20,Mississippi,28,316167,7278
2021-05-20,Missouri,29,610827,9557
2021-05-20,Montana,30,111128,1604
2021-05-20,Nebraska,31,222780,2368
2021-05-20,Nevada,32,322018,5550
2021-05-20,New Hampshire,33,98091,1341
2021-05-20,New Jersey,34,1012757,26041
2021-05-20,New Mexico,35,201695,4128
2021-05-20,New York,36,2089547,52531
2021-05-20,North Carolina,37,995303,12974
2021-05-20,North Dakota,38,109470,1537
2021-05-20,Northern Mariana Islands,69,176,2
2021-05-20,Ohio,39,1094742,19628
2021-05-20,Oklahoma,40,451645,6918
2021-05-20,Oregon,41,197356,2632
2021-05-20,Pennsylvania,42,1196398,27019
2021-05-20,Puerto Rico,72,170762,2461
2021-05-20,Rhode Island,44,150948,2703
2021-05-20,South Carolina,45,589846,9669
2021-05-20,South Dakota,46,123877,2001
2021-05-20,Tennessee,47,845134,12264
2021-05-20,Texas,48,2933314,51283
2021-05-20,Utah,49,403754,2279
2021-05-20,Vermont,50,24026,255
2021-05-20,Virgin Islands,78,3308,27
2021-05-20,Virginia,51,671916,11068
2021-05-20,Washington,53,427913,5735
2021-05-20,West Virginia,54,159450,2769
2021-05-20,Wisconsin,55,671658,7734
2021-05-20,Wyoming,56,59590,713
2021-05-21,Alabama,01,541673,11080
2021-05-21,Alaska,02,69329,352
2021-05-21,Arizona,04,875766,17531
2021-05-21,Arkansas,05,339863,5811
2021-05-21,California,06,3775904,62857
2021-05-21,Colorado,08,539123,6639
2021-05-21,Connecticut,09,346325,8212
2021-05-21,Delaware,10,108166,1654
2021-05-21,District of Columbia,11,48689,1125
2021-05-21,Florida,12,2304852,36440
2021-05-21,Georgia,13,1094445,19987
2021-05-21,Guam,66,9100,140
2021-05-21,Hawaii,15,34521,491
2021-05-21,Idaho,16,191139,2082
2021-05-21,Illinois,17,1377403,24935
2021-05-21,Indiana,18,742295,13547
2021-05-21,Iowa,19,370363,6035
2021-05-21,Kansas,20,315045,5092
2021-05-21,Kentucky,21,457466,6861
2021-05-21,Louisiana,22,467815,10522
2021-05-21,Maine,23,66704,818
2021-05-21,Maryland,24,457718,8973
2021-05-21,Massachusetts,25,704345,17813
2021-05-21,Michigan,26,983262,20036
2021-05-21,Minnesota,27,597824,7447
2021-05-21,Mississippi,28,316272,7279
2021-05-21,Missouri,29,611490,9571
2021-05-21,Montana,30,111265,1604
2021-05-21,Nebraska,31,222884,2377
2021-05-21,Nevada,32,322352,5552
2021-05-21,New Hampshire,33,98168,1341
2021-05-21,New Jersey,34,1013409,26059
2021-05-21,New Mexico,35,201868,4133
2021-05-21,New York,36,2091142,52555
2021-05-21,North Carolina,37,996385,12982
2021-05-21,North Dakota,38,109539,1537
2021-05-21,Northern Mariana Islands,69,176,2
2021-05-21,Ohio,39,1095746,19709
2021-05-21,Oklahoma,40,451830,6918
2021-05-21,Oregon,41,197851,2637
2021-05-21,Pennsylvania,42,1198106,27043
2021-05-21,Puerto Rico,72,170957,2466
2021-05-21,Rhode Island,44,151258,2704
2021-05-21,South Carolina,45,590314,9672
2021-05-21,South Dakota,46,123911,2001
2021-05-21,Tennessee,47,845633,12280
2021-05-21,Texas,48,2934857,51326
2021-05-21,Utah,49,404054,2289
2021-05-21,Vermont,50,24065,255
2021-05-21,Virgin Islands,78,3308,27
2021-05-21,Virginia,51,672312,11074
2021-05-21,Washington,53,429514,5747
2021-05-21,West Virginia,54,159735,2772
2021-05-21,Wisconsin,55,672122,7745
2021-05-21,Wyoming,56,59660,713
2021-05-22,Alabama,01,541928,11112
2021-05-22,Alaska,02,69329,352
2021-05-22,Arizona,04,876411,17547
2021-05-22,Arkansas,05,340040,5816
2021-05-22,California,06,3776679,62903
2021-05-22,Colorado,08,539898,6646
2021-05-22,Connecticut,09,346325,8212
2021-05-22,Delaware,10,108280,1659
2021-05-22,District of Columbia,11,48727,1125
2021-05-22,Florida,12,2308258,36462
2021-05-22,Georgia,13,1095026,20010
2021-05-22,Guam,66,9101,140
2021-05-22,Hawaii,15,34610,491
2021-05-22,Idaho,16,191139,2082
2021-05-22,Illinois,17,1378492,24976
2021-05-22,Indiana,18,742961,13553
2021-05-22,Iowa,19,370517,6035
2021-05-22,Kansas,20,315046,5092
2021-05-22,Kentucky,21,457756,6866
2021-05-22,Louisiana,22,467815,10522
2021-05-22,Maine,23,66863,819
2021-05-22,Maryland,24,458239,8990
2021-05-22,Massachusetts,25,704796,17818
2021-05-22,Michigan,26,984470,20125
2021-05-22,Minnesota,27,598420,7456
2021-05-22,Mississippi,28,316272,7279
2021-05-22,Missouri,29,611807,9572
2021-05-22,Montana,30,111267,1603
2021-05-22,Nebraska,31,222884,2377
2021-05-22,Nevada,32,322352,5552
2021-05-22,New Hampshire,33,98244,1344
2021-05-22,New Jersey,34,1013787,26072
2021-05-22,New Mexico,35,201868,4133
2021-05-22,New York,36,2092455,52572
2021-05-22,North Carolina,37,996511,12984
2021-05-22,North Dakota,38,109607,1537
2021-05-22,Northern Mariana Islands,69,181,2
2021-05-22,Ohio,39,1096617,19709
2021-05-22,Oklahoma,40,451830,6918
2021-05-22,Oregon,41,198356,2642
2021-05-22,Pennsylvania,42,1198106,27079
2021-05-22,Puerto Rico,72,171225,2471
2021-05-22,Rhode Island,44,151258,2704
2021-05-22,South Carolina,45,590645,9674
2021-05-22,South Dakota,46,123911,2001
2021-05-22,Tennessee,47,845633,12280
2021-05-22,Texas,48,2935806,51366
2021-05-22,Utah,49,404316,2290
2021-05-22,Vermont,50,24084,255
2021-05-22,Virgin Islands,78,3308,27
2021-05-22,Virginia,51,672793,11097
2021-05-22,Washington,53,429514,5747
2021-05-22,West Virginia,54,159735,2772
2021-05-22,Wisconsin,55,672476,7748
2021-05-22,Wyoming,56,59660,713
2021-05-23,Alabama,01,542124,11112
2021-05-23,Alaska,02,69329,352
2021-05-23,Arizona,04,876732,17555
2021-05-23,Arkansas,05,340137,5817
2021-05-23,California,06,3777406,62928
2021-05-23,Colorado,08,540406,6649
2021-05-23,Connecticut,09,346325,8212
2021-05-23,Delaware,10,108365,1659
2021-05-23,District of Columbia,11,48748,1127
2021-05-23,Florida,12,2310327,36473
2021-05-23,Georgia,13,1095388,20010
2021-05-23,Guam,66,9103,140
2021-05-23,Hawaii,15,34654,493
2021-05-23,Idaho,16,191139,2082
2021-05-23,Illinois,17,1379411,25001
2021-05-23,Indiana,18,743524,13553
2021-05-23,Iowa,19,370625,6035
2021-05-23,Kansas,20,315046,5092
2021-05-23,Kentucky,21,457993,6875
2021-05-23,Louisiana,22,467815,10522
2021-05-23,Maine,23,66979,820
2021-05-23,Maryland,24,458483,9007
2021-05-23,Massachusetts,25,705142,17823
2021-05-23,Michigan,26,984470,20125
2021-05-23,Minnesota,27,598859,7463
2021-05-23,Mississippi,28,316272,7279
2021-05-23,Missouri,29,612035,9572
2021-05-23,Montana,30,111303,1603
2021-05-23,Nebraska,31,222884,2377
2021-05-23,Nevada,32,322352,5552
2021-05-23,New Hampshire,33,98303,1344
2021-05-23,New Jersey,34,1014088,26079
2021-05-23,New Mexico,35,201868,4133
2021-05-23,New York,36,2093529,52591
2021-05-23,North Carolina,37,996511,12984
2021-05-23,North Dakota,38,109633,1537
2021-05-23,Northern Mariana Islands,69,181,2
2021-05-23,Ohio,39,1097300,19709
2021-05-23,Oklahoma,40,451830,6918
2021-05-23,Oregon,41,198689,2644
2021-05-23,Pennsylvania,42,1200202,27089
2021-05-23,Puerto Rico,72,171378,2472
2021-05-23,Rhode Island,44,151258,2704
2021-05-23,South Carolina,45,590981,9684
2021-05-23,South Dakota,46,123911,2001
2021-05-23,Tennessee,47,845649,12280
2021-05-23,Texas,48,2936554,51381
2021-05-23,Utah,49,404547,2290
2021-05-23,Vermont,50,24106,255
2021-05-23,Virgin Islands,78,3308,27
2021-05-23,Virginia,51,673029,11106
2021-05-23,Washington,53,429526,5747
2021-05-23,West Virginia,54,159735,2772
2021-05-23,Wisconsin,55,672632,7748
2021-05-23,Wyoming,56,59660,713
2021-05-24,Alabama,01,542256,11112
2021-05-24,Alaska,02,69424,352
2021-05-24,Arizona,04,877182,17555
2021-05-24,Arkansas,05,340186,5820
2021-05-24,California,06,3778839,62947
2021-05-24,Colorado,08,540892,6652
2021-05-24,Connecticut,09,346711,8219
2021-05-24,Delaware,10,108409,1659
2021-05-24,District of Columbia,11,48762,1130
2021-05-24,Florida,12,2311933,36500
2021-05-24,Georgia,13,1095706,20010
2021-05-24,Guam,66,9105,140
2021-05-24,Hawaii,15,34688,493
2021-05-24,Idaho,16,191469,2089
2021-05-24,Illinois,17,1380389,25011
2021-05-24,Indiana,18,743899,13554
2021-05-24,Iowa,19,370721,6035
2021-05-24,Kansas,20,315298,5094
2021-05-24,Kentucky,21,458226,6879
2021-05-24,Louisiana,22,468402,10535
2021-05-24,Maine,23,67071,822
2021-05-24,Maryland,24,458711,9022
2021-05-24,Massachusetts,25,705370,17825
2021-05-24,Michigan,26,985912,20141
2021-05-24,Minnesota,27,599327,7463
2021-05-24,Mississippi,28,316754,7285
2021-05-24,Missouri,29,612340,9578
2021-05-24,Montana,30,111329,1603
2021-05-24,Nebraska,31,223054,2378
2021-05-24,Nevada,32,322757,5559
2021-05-24,New Hampshire,33,98349,1344
2021-05-24,New Jersey,34,1014190,26088
2021-05-24,New Mexico,35,202221,4247
2021-05-24,New York,36,2094493,52621
2021-05-24,North Carolina,37,998658,13010
2021-05-24,North Dakota,38,109663,1537
2021-05-24,Northern Mariana Islands,69,181,2
2021-05-24,Ohio,39,1097867,19709
2021-05-24,Oklahoma,40,452288,6918
2021-05-24,Oregon,41,199046,2651
2021-05-24,Pennsylvania,42,1201370,27089
2021-05-24,Puerto Rico,72,171615,2474
2021-05-24,Rhode Island,44,151440,2705
2021-05-24,South Carolina,45,591365,9690
2021-05-24,South Dakota,46,123942,2004
2021-05-24,Tennessee,47,846478,12293
2021-05-24,Texas,48,2939416,51410
2021-05-24,Utah,49,404695,2292
2021-05-24,Vermont,50,24127,255
2021-05-24,Virgin Islands,78,3383,27
2021-05-24,Virginia,51,673105,11116
2021-05-24,Washington,53,431446,5754
2021-05-24,West Virginia,54,160354,2775
2021-05-24,Wisconsin,55,672801,7749
2021-05-24,Wyoming,56,59797,713
2021-05-25,Alabama,01,542562,11124
2021-05-25,Alaska,02,69476,352
2021-05-25,Arizona,04,877682,17569
2021-05-25,Arkansas,05,340515,5824
2021-05-25,California,06,3780128,62979
2021-05-25,Colorado,08,542261,6664
2021-05-25,Connecticut,09,346892,8221
2021-05-25,Delaware,10,108483,1660
2021-05-25,District of Columbia,11,48803,1130
2021-05-25,Florida,12,2313807,36580
2021-05-25,Georgia,13,1096340,20048
2021-05-25,Guam,66,9110,140
2021-05-25,Hawaii,15,34708,493
2021-05-25,Idaho,16,191618,2089
2021-05-25,Illinois,17,1381201,25029
2021-05-25,Indiana,18,744389,13566
2021-05-25,Iowa,19,370875,6039
2021-05-25,Kansas,20,315298,5094
2021-05-25,Kentucky,21,458683,6888
2021-05-25,Louisiana,22,469445,10548
2021-05-25,Maine,23,67132,824
2021-05-25,Maryland,24,458871,9029
2021-05-25,Massachusetts,25,705598,17835
2021-05-25,Michigan,26,986887,20211
2021-05-25,Minnesota,27,599570,7474
2021-05-25,Mississippi,28,316911,7298
2021-05-25,Missouri,29,612815,9618
2021-05-25,Montana,30,111479,1606
2021-05-25,Nebraska,31,223112,2377
2021-05-25,Nevada,32,323022,5563
2021-05-25,New Hampshire,33,98428,1344
2021-05-25,New Jersey,34,1014579,26112
2021-05-25,New Mexico,35,202405,4253
2021-05-25,New York,36,2095438,52638
2021-05-25,North Carolina,37,999342,13027
2021-05-25,North Dakota,38,109743,1537
2021-05-25,Northern Mariana Islands,69,181,2
2021-05-25,Ohio,39,1098594,19753
2021-05-25,Oklahoma,40,452377,6918
2021-05-25,Oregon,41,199408,2654
2021-05-25,Pennsylvania,42,1202166,27137
2021-05-25,Puerto Rico,72,171698,2480
2021-05-25,Rhode Island,44,151502,2707
2021-05-25,South Carolina,45,591525,9705
2021-05-25,South Dakota,46,124023,2004
2021-05-25,Tennessee,47,846891,12300
2021-05-25,Texas,48,2941936,51453
2021-05-25,Utah,49,404880,2292
2021-05-25,Vermont,50,24136,255
2021-05-25,Virgin Islands,78,3383,27
2021-05-25,Virginia,51,673759,11137
2021-05-25,Washington,53,432490,5767
2021-05-25,West Virginia,54,160587,2782
2021-05-25,Wisconsin,55,673236,7760
2021-05-25,Wyoming,56,59870,719
2021-05-26,Alabama,01,542831,11138
2021-05-26,Alaska,02,69542,352
2021-05-26,Arizona,04,878338,17576
2021-05-26,Arkansas,05,340698,5827
2021-05-26,California,06,3781388,63014
2021-05-26,Colorado,08,543060,6675
2021-05-26,Connecticut,09,346980,8227
2021-05-26,Delaware,10,108532,1660
2021-05-26,District of Columbia,11,48822,1131
2021-05-26,Florida,12,2316134,36646
2021-05-26,Georgia,13,1096882,20083
2021-05-26,Guam,66,9112,140
2021-05-26,Hawaii,15,34754,493
2021-05-26,Idaho,16,191810,2090
2021-05-26,Illinois,17,1382318,25057
2021-05-26,Indiana,18,745032,13571
2021-05-26,Iowa,19,371036,6044
2021-05-26,Kansas,20,315642,5099
2021-05-26,Kentucky,21,459068,6907
2021-05-26,Louisiana,22,469864,10562
2021-05-26,Maine,23,67294,825
2021-05-26,Maryland,24,459069,9037
2021-05-26,Massachusetts,25,706027,17841
2021-05-26,Michigan,26,988008,20224
2021-05-26,Minnesota,27,600002,7486
2021-05-26,Mississippi,28,317065,7302
2021-05-26,Missouri,29,613366,9652
2021-05-26,Montana,30,111557,1607
2021-05-26,Nebraska,31,223206,2377
2021-05-26,Nevada,32,323249,5570
2021-05-26,New Hampshire,33,98470,1346
2021-05-26,New Jersey,34,1014974,26137
2021-05-26,New Mexico,35,202573,4256
2021-05-26,New York,36,2096320,52664
2021-05-26,North Carolina,37,1000144,13054
2021-05-26,North Dakota,38,109810,1539
2021-05-26,Northern Mariana Islands,69,181,2
2021-05-26,Ohio,39,1099580,19753
2021-05-26,Oklahoma,40,452496,7291
2021-05-26,Oregon,41,199858,2667
2021-05-26,Pennsylvania,42,1203130,27180
2021-05-26,Puerto Rico,72,171709,2483
2021-05-26,Rhode Island,44,151580,2708
2021-05-26,South Carolina,45,591862,9708
2021-05-26,South Dakota,46,124071,2004
2021-05-26,Tennessee,47,847348,12306
2021-05-26,Texas,48,2943560,51516
2021-05-26,Utah,49,405148,2292
2021-05-26,Vermont,50,24162,255
2021-05-26,Virgin Islands,78,3399,27
2021-05-26,Virginia,51,674082,11143
2021-05-26,Washington,53,434154,5785
2021-05-26,West Virginia,54,160777,2788
2021-05-26,Wisconsin,55,673601,7765
2021-05-26,Wyoming,56,59961,719
2021-05-27,Alabama,01,543177,11140
2021-05-27,Alaska,02,69583,352
2021-05-27,Arizona,04,879102,17594
2021-05-27,Arkansas,05,340916,5829
2021-05-27,California,06,3786674,63163
2021-05-27,Colorado,08,543886,6688
2021-05-27,Connecticut,09,347137,8230
2021-05-27,Delaware,10,108607,1660
2021-05-27,District of Columbia,11,48844,1132
2021-05-27,Florida,12,2318472,36732
2021-05-27,Georgia,13,1097547,20122
2021-05-27,Guam,66,9123,140
2021-05-27,Hawaii,15,34807,495
2021-05-27,Idaho,16,191949,2092
2021-05-27,Illinois,17,1383335,25101
2021-05-27,Indiana,18,745688,13583
2021-05-27,Iowa,19,371138,6048
2021-05-27,Kansas,20,315649,5099
2021-05-27,Kentucky,21,459425,6908
2021-05-27,Louisiana,22,470331,10570
2021-05-27,Maine,23,67416,825
2021-05-27,Maryland,24,459308,9581
2021-05-27,Massachusetts,25,706272,17850
2021-05-27,Michigan,26,988892,20287
2021-05-27,Minnesota,27,600501,7496
2021-05-27,Mississippi,28,317276,7304
2021-05-27,Missouri,29,614040,9664
2021-05-27,Montana,30,111713,1610
2021-05-27,Nebraska,31,223264,2378
2021-05-27,Nevada,32,323481,5578
2021-05-27,New Hampshire,33,98613,1349
2021-05-27,New Jersey,34,1015368,26173
2021-05-27,New Mexico,35,202701,4261
2021-05-27,New York,36,2097465,52685
2021-05-27,North Carolina,37,1001048,13075
2021-05-27,North Dakota,38,109851,1541
2021-05-27,Northern Mariana Islands,69,181,2
2021-05-27,Ohio,39,1100312,19753
2021-05-27,Oklahoma,40,452633,7291
2021-05-27,Oregon,41,200219,2679
2021-05-27,Pennsylvania,42,1204359,27219
2021-05-27,Puerto Rico,72,171832,2489
2021-05-27,Rhode Island,44,151691,2708
2021-05-27,South Carolina,45,592243,9711
2021-05-27,South Dakota,46,124105,2004
2021-05-27,Tennessee,47,847710,12328
2021-05-27,Texas,48,2945297,51572
2021-05-27,Utah,49,405457,2294
2021-05-27,Vermont,50,24182,255
2021-05-27,Virgin Islands,78,3399,27
2021-05-27,Virginia,51,674439,11152
2021-05-27,Washington,53,435680,5798
2021-05-27,West Virginia,54,161046,2792
2021-05-27,Wisconsin,55,673951,7814
2021-05-27,Wyoming,56,60048,719
2021-05-28,Alabama,01,543405,11146
2021-05-28,Alaska,02,69627,352
2021-05-28,Arizona,04,879909,17609
2021-05-28,Arkansas,05,341130,5830
2021-05-28,California,06,3788120,63215
2021-05-28,Colorado,08,544733,6694
2021-05-28,Connecticut,09,347341,8238
2021-05-28,Delaware,10,108681,1660
2021-05-28,District of Columbia,11,48898,1132
2021-05-28,Florida,12,2320810,36773
2021-05-28,Georgia,13,1098097,20164
2021-05-28,Guam,66,9125,140
2021-05-28,Hawaii,15,34844,495
2021-05-28,Idaho,16,192084,2092
2021-05-28,Illinois,17,1384319,25127
2021-05-28,Indiana,18,746246,13596
2021-05-28,Iowa,19,371256,6053
2021-05-28,Kansas,20,315860,5114
2021-05-28,Kentucky,21,459728,6918
2021-05-28,Louisiana,22,470685,10576
2021-05-28,Maine,23,67544,825
2021-05-28,Maryland,24,459555,9592
2021-05-28,Massachusetts,25,706559,17854
2021-05-28,Michigan,26,989635,20310
2021-05-28,Minnesota,27,600860,7501
2021-05-28,Mississippi,28,317407,7310
2021-05-28,Missouri,29,614659,9672
2021-05-28,Montana,30,111822,1612
2021-05-28,Nebraska,31,223638,2494
2021-05-28,Nevada,32,323748,5586
2021-05-28,New Hampshire,33,98650,1351
2021-05-28,New Jersey,34,1015634,26185
2021-05-28,New Mexico,35,202821,4265
2021-05-28,New York,36,2098395,52710
2021-05-28,North Carolina,37,1001817,13100
2021-05-28,North Dakota,38,109900,1543
2021-05-28,Northern Mariana Islands,69,183,2
2021-05-28,Ohio,39,1100972,19861
2021-05-28,Oklahoma,40,452777,7291
2021-05-28,Oregon,41,200632,2681
2021-05-28,Pennsylvania,42,1205240,27242
2021-05-28,Puerto Rico,72,171970,2495
2021-05-28,Rhode Island,44,151743,2708
2021-05-28,South Carolina,45,592651,9726
2021-05-28,South Dakota,46,124162,2010
2021-05-28,Tennessee,47,847993,12341
2021-05-28,Texas,48,2946950,51625
2021-05-28,Utah,49,405729,2297
2021-05-28,Vermont,50,24190,255
2021-05-28,Virgin Islands,78,3442,27
2021-05-28,Virginia,51,674843,11156
2021-05-28,Washington,53,436741,5809
2021-05-28,West Virginia,54,161287,2792
2021-05-28,Wisconsin,55,674216,7830
2021-05-28,Wyoming,56,60144,719
2021-05-29,Alabama,01,543405,11146
2021-05-29,Alaska,02,69627,352
2021-05-29,Arizona,04,880466,17628
2021-05-29,Arkansas,05,341290,5830
2021-05-29,California,06,3788894,63236
2021-05-29,Colorado,08,545373,6714
2021-05-29,Connecticut,09,347341,8238
2021-05-29,Delaware,10,108770,1661
2021-05-29,District of Columbia,11,48898,1132
2021-05-29,Florida,12,2320810,36773
2021-05-29,Georgia,13,1098686,20180
2021-05-29,Guam,66,9125,140
2021-05-29,Hawaii,15,34889,496
2021-05-29,Idaho,16,192084,2092
2021-05-29,Illinois,17,1385086,25166
2021-05-29,Indiana,18,746674,13615
2021-05-29,Iowa,19,371331,6055
2021-05-29,Kansas,20,315860,5114
2021-05-29,Kentucky,21,460029,6938
2021-05-29,Louisiana,22,470685,10576
2021-05-29,Maine,23,67651,825
2021-05-29,Maryland,24,459740,9599
2021-05-29,Massachusetts,25,706783,17868
2021-05-29,Michigan,26,990177,20361
2021-05-29,Minnesota,27,601198,7511
2021-05-29,Mississippi,28,317407,7310
2021-05-29,Missouri,29,615075,9672
2021-05-29,Montana,30,111883,1613
2021-05-29,Nebraska,31,223667,2495
2021-05-29,Nevada,32,323748,5586
2021-05-29,New Hampshire,33,98699,1352
2021-05-29,New Jersey,34,1015889,26201
2021-05-29,New Mexico,35,202821,4265
2021-05-29,New York,36,2099261,52724
2021-05-29,North Carolina,37,1001825,13101
2021-05-29,North Dakota,38,109946,1543
2021-05-29,Northern Mariana Islands,69,183,2
2021-05-29,Ohio,39,1101557,19861
2021-05-29,Oklahoma,40,452777,7291
2021-05-29,Oregon,41,201005,2682
2021-05-29,Pennsylvania,42,1205950,27257
2021-05-29,Puerto Rico,72,172100,2499
2021-05-29,Rhode Island,44,151743,2708
2021-05-29,South Carolina,45,592912,9728
2021-05-29,South Dakota,46,124162,2010
2021-05-29,Tennessee,47,848003,12341
2021-05-29,Texas,48,2947615,51660
2021-05-29,Utah,49,405921,2301
2021-05-29,Vermont,50,24200,255
2021-05-29,Virgin Islands,78,3442,27
2021-05-29,Virginia,51,675165,11160
2021-05-29,Washington,53,437492,5809
2021-05-29,West Virginia,54,161287,2792
2021-05-29,Wisconsin,55,674216,7830
2021-05-29,Wyoming,56,60144,719
2021-05-30,Alabama,01,543405,11146
2021-05-30,Alaska,02,69627,352
2021-05-30,Arizona,04,881089,17628
2021-05-30,Arkansas,05,341351,5832
2021-05-30,California,06,3789496,63247
2021-05-30,Colorado,08,545874,6723
2021-05-30,Connecticut,09,347341,8238
2021-05-30,Delaware,10,108821,1661
2021-05-30,District of Columbia,11,48898,1132
2021-05-30,Florida,12,2320810,36773
2021-05-30,Georgia,13,1098932,20180
2021-05-30,Guam,66,9125,140
2021-05-30,Hawaii,15,35008,497
2021-05-30,Idaho,16,192084,2092
2021-05-30,Illinois,17,1385670,25185
2021-05-30,Indiana,18,747032,13620
2021-05-30,Iowa,19,371384,6055
2021-05-30,Kansas,20,315860,5114
2021-05-30,Kentucky,21,460060,6938
2021-05-30,Louisiana,22,470685,10576
2021-05-30,Maine,23,67738,825
2021-05-30,Maryland,24,459989,9607
2021-05-30,Massachusetts,25,706945,17872
2021-05-30,Michigan,26,990197,20361
2021-05-30,Minnesota,27,601477,7519
2021-05-30,Mississippi,28,317407,7310
2021-05-30,Missouri,29,615279,9674
2021-05-30,Montana,30,111907,1613
2021-05-30,Nebraska,31,223666,2495
2021-05-30,Nevada,32,323748,5586
2021-05-30,New Hampshire,33,98726,1353
2021-05-30,New Jersey,34,1016135,26207
2021-05-30,New Mexico,35,202821,4265
2021-05-30,New York,36,2100109,52740
2021-05-30,North Carolina,37,1001893,13101
2021-05-30,North Dakota,38,109966,1543
2021-05-30,Northern Mariana Islands,69,183,2
2021-05-30,Ohio,39,1101934,19861
2021-05-30,Oklahoma,40,452777,7291
2021-05-30,Oregon,41,201260,2684
2021-05-30,Pennsylvania,42,1206440,27263
2021-05-30,Puerto Rico,72,172194,2501
2021-05-30,Rhode Island,44,151743,2708
2021-05-30,South Carolina,45,593092,9732
2021-05-30,South Dakota,46,124162,2010
2021-05-30,Tennessee,47,848010,12341
2021-05-30,Texas,48,2947780,51672
2021-05-30,Utah,49,406097,2301
2021-05-30,Vermont,50,24209,255
2021-05-30,Virgin Islands,78,3442,27
2021-05-30,Virginia,51,675392,11173
2021-05-30,Washington,53,437492,5809
2021-05-30,West Virginia,54,161287,2792
2021-05-30,Wisconsin,55,674216,7830
2021-05-30,Wyoming,56,60144,719
2021-05-31,Alabama,01,543405,11146
2021-05-31,Alaska,02,69627,352
2021-05-31,Arizona,04,881450,17628
2021-05-31,Arkansas,05,341381,5833
2021-05-31,California,06,3789883,63249
2021-05-31,Colorado,08,546168,6723
2021-05-31,Connecticut,09,347341,8238
2021-05-31,Delaware,10,108866,1661
2021-05-31,District of Columbia,11,48898,1132
2021-05-31,Florida,12,2320810,36773
2021-05-31,Georgia,13,1099169,20180
2021-05-31,Guam,66,9125,140
2021-05-31,Hawaii,15,35035,497
2021-05-31,Idaho,16,192084,2092
2021-05-31,Illinois,17,1386189,25223
2021-05-31,Indiana,18,747032,13620
2021-05-31,Iowa,19,371424,6055
2021-05-31,Kansas,20,315860,5114
2021-05-31,Kentucky,21,460060,6938
2021-05-31,Louisiana,22,470685,10576
2021-05-31,Maine,23,67780,825
2021-05-31,Maryland,24,460106,9614
2021-05-31,Massachusetts,25,706945,17872
2021-05-31,Michigan,26,990199,20361
2021-05-31,Minnesota,27,601477,7519
2021-05-31,Mississippi,28,317713,7316
2021-05-31,Missouri,29,615408,9676
2021-05-31,Montana,30,111928,1613
2021-05-31,Nebraska,31,223676,2495
2021-05-31,Nevada,32,323748,5586
2021-05-31,New Hampshire,33,98726,1353
2021-05-31,New Jersey,34,1016332,26212
2021-05-31,New Mexico,35,202821,4265
2021-05-31,New York,36,2100633,52758
2021-05-31,North Carolina,37,1001893,13101
2021-05-31,North Dakota,38,109975,1543
2021-05-31,Northern Mariana Islands,69,183,2
2021-05-31,Ohio,39,1101934,19861
2021-05-31,Oklahoma,40,453172,7291
2021-05-31,Oregon,41,201561,2700
2021-05-31,Pennsylvania,42,1206755,27268
2021-05-31,Puerto Rico,72,172305,2502
2021-05-31,Rhode Island,44,151743,2708
2021-05-31,South Carolina,45,593262,9736
2021-05-31,South Dakota,46,124191,2014
2021-05-31,Tennessee,47,848020,12341
2021-05-31,Texas,48,2947933,51673
2021-05-31,Utah,49,406240,2302
2021-05-31,Vermont,50,24220,255
2021-05-31,Virgin Islands,78,3442,27
2021-05-31,Virginia,51,675538,11186
2021-05-31,Washington,53,437500,5809
2021-05-31,West Virginia,54,161287,2792
2021-05-31,Wisconsin,55,674630,7856
2021-05-31,Wyoming,56,60144,719
2021-06-01,Alabama,01,544045,11156
2021-06-01,Alaska,02,69737,352
2021-06-01,Arizona,04,881454,17628
2021-06-01,Arkansas,05,341450,5834
2021-06-01,California,06,3791188,63260
2021-06-01,Colorado,08,546596,6723
2021-06-01,Connecticut,09,347563,8244
2021-06-01,Delaware,10,108894,1661
2021-06-01,District of Columbia,11,49000,1134
2021-06-01,Florida,12,2326747,36868
2021-06-01,Georgia,13,1099410,20181
2021-06-01,Guam,66,9142,140
2021-06-01,Hawaii,15,35090,497
2021-06-01,Idaho,16,192378,2092
2021-06-01,Illinois,17,1386620,25233
2021-06-01,Indiana,18,747549,13628
2021-06-01,Iowa,19,371473,6057
2021-06-01,Kansas,20,315863,5115
2021-06-01,Kentucky,21,460454,7109
2021-06-01,Louisiana,22,471663,10592
2021-06-01,Maine,23,67819,825
2021-06-01,Maryland,24,460207,9616
2021-06-01,Massachusetts,25,707131,17883
2021-06-01,Michigan,26,991174,20374
2021-06-01,Minnesota,27,601610,7520
2021-06-01,Mississippi,28,317755,7318
2021-06-01,Missouri,29,615696,9676
2021-06-01,Montana,30,111949,1613
2021-06-01,Nebraska,31,223796,2497
2021-06-01,Nevada,32,324262,5590
2021-06-01,New Hampshire,33,98767,1353
2021-06-01,New Jersey,34,1016490,26219
2021-06-01,New Mexico,35,203151,4266
2021-06-01,New York,36,2101111,52784
2021-06-01,North Carolina,37,1003793,13118
2021-06-01,North Dakota,38,109993,1543
2021-06-01,Northern Mariana Islands,69,183,2
2021-06-01,Ohio,39,1102556,19861
2021-06-01,Oklahoma,40,453243,7291
2021-06-01,Oregon,41,201701,2703
2021-06-01,Pennsylvania,42,1207596,27270
2021-06-01,Puerto Rico,72,172372,2505
2021-06-01,Rhode Island,44,151844,2712
2021-06-01,South Carolina,45,593262,9736
2021-06-01,South Dakota,46,124191,2014
2021-06-01,Tennessee,47,848552,12356
2021-06-01,Texas,48,2948635,51689
2021-06-01,Utah,49,406352,2302
2021-06-01,Vermont,50,24224,255
2021-06-01,Virgin Islands,78,3465,27
2021-06-01,Virginia,51,675597,11194
2021-06-01,Washington,53,438918,5833
2021-06-01,West Virginia,54,161858,2797
2021-06-01,Wisconsin,55,674693,7875
2021-06-01,Wyoming,56,60364,720
2021-06-02,Alabama,01,544598,11167
2021-06-02,Alaska,02,69773,352
2021-06-02,Arizona,04,882369,17648
2021-06-02,Arkansas,05,341692,5835
2021-06-02,California,06,3792111,63284
2021-06-02,Colorado,08,547128,6732
2021-06-02,Connecticut,09,347678,8247
2021-06-02,Delaware,10,108911,1666
2021-06-02,District of Columbia,11,49011,1135
2021-06-02,Florida,12,2327981,36923
2021-06-02,Georgia,13,1099886,20208
2021-06-02,Guam,66,9156,140
2021-06-02,Hawaii,15,35111,497
2021-06-02,Idaho,16,192552,2099
2021-06-02,Illinois,17,1387086,25241
2021-06-02,Indiana,18,747810,13637
2021-06-02,Iowa,19,371635,6061
2021-06-02,Kansas,20,316291,5115
2021-06-02,Kentucky,21,460741,7119
2021-06-02,Louisiana,22,472304,10595
2021-06-02,Maine,23,67880,827
2021-06-02,Maryland,24,460272,9622
2021-06-02,Massachusetts,25,707265,17886
2021-06-02,Michigan,26,991694,20408
2021-06-02,Minnesota,27,601738,7520
2021-06-02,Mississippi,28,317856,7322
2021-06-02,Missouri,29,616200,9710
2021-06-02,Montana,30,112109,1621
2021-06-02,Nebraska,31,223824,2500
2021-06-02,Nevada,32,324681,5593
2021-06-02,New Hampshire,33,98791,1353
2021-06-02,New Jersey,34,1016763,26239
2021-06-02,New Mexico,35,203222,4270
2021-06-02,New York,36,2101514,52793
2021-06-02,North Carolina,37,1004203,13127
2021-06-02,North Dakota,38,110076,1543
2021-06-02,Northern Mariana Islands,69,183,2
2021-06-02,Ohio,39,1102890,19923
2021-06-02,Oklahoma,40,453285,7316
2021-06-02,Oregon,41,202078,2706
2021-06-02,Pennsylvania,42,1208133,27315
2021-06-02,Puerto Rico,72,172386,2509
2021-06-02,Rhode Island,44,151895,2712
2021-06-02,South Carolina,45,593526,9739
2021-06-02,South Dakota,46,124227,2019
2021-06-02,Tennessee,47,848881,12365
2021-06-02,Texas,48,2950982,51741
2021-06-02,Utah,49,406552,2305
2021-06-02,Vermont,50,24232,255
2021-06-02,Virgin Islands,78,3512,28
2021-06-02,Virginia,51,675783,11206
2021-06-02,Washington,53,439675,5845
2021-06-02,West Virginia,54,161967,2800
2021-06-02,Wisconsin,55,674952,7894
2021-06-02,Wyoming,56,60433,720
2021-06-03,Alabama,01,545028,11188
2021-06-03,Alaska,02,69826,352
2021-06-03,Arizona,04,882691,17653
2021-06-03,Arkansas,05,341889,5842
2021-06-03,California,06,3793194,63340
2021-06-03,Colorado,08,547961,6746
2021-06-03,Connecticut,09,347748,8245
2021-06-03,Delaware,10,108957,1668
2021-06-03,District of Columbia,11,49041,1136
2021-06-03,Florida,12,2329859,36972
2021-06-03,Georgia,13,1100366,20238
2021-06-03,Guam,66,9162,140
2021-06-03,Hawaii,15,35152,498
2021-06-03,Idaho,16,192704,2103
2021-06-03,Illinois,17,1387795,25265
2021-06-03,Indiana,18,749027,13657
2021-06-03,Iowa,19,371761,6065
2021-06-03,Kansas,20,316287,5115
2021-06-03,Kentucky,21,461055,7127
2021-06-03,Louisiana,22,472617,10605
2021-06-03,Maine,23,67986,837
2021-06-03,Maryland,24,460406,9626
2021-06-03,Massachusetts,25,707523,17893
2021-06-03,Michigan,26,992221,20472
2021-06-03,Minnesota,27,601974,7530
2021-06-03,Mississippi,28,318048,7324
2021-06-03,Missouri,29,616864,9718
2021-06-03,Montana,30,112236,1627
2021-06-03,Nebraska,31,223871,2504
2021-06-03,Nevada,32,325031,5599
2021-06-03,New Hampshire,33,98840,1354
2021-06-03,New Jersey,34,1017044,26253
2021-06-03,New Mexico,35,203330,4275
2021-06-03,New York,36,2102003,52811
2021-06-03,North Carolina,37,1004699,13147
2021-06-03,North Dakota,38,110129,1546
2021-06-03,Northern Mariana Islands,69,183,2
2021-06-03,Ohio,39,1103380,19923
2021-06-03,Oklahoma,40,453400,7316
2021-06-03,Oregon,41,202286,2711
2021-06-03,Pennsylvania,42,1208879,27349
2021-06-03,Puerto Rico,72,172414,2512
2021-06-03,Rhode Island,44,151936,2715
2021-06-03,South Carolina,45,593628,9739
2021-06-03,South Dakota,46,124242,2020
2021-06-03,Tennessee,47,849162,12372
2021-06-03,Texas,48,2954086,51798
2021-06-03,Utah,49,406895,2308
2021-06-03,Vermont,50,24240,255
2021-06-03,Virgin Islands,78,3512,28
2021-06-03,Virginia,51,676041,11216
2021-06-03,Washington,53,440538,5866
2021-06-03,West Virginia,54,162111,2807
2021-06-03,Wisconsin,55,675152,7923
2021-06-03,Wyoming,56,60543,720
2021-06-04,Alabama,01,545585,11198
2021-06-04,Alaska,02,69886,352
2021-06-04,Arizona,04,883037,17673
2021-06-04,Arkansas,05,342142,5845
2021-06-04,California,06,3794373,62965
2021-06-04,Colorado,08,548702,6753
2021-06-04,Connecticut,09,347891,8246
2021-06-04,Delaware,10,109005,1674
2021-06-04,District of Columbia,11,49068,1136
2021-06-04,Florida,12,2289332,36985
2021-06-04,Georgia,13,1100850,20279
2021-06-04,Guam,66,9173,140
2021-06-04,Hawaii,15,35217,498
2021-06-04,Idaho,16,192870,2103
2021-06-04,Illinois,17,1388428,25282
2021-06-04,Indiana,18,749471,13661
2021-06-04,Iowa,19,371863,6067
2021-06-04,Kansas,20,316626,5121
2021-06-04,Kentucky,21,461450,7136
2021-06-04,Louisiana,22,472981,10615
2021-06-04,Maine,23,68057,838
2021-06-04,Maryland,24,460552,9630
2021-06-04,Massachusetts,25,707723,17903
2021-06-04,Michigan,26,992781,20496
2021-06-04,Minnesota,27,602227,7538
2021-06-04,Mississippi,28,318189,7325
2021-06-04,Missouri,29,617490,9732
2021-06-04,Montana,30,112366,1632
2021-06-04,Nebraska,31,223906,2512
2021-06-04,Nevada,32,325392,5600
2021-06-04,New Hampshire,33,98877,1355
2021-06-04,New Jersey,34,1017337,26265
2021-06-04,New Mexico,35,203472,4282
2021-06-04,New York,36,2102760,52840
2021-06-04,North Carolina,37,1005366,13168
2021-06-04,North Dakota,38,110182,1546
2021-06-04,Northern Mariana Islands,69,183,2
2021-06-04,Ohio,39,1104001,19980
2021-06-04,Oklahoma,40,453552,7316
2021-06-04,Oregon,41,202762,2717
2021-06-04,Pennsylvania,42,1209492,27380
2021-06-04,Puerto Rico,72,172488,2515
2021-06-04,Rhode Island,44,151992,2717
2021-06-04,South Carolina,45,593727,9744
2021-06-04,South Dakota,46,124261,2022
2021-06-04,Tennessee,47,849410,12376
2021-06-04,Texas,48,2955722,51845
2021-06-04,Utah,49,407183,2311
2021-06-04,Vermont,50,24252,256
2021-06-04,Virgin Islands,78,3512,28
2021-06-04,Virginia,51,676300,11222
2021-06-04,Washington,53,441271,5881
2021-06-04,West Virginia,54,162232,2813
2021-06-04,Wisconsin,55,675363,7954
2021-06-04,Wyoming,56,60623,720
2021-06-05,Alabama,01,545585,11198
2021-06-05,Alaska,02,69886,352
2021-06-05,Arizona,04,883314,17698
2021-06-05,Arkansas,05,342345,5846
2021-06-05,California,06,3795202,63000
2021-06-05,Colorado,08,549430,6756
2021-06-05,Connecticut,09,347891,8246
2021-06-05,Delaware,10,109070,1677
2021-06-05,District of Columbia,11,49068,1136
2021-06-05,Florida,12,2289332,36985
2021-06-05,Georgia,13,1101190,20322
2021-06-05,Guam,66,9173,140
2021-06-05,Hawaii,15,35281,499
2021-06-05,Idaho,16,192870,2103
2021-06-05,Illinois,17,1388953,25314
2021-06-05,Indiana,18,749890,13685
2021-06-05,Iowa,19,371956,6068
2021-06-05,Kansas,20,316626,5121
2021-06-05,Kentucky,21,461712,7140
2021-06-05,Louisiana,22,472981,10615
2021-06-05,Maine,23,68154,839
2021-06-05,Maryland,24,460684,9639
2021-06-05,Massachusetts,25,707940,17907
2021-06-05,Michigan,26,993178,20573
2021-06-05,Minnesota,27,602521,7554
2021-06-05,Mississippi,28,318189,7325
2021-06-05,Missouri,29,617895,9737
2021-06-05,Montana,30,112366,1632
2021-06-05,Nebraska,31,223906,2512
2021-06-05,Nevada,32,325392,5600
2021-06-05,New Hampshire,33,98877,1355
2021-06-05,New Jersey,34,1017695,26273
2021-06-05,New Mexico,35,203472,4282
2021-06-05,New York,36,2103612,52852
2021-06-05,North Carolina,37,1005366,13168
2021-06-05,North Dakota,38,110209,1547
2021-06-05,Northern Mariana Islands,69,183,2
2021-06-05,Ohio,39,1104380,19980
2021-06-05,Oklahoma,40,453552,7316
2021-06-05,Oregon,41,203033,2718
2021-06-05,Pennsylvania,42,1209878,27404
2021-06-05,Puerto Rico,72,172564,2516
2021-06-05,Rhode Island,44,151992,2717
2021-06-05,South Carolina,45,593948,9752
2021-06-05,South Dakota,46,124261,2022
2021-06-05,Tennessee,47,849400,12376
2021-06-05,Texas,48,2957016,51874
2021-06-05,Utah,49,407489,2311
2021-06-05,Vermont,50,24252,256
2021-06-05,Virgin Islands,78,3512,28
2021-06-05,Virginia,51,676586,11229
2021-06-05,Washington,53,441926,5881
2021-06-05,West Virginia,54,162232,2813
2021-06-05,Wisconsin,55,675363,7954
2021-06-05,Wyoming,56,60623,720
2021-06-06,Alabama,01,545585,11198
2021-06-06,Alaska,02,69886,352
2021-06-06,Arizona,04,883821,17700
2021-06-06,Arkansas,05,342433,5846
2021-06-06,California,06,3795959,63120
2021-06-06,Colorado,08,549873,6755
2021-06-06,Connecticut,09,347891,8246
2021-06-06,Delaware,10,109126,1677
2021-06-06,District of Columbia,11,49068,1136
2021-06-06,Florida,12,2289332,36985
2021-06-06,Georgia,13,1101460,20322
2021-06-06,Guam,66,9173,140
2021-06-06,Hawaii,15,35360,502
2021-06-06,Idaho,16,192870,2103
2021-06-06,Illinois,17,1389287,25352
2021-06-06,Indiana,18,749890,13685
2021-06-06,Iowa,19,372029,6072
2021-06-06,Kansas,20,316626,5121
2021-06-06,Kentucky,21,461712,7140
2021-06-06,Louisiana,22,472981,10615
2021-06-06,Maine,23,68232,839
2021-06-06,Maryland,24,460789,9645
2021-06-06,Massachusetts,25,708083,17911
2021-06-06,Michigan,26,993191,20573
2021-06-06,Minnesota,27,602779,7558
2021-06-06,Mississippi,28,318189,7325
2021-06-06,Missouri,29,617909,9737
2021-06-06,Montana,30,112366,1632
2021-06-06,Nebraska,31,223912,2512
2021-06-06,Nevada,32,325392,5600
2021-06-06,New Hampshire,33,98877,1355
2021-06-06,New Jersey,34,1017904,26279
2021-06-06,New Mexico,35,203472,4282
2021-06-06,New York,36,2104103,52885
2021-06-06,North Carolina,37,1005427,13168
2021-06-06,North Dakota,38,110230,1547
2021-06-06,Northern Mariana Islands,69,183,2
2021-06-06,Ohio,39,1104648,19980
2021-06-06,Oklahoma,40,453552,7316
2021-06-06,Oregon,41,203252,2719
2021-06-06,Pennsylvania,42,1210213,27408
2021-06-06,Puerto Rico,72,172619,2518
2021-06-06,Rhode Island,44,151992,2717
2021-06-06,South Carolina,45,594130,9754
2021-06-06,South Dakota,46,124261,2022
2021-06-06,Tennessee,47,849400,12376
2021-06-06,Texas,48,2957646,51891
2021-06-06,Utah,49,407712,2311
2021-06-06,Vermont,50,24252,256
2021-06-06,Virgin Islands,78,3512,28
2021-06-06,Virginia,51,676741,11236
2021-06-06,Washington,53,442006,5881
2021-06-06,West Virginia,54,162232,2813
2021-06-06,Wisconsin,55,675363,7954
2021-06-06,Wyoming,56,60623,720
2021-06-07,Alabama,01,546324,11217
2021-06-07,Alaska,02,69937,352
2021-06-07,Arizona,04,884195,17700
2021-06-07,Arkansas,05,342495,5849
2021-06-07,California,06,3797141,63132
2021-06-07,Colorado,08,550200,6768
2021-06-07,Connecticut,09,348088,8253
2021-06-07,Delaware,10,109167,1677
2021-06-07,District of Columbia,11,49110,1136
2021-06-07,Florida,12,2294049,37025
2021-06-07,Georgia,13,1101728,20322
2021-06-07,Guam,66,9179,140
2021-06-07,Hawaii,15,35391,502
2021-06-07,Idaho,16,193107,2108
2021-06-07,Illinois,17,1389551,25372
2021-06-07,Indiana,18,750418,13687
2021-06-07,Iowa,19,372064,6073
2021-06-07,Kansas,20,316840,5136
2021-06-07,Kentucky,21,461810,7146
2021-06-07,Louisiana,22,473777,10619
2021-06-07,Maine,23,68262,839
2021-06-07,Maryland,24,460873,9649
2021-06-07,Massachusetts,25,708195,17915
2021-06-07,Michigan,26,993640,20586
2021-06-07,Minnesota,27,602973,7560
2021-06-07,Mississippi,28,318521,7333
2021-06-07,Missouri,29,618373,9739
2021-06-07,Montana,30,112488,1633
2021-06-07,Nebraska,31,224000,2513
2021-06-07,Nevada,32,326019,5607
2021-06-07,New Hampshire,33,98941,1357
2021-06-07,New Jersey,34,1018112,26285
2021-06-07,New Mexico,35,203686,4288
2021-06-07,New York,36,2104622,52895
2021-06-07,North Carolina,37,1006658,13216
2021-06-07,North Dakota,38,110246,1547
2021-06-07,Northern Mariana Islands,69,183,2
2021-06-07,Ohio,39,1104903,19980
2021-06-07,Oklahoma,40,453890,7316
2021-06-07,Oregon,41,203411,2724
2021-06-07,Pennsylvania,42,1210691,27414
2021-06-07,Puerto Rico,72,172683,2519
2021-06-07,Rhode Island,44,152074,2717
2021-06-07,South Carolina,45,594225,9754
2021-06-07,South Dakota,46,124273,2022
2021-06-07,Tennessee,47,849732,12379
2021-06-07,Texas,48,2958465,51908
2021-06-07,Utah,49,407886,2313
2021-06-07,Vermont,50,24282,256
2021-06-07,Virgin Islands,78,3560,28
2021-06-07,Virginia,51,676831,11245
2021-06-07,Washington,53,442762,5894
2021-06-07,West Virginia,54,162540,2821
2021-06-07,Wisconsin,55,675661,7965
2021-06-07,Wyoming,56,60773,720
2021-06-08,Alabama,01,546540,11220
2021-06-08,Alaska,02,69937,352
2021-06-08,Arizona,04,884609,17713
2021-06-08,Arkansas,05,342726,5852
2021-06-08,California,06,3798225,63155
2021-06-08,Colorado,08,550731,6783
2021-06-08,Connecticut,09,348154,8255
2021-06-08,Delaware,10,109188,1677
2021-06-08,District of Columbia,11,49119,1137
2021-06-08,Florida,12,2295233,37025
2021-06-08,Georgia,13,1102252,20360
2021-06-08,Guam,66,9184,140
2021-06-08,Hawaii,15,35422,502
2021-06-08,Idaho,16,193235,2107
2021-06-08,Illinois,17,1389928,25386
2021-06-08,Indiana,18,750782,13696
2021-06-08,Iowa,19,372153,6078
2021-06-08,Kansas,20,316865,5136
2021-06-08,Kentucky,21,462341,7151
2021-06-08,Louisiana,22,473879,10622
2021-06-08,Maine,23,68331,840
2021-06-08,Maryland,24,460952,9653
2021-06-08,Massachusetts,25,708316,17917
2021-06-08,Michigan,26,994006,20643
2021-06-08,Minnesota,27,603098,7562
2021-06-08,Mississippi,28,318578,7343
2021-06-08,Missouri,29,619040,9766
2021-06-08,Montana,30,112625,1634
2021-06-08,Nebraska,31,224043,2515
2021-06-08,Nevada,32,326366,5610
2021-06-08,New Hampshire,33,98944,1357
2021-06-08,New Jersey,34,1018307,26295
2021-06-08,New Mexico,35,203748,4289
2021-06-08,New York,36,2105081,52906
2021-06-08,North Carolina,37,1007015,13229
2021-06-08,North Dakota,38,110285,1547
2021-06-08,Northern Mariana Islands,69,183,2
2021-06-08,Ohio,39,1105329,20021
2021-06-08,Oklahoma,40,453970,7316
2021-06-08,Oregon,41,203679,2729
2021-06-08,Pennsylvania,42,1211114,27446
2021-06-08,Puerto Rico,72,172747,2522
2021-06-08,Rhode Island,44,152106,2719
2021-06-08,South Carolina,45,594345,9754
2021-06-08,South Dakota,46,124302,2023
2021-06-08,Tennessee,47,849905,12392
2021-06-08,Texas,48,2960310,51949
2021-06-08,Utah,49,408138,2316
2021-06-08,Vermont,50,24295,256
2021-06-08,Virgin Islands,78,3608,28
2021-06-08,Virginia,51,677013,11253
2021-06-08,Washington,53,443564,5821
2021-06-08,West Virginia,54,162636,2822
2021-06-08,Wisconsin,55,675863,7981
2021-06-08,Wyoming,56,60844,725
2021-06-09,Alabama,01,546845,11249
2021-06-09,Alaska,02,70004,352
2021-06-09,Arizona,04,885042,17715
2021-06-09,Arkansas,05,342927,5854
2021-06-09,California,06,3799174,63167
2021-06-09,Colorado,08,551461,6795
2021-06-09,Connecticut,09,348262,8257
2021-06-09,Delaware,10,109225,1677
2021-06-09,District of Columbia,11,49127,1137
2021-06-09,Florida,12,2296823,37161
2021-06-09,Georgia,13,1102755,20381
2021-06-09,Guam,66,9193,140
2021-06-09,Hawaii,15,35461,502
2021-06-09,Idaho,16,193375,2118
2021-06-09,Illinois,17,1390331,25413
2021-06-09,Indiana,18,751136,13708
2021-06-09,Iowa,19,372248,6084
2021-06-09,Kansas,20,317153,5139
2021-06-09,Kentucky,21,462648,7165
2021-06-09,Louisiana,22,474653,10631
2021-06-09,Maine,23,68384,843
2021-06-09,Maryland,24,461079,9658
2021-06-09,Massachusetts,25,708459,17922
2021-06-09,Michigan,26,994301,20652
2021-06-09,Minnesota,27,603237,7570
2021-06-09,Mississippi,28,318685,7347
2021-06-09,Missouri,29,619666,9780
2021-06-09,Montana,30,112699,1636
2021-06-09,Nebraska,31,224068,2516
2021-06-09,Nevada,32,326583,5617
2021-06-09,New Hampshire,33,98996,1357
2021-06-09,New Jersey,34,1018491,26309
2021-06-09,New Mexico,35,203823,4294
2021-06-09,New York,36,2105507,52914
2021-06-09,North Carolina,37,1007567,13252
2021-06-09,North Dakota,38,110329,1548
2021-06-09,Northern Mariana Islands,69,183,2
2021-06-09,Ohio,39,1105720,20021
2021-06-09,Oklahoma,40,454094,7325
2021-06-09,Oregon,41,204016,2746
2021-06-09,Pennsylvania,42,1211487,27472
2021-06-09,Puerto Rico,72,172757,2524
2021-06-09,Rhode Island,44,152153,2722
2021-06-09,South Carolina,45,594574,9761
2021-06-09,South Dakota,46,124314,2023
2021-06-09,Tennessee,47,850096,12394
2021-06-09,Texas,48,2967261,51986
2021-06-09,Utah,49,408499,2318
2021-06-09,Vermont,50,24300,256
2021-06-09,Virgin Islands,78,3652,28
2021-06-09,Virginia,51,677210,11260
2021-06-09,Washington,53,444159,5836
2021-06-09,West Virginia,54,162726,2846
2021-06-09,Wisconsin,55,675993,7995
2021-06-09,Wyoming,56,60941,725
2021-06-10,Alabama,01,547135,11252
2021-06-10,Alaska,02,70004,352
2021-06-10,Arizona,04,885412,17742
2021-06-10,Arkansas,05,343216,5856
2021-06-10,California,06,3800222,63206
2021-06-10,Colorado,08,552118,6806
2021-06-10,Connecticut,09,348319,8260
2021-06-10,Delaware,10,109258,1679
2021-06-10,District of Columbia,11,49151,1137
2021-06-10,Florida,12,2298549,37206
2021-06-10,Georgia,13,1103192,20421
2021-06-10,Guam,66,9199,140
2021-06-10,Hawaii,15,35522,502
2021-06-10,Idaho,16,193475,2119
2021-06-10,Illinois,17,1390741,25430
2021-06-10,Indiana,18,751596,13710
2021-06-10,Iowa,19,372333,6095
2021-06-10,Kansas,20,317165,5139
2021-06-10,Kentucky,21,462901,7182
2021-06-10,Louisiana,22,475126,10638
2021-06-10,Maine,23,68449,843
2021-06-10,Maryland,24,461201,9667
2021-06-10,Massachusetts,25,708579,17929
2021-06-10,Michigan,26,994668,20698
2021-06-10,Minnesota,27,603398,7577
2021-06-10,Mississippi,28,318879,7348
2021-06-10,Missouri,29,620335,9789
2021-06-10,Montana,30,112798,1638
2021-06-10,Nebraska,31,224092,2516
2021-06-10,Nevada,32,326878,5621
2021-06-10,New Hampshire,33,99040,1360
2021-06-10,New Jersey,34,1018833,26322
2021-06-10,New Mexico,35,203919,4297
2021-06-10,New York,36,2106056,52927
2021-06-10,North Carolina,37,1008036,13268
2021-06-10,North Dakota,38,110382,1548
2021-06-10,Northern Mariana Islands,69,183,2
2021-06-10,Ohio,39,1106064,20021
2021-06-10,Oklahoma,40,454216,7325
2021-06-10,Oregon,41,204317,2751
2021-06-10,Pennsylvania,42,1212155,27493
2021-06-10,Puerto Rico,72,172805,2525
2021-06-10,Rhode Island,44,152187,2722
2021-06-10,South Carolina,45,594659,9761
2021-06-10,South Dakota,46,124335,2026
2021-06-10,Tennessee,47,850276,12396
2021-06-10,Texas,48,2969114,52019
2021-06-10,Utah,49,408812,2319
2021-06-10,Vermont,50,24314,256
2021-06-10,Virgin Islands,78,3652,28
2021-06-10,Virginia,51,677425,11270
2021-06-10,Washington,53,444922,5846
2021-06-10,West Virginia,54,162845,2848
2021-06-10,Wisconsin,55,676178,8007
2021-06-10,Wyoming,56,61012,725
2021-06-11,Alabama,01,547323,11266
2021-06-11,Alaska,02,70065,356
2021-06-11,Arizona,04,885834,17740
2021-06-11,Arkansas,05,343609,5859
2021-06-11,California,06,3801205,63251
2021-06-11,Colorado,08,552930,6820
2021-06-11,Connecticut,09,348350,8261
2021-06-11,Delaware,10,109296,1679
2021-06-11,District of Columbia,11,49158,1137
2021-06-11,Florida,12,2300786,37265
2021-06-11,Georgia,13,1103621,20454
2021-06-11,Guam,66,9205,140
2021-06-11,Hawaii,15,35595,503
2021-06-11,Idaho,16,193593,2119
2021-06-11,Illinois,17,1391143,25452
2021-06-11,Indiana,18,751991,13714
2021-06-11,Iowa,19,372442,6097
2021-06-11,Kansas,20,317387,5140
2021-06-11,Kentucky,21,463090,7196
2021-06-11,Louisiana,22,475354,10648
2021-06-11,Maine,23,68487,844
2021-06-11,Maryland,24,461315,9677
2021-06-11,Massachusetts,25,708710,17937
2021-06-11,Michigan,26,995002,20706
2021-06-11,Minnesota,27,603559,7589
2021-06-11,Mississippi,28,319115,7353
2021-06-11,Missouri,29,621073,9802
2021-06-11,Montana,30,112868,1641
2021-06-11,Nebraska,31,224144,2517
2021-06-11,Nevada,32,327140,5622
2021-06-11,New Hampshire,33,99068,1360
2021-06-11,New Jersey,34,1019107,26324
2021-06-11,New Mexico,35,204044,4299
2021-06-11,New York,36,2106742,52942
2021-06-11,North Carolina,37,1008457,13287
2021-06-11,North Dakota,38,110417,1551
2021-06-11,Northern Mariana Islands,69,183,2
2021-06-11,Ohio,39,1106411,20091
2021-06-11,Oklahoma,40,454394,7325
2021-06-11,Oregon,41,204653,2756
2021-06-11,Pennsylvania,42,1212529,27510
2021-06-11,Puerto Rico,72,172869,2529
2021-06-11,Rhode Island,44,152213,2722
2021-06-11,South Carolina,45,594805,9776
2021-06-11,South Dakota,46,124343,2026
2021-06-11,Tennessee,47,852148,12398
2021-06-11,Texas,48,2970252,52064
2021-06-11,Utah,49,409078,2319
2021-06-11,Vermont,50,24320,256
2021-06-11,Virgin Islands,78,3690,28
2021-06-11,Virginia,51,677530,11283
2021-06-11,Washington,53,445488,5857
2021-06-11,West Virginia,54,162939,2849
2021-06-11,Wisconsin,55,676288,8013
2021-06-11,Wyoming,56,61115,725
2021-06-12,Alabama,01,547323,11266
2021-06-12,Alaska,02,70065,356
2021-06-12,Arizona,04,886404,17761
2021-06-12,Arkansas,05,343873,5860
2021-06-12,California,06,3801812,63143
2021-06-12,Colorado,08,553568,6832
2021-06-12,Connecticut,09,348350,8261
2021-06-12,Delaware,10,109322,1679
2021-06-12,District of Columbia,11,49158,1137
2021-06-12,Florida,12,2300786,37265
2021-06-12,Georgia,13,1104019,20481
2021-06-12,Guam,66,9205,140
2021-06-12,Hawaii,15,35693,503
2021-06-12,Idaho,16,193593,2119
2021-06-12,Illinois,17,1391382,25469
2021-06-12,Indiana,18,752437,13745
2021-06-12,Iowa,19,372525,6099
2021-06-12,Kansas,20,317387,5140
2021-06-12,Kentucky,21,463294,7203
2021-06-12,Louisiana,22,475354,10648
2021-06-12,Maine,23,68540,845
2021-06-12,Maryland,24,461402,9683
2021-06-12,Massachusetts,25,708836,17939
2021-06-12,Michigan,26,995217,20764
2021-06-12,Minnesota,27,603707,7596
2021-06-12,Mississippi,28,319115,7353
2021-06-12,Missouri,29,621517,9803
2021-06-12,Montana,30,112868,1641
2021-06-12,Nebraska,31,224144,2517
2021-06-12,Nevada,32,327140,5622
2021-06-12,New Hampshire,33,99068,1360
2021-06-12,New Jersey,34,1019356,26327
2021-06-12,New Mexico,35,204044,4299
2021-06-12,New York,36,2107172,52958
2021-06-12,North Carolina,37,1008494,13287
2021-06-12,North Dakota,38,110457,1551
2021-06-12,Northern Mariana Islands,69,183,2
2021-06-12,Ohio,39,1106796,20091
2021-06-12,Oklahoma,40,454394,7325
2021-06-12,Oregon,41,204898,2759
2021-06-12,Pennsylvania,42,1212822,27526
2021-06-12,Puerto Rico,72,172938,2530
2021-06-12,Rhode Island,44,152213,2722
2021-06-12,South Carolina,45,594805,9776
2021-06-12,South Dakota,46,124343,2026
2021-06-12,Tennessee,47,852165,12398
2021-06-12,Texas,48,2971075,52096
2021-06-12,Utah,49,409435,2323
2021-06-12,Vermont,50,24320,256
2021-06-12,Virgin Islands,78,3690,28
2021-06-12,Virginia,51,677671,11293
2021-06-12,Washington,53,446034,5857
2021-06-12,West Virginia,54,162939,2849
2021-06-12,Wisconsin,55,676288,8013
2021-06-12,Wyoming,56,61115,725
2021-06-13,Alabama,01,547323,11266
2021-06-13,Alaska,02,70065,356
2021-06-13,Arizona,04,886752,17768
2021-06-13,Arkansas,05,343964,5861
2021-06-13,California,06,3802390,63145
2021-06-13,Colorado,08,554073,6833
2021-06-13,Connecticut,09,348350,8261
2021-06-13,Delaware,10,109358,1679
2021-06-13,District of Columbia,11,49158,1137
2021-06-13,Florida,12,2302684,37265
2021-06-13,Georgia,13,1104242,20481
2021-06-13,Guam,66,9205,140
2021-06-13,Hawaii,15,35723,503
2021-06-13,Idaho,16,193593,2119
2021-06-13,Illinois,17,1391662,25481
2021-06-13,Indiana,18,752437,13745
2021-06-13,Iowa,19,372577,6102
2021-06-13,Kansas,20,317387,5140
2021-06-13,Kentucky,21,463377,7205
2021-06-13,Louisiana,22,475354,10648
2021-06-13,Maine,23,68590,845
2021-06-13,Maryland,24,461485,9686
2021-06-13,Massachusetts,25,708875,17939
2021-06-13,Michigan,26,995223,20764
2021-06-13,Minnesota,27,603853,7605
2021-06-13,Mississippi,28,319115,7353
2021-06-13,Missouri,29,621802,9803
2021-06-13,Montana,30,112868,1641
2021-06-13,Nebraska,31,224144,2517
2021-06-13,Nevada,32,327140,5622
2021-06-13,New Hampshire,33,99068,1360
2021-06-13,New Jersey,34,1019563,26330
2021-06-13,New Mexico,35,204044,4299
2021-06-13,New York,36,2107535,52968
2021-06-13,North Carolina,37,1008494,13287
2021-06-13,North Dakota,38,110463,1551
2021-06-13,Northern Mariana Islands,69,183,2
2021-06-13,Ohio,39,1107047,20091
2021-06-13,Oklahoma,40,454394,7325
2021-06-13,Oregon,41,205030,2759
2021-06-13,Pennsylvania,42,1213003,27540
2021-06-13,Puerto Rico,72,172979,2530
2021-06-13,Rhode Island,44,152213,2722
2021-06-13,South Carolina,45,594877,9780
2021-06-13,South Dakota,46,124356,2026
2021-06-13,Tennessee,47,852206,12398
2021-06-13,Texas,48,2971498,52105
2021-06-13,Utah,49,409629,2323
2021-06-13,Vermont,50,24320,256
2021-06-13,Virgin Islands,78,3690,28
2021-06-13,Virginia,51,677744,11307
2021-06-13,Washington,53,446091,5858
2021-06-13,West Virginia,54,162939,2849
2021-06-13,Wisconsin,55,676288,8013
2021-06-13,Wyoming,56,61115,725
2021-06-14,Alabama,01,547873,11274
2021-06-14,Alaska,02,70132,356
2021-06-14,Arizona,04,887146,17768
2021-06-14,Arkansas,05,344067,5863
2021-06-14,California,06,3803495,63150
2021-06-14,Colorado,08,554283,6833
2021-06-14,Connecticut,09,348465,8263
2021-06-14,Delaware,10,109379,1679
2021-06-14,District of Columbia,11,49179,1138
2021-06-14,Florida,12,2304918,37330
2021-06-14,Georgia,13,1104417,20481
2021-06-14,Guam,66,9213,140
2021-06-14,Hawaii,15,35769,503
2021-06-14,Idaho,16,193821,2119
2021-06-14,Illinois,17,1391785,25490
2021-06-14,Indiana,18,752871,13746
2021-06-14,Iowa,19,372649,6102
2021-06-14,Kansas,20,317613,5158
2021-06-14,Kentucky,21,463531,7210
2021-06-14,Louisiana,22,475908,10655
2021-06-14,Maine,23,68603,845
2021-06-14,Maryland,24,461545,9688
2021-06-14,Massachusetts,25,708933,17947
2021-06-14,Michigan,26,995837,20773
2021-06-14,Minnesota,27,603969,7610
2021-06-14,Mississippi,28,319381,7354
2021-06-14,Missouri,29,622329,9806
2021-06-14,Montana,30,112959,1643
2021-06-14,Nebraska,31,224216,2517
2021-06-14,Nevada,32,327579,5626
2021-06-14,New Hampshire,33,99143,1363
2021-06-14,New Jersey,34,1019794,26334
2021-06-14,New Mexico,35,204271,4304
2021-06-14,New York,36,2107912,52977
2021-06-14,North Carolina,37,1009630,13311
2021-06-14,North Dakota,38,110471,1551
2021-06-14,Northern Mariana Islands,69,183,2
2021-06-14,Ohio,39,1107225,20091
2021-06-14,Oklahoma,40,454884,7325
2021-06-14,Oregon,41,205154,2759
2021-06-14,Pennsylvania,42,1213350,27543
2021-06-14,Puerto Rico,72,173038,2530
2021-06-14,Rhode Island,44,152273,2722
2021-06-14,South Carolina,45,595201,9790
2021-06-14,South Dakota,46,124356,2026
2021-06-14,Tennessee,47,852237,12398
2021-06-14,Texas,48,2972381,52116
2021-06-14,Utah,49,409798,2323
2021-06-14,Vermont,50,24331,256
2021-06-14,Virgin Islands,78,3702,28
2021-06-14,Virginia,51,677812,11318
2021-06-14,Washington,53,446778,5825
2021-06-14,West Virginia,54,163144,2853
2021-06-14,Wisconsin,55,676489,8015
2021-06-14,Wyoming,56,61235,725
2021-06-15,Alabama,01,548163,11281
2021-06-15,Alaska,02,70132,356
2021-06-15,Arizona,04,887569,17779
2021-06-15,Arkansas,05,344369,5869
2021-06-15,California,06,3804529,63205
2021-06-15,Colorado,08,554614,6840
2021-06-15,Connecticut,09,348521,8263
2021-06-15,Delaware,10,109421,1679
2021-06-15,District of Columbia,11,49213,1138
2021-06-15,Florida,12,2305909,37393
2021-06-15,Georgia,13,1104748,20493
2021-06-15,Guam,66,9220,140
2021-06-15,Hawaii,15,35802,503
2021-06-15,Idaho,16,193910,2119
2021-06-15,Illinois,17,1392005,25505
2021-06-15,Indiana,18,753174,13752
2021-06-15,Iowa,19,372752,6103
2021-06-15,Kansas,20,317644,5158
2021-06-15,Kentucky,21,463747,7218
2021-06-15,Louisiana,22,476467,10660
2021-06-15,Maine,23,68632,848
2021-06-15,Maryland,24,461609,9689
2021-06-15,Massachusetts,25,709012,17949
2021-06-15,Michigan,26,996055,20803
2021-06-15,Minnesota,27,604059,7611
2021-06-15,Mississippi,28,319428,7361
2021-06-15,Missouri,29,622922,9825
2021-06-15,Montana,30,113057,1647
2021-06-15,Nebraska,31,224237,2517
2021-06-15,Nevada,32,327831,5631
2021-06-15,New Hampshire,33,99178,1364
2021-06-15,New Jersey,34,1020043,26345
2021-06-15,New Mexico,35,204392,4304
2021-06-15,New York,36,2108249,52993
2021-06-15,North Carolina,37,1009956,13316
2021-06-15,North Dakota,38,110504,1552
2021-06-15,Northern Mariana Islands,69,183,2
2021-06-15,Ohio,39,1107521,20122
2021-06-15,Oklahoma,40,454929,7325
2021-06-15,Oregon,41,205459,2764
2021-06-15,Pennsylvania,42,1213772,27566
2021-06-15,Puerto Rico,72,173064,2536
2021-06-15,Rhode Island,44,152306,2723
2021-06-15,South Carolina,45,595285,9790
2021-06-15,South Dakota,46,124377,2026
2021-06-15,Tennessee,47,852649,12403
2021-06-15,Texas,48,2973462,52147
2021-06-15,Utah,49,410035,2323
2021-06-15,Vermont,50,24339,256
2021-06-15,Virgin Islands,78,3717,29
2021-06-15,Virginia,51,677949,11328
2021-06-15,Washington,53,447266,5842
2021-06-15,West Virginia,54,163221,2856
2021-06-15,Wisconsin,55,676619,8023
2021-06-15,Wyoming,56,61303,734
2021-06-16,Alabama,01,548323,11288
2021-06-16,Alaska,02,70183,356
2021-06-16,Arizona,04,888005,17791
2021-06-16,Arkansas,05,344657,5867
2021-06-16,California,06,3805390,63224
2021-06-16,Colorado,08,555248,6852
2021-06-16,Connecticut,09,348560,8265
2021-06-16,Delaware,10,109418,1679
2021-06-16,District of Columbia,11,49223,1139
2021-06-16,Florida,12,2307628,37448
2021-06-16,Georgia,13,1105234,20544
2021-06-16,Guam,66,9230,140
2021-06-16,Hawaii,15,35831,504
2021-06-16,Idaho,16,193997,2125
2021-06-16,Illinois,17,1392390,25531
2021-06-16,Indiana,18,753511,13763
2021-06-16,Iowa,19,372837,6109
2021-06-16,Kansas,20,317938,5161
2021-06-16,Kentucky,21,463895,7222
2021-06-16,Louisiana,22,476792,10670
2021-06-16,Maine,23,68683,853
2021-06-16,Maryland,24,461687,9695
2021-06-16,Massachusetts,25,709080,17953
2021-06-16,Michigan,26,996275,20808
2021-06-16,Minnesota,27,604145,7616
2021-06-16,Mississippi,28,319511,7368
2021-06-16,Missouri,29,623721,9828
2021-06-16,Montana,30,113128,1649
2021-06-16,Nebraska,31,224267,2517
2021-06-16,Nevada,32,328194,5635
2021-06-16,New Hampshire,33,99196,1364
2021-06-16,New Jersey,34,1020326,26352
2021-06-16,New Mexico,35,204472,4307
2021-06-16,New York,36,2108535,52995
2021-06-16,North Carolina,37,1010306,13333
2021-06-16,North Dakota,38,110523,1553
2021-06-16,Northern Mariana Islands,69,183,2
2021-06-16,Ohio,39,1107902,20122
2021-06-16,Oklahoma,40,455145,7354
2021-06-16,Oregon,41,205780,2775
2021-06-16,Pennsylvania,42,1214051,27582
2021-06-16,Puerto Rico,72,173075,2538
2021-06-16,Rhode Island,44,152333,2723
2021-06-16,South Carolina,45,595310,9786
2021-06-16,South Dakota,46,124382,2026
2021-06-16,Tennessee,47,852863,12405
2021-06-16,Texas,48,2975716,52185
2021-06-16,Utah,49,410447,2324
2021-06-16,Vermont,50,24348,256
2021-06-16,Virgin Islands,78,3729,30
2021-06-16,Virginia,51,678226,11330
2021-06-16,Washington,53,447781,5850
2021-06-16,West Virginia,54,163311,2861
2021-06-16,Wisconsin,55,676655,8041
2021-06-16,Wyoming,56,61359,734
2021-06-17,Alabama,01,548323,11288
2021-06-17,Alaska,02,70183,356
2021-06-17,Arizona,04,888337,17809
2021-06-17,Arkansas,05,344945,5869
2021-06-17,California,06,3806400,63254
2021-06-17,Colorado,08,555819,6856
2021-06-17,Connecticut,09,348595,8266
2021-06-17,Delaware,10,109470,1679
2021-06-17,District of Columbia,11,49232,1140
2021-06-17,Florida,12,2309254,37448
2021-06-17,Georgia,13,1105638,20572
2021-06-17,Guam,66,9235,140
2021-06-17,Hawaii,15,35862,504
2021-06-17,Idaho,16,194084,2125
2021-06-17,Illinois,17,1392635,25552
2021-06-17,Indiana,18,753773,13764
2021-06-17,Iowa,19,372909,6109
2021-06-17,Kansas,20,317950,5161
2021-06-17,Kentucky,21,464100,7224
2021-06-17,Louisiana,22,477127,10677
2021-06-17,Maine,23,68717,854
2021-06-17,Maryland,24,461766,9698
2021-06-17,Massachusetts,25,709187,17957
2021-06-17,Michigan,26,996454,20835
2021-06-17,Minnesota,27,604277,7620
2021-06-17,Mississippi,28,319704,7369
2021-06-17,Missouri,29,624526,9833
2021-06-17,Montana,30,113200,1651
2021-06-17,Nebraska,31,224313,2517
2021-06-17,Nevada,32,328490,5642
2021-06-17,New Hampshire,33,99225,1366
2021-06-17,New Jersey,34,1020564,26364
2021-06-17,New Mexico,35,204577,4312
2021-06-17,New York,36,2108978,53009
2021-06-17,North Carolina,37,1010698,13339
2021-06-17,North Dakota,38,110551,1554
2021-06-17,Northern Mariana Islands,69,183,2
2021-06-17,Ohio,39,1108146,20122
2021-06-17,Oklahoma,40,455354,7354
2021-06-17,Oregon,41,206038,2776
2021-06-17,Pennsylvania,42,1214395,27597
2021-06-17,Puerto Rico,72,173109,2539
2021-06-17,Rhode Island,44,152359,2724
2021-06-17,South Carolina,45,595361,9790
2021-06-17,South Dakota,46,124393,2027
2021-06-17,Tennessee,47,853042,12412
2021-06-17,Texas,48,2976499,52219
2021-06-17,Utah,49,410816,2324
2021-06-17,Vermont,50,24357,256
2021-06-17,Virgin Islands,78,3747,30
2021-06-17,Virginia,51,678392,11336
2021-06-17,Washington,53,448263,5852
2021-06-17,West Virginia,54,163382,2863
2021-06-17,Wisconsin,55,676763,8046
2021-06-17,Wyoming,56,61425,734
2021-06-18,Alabama,01,548657,11306
2021-06-18,Alaska,02,70285,356
2021-06-18,Arizona,04,888701,17822
2021-06-18,Arkansas,05,345221,5874
2021-06-18,California,06,3807542,63290
2021-06-18,Colorado,08,556302,6866
2021-06-18,Connecticut,09,348665,8270
2021-06-18,Delaware,10,109501,1679
2021-06-18,District of Columbia,11,49243,1141
2021-06-18,Florida,12,2310881,37555
2021-06-18,Georgia,13,1106021,20603
2021-06-18,Guam,66,9236,140
2021-06-18,Hawaii,15,35903,507
2021-06-18,Idaho,16,194084,2125
2021-06-18,Illinois,17,1392733,25566
2021-06-18,Indiana,18,754043,13766
2021-06-18,Iowa,19,372987,6109
2021-06-18,Kansas,20,318104,5163
2021-06-18,Kentucky,21,464264,7225
2021-06-18,Louisiana,22,477453,10688
2021-06-18,Maine,23,68753,854
2021-06-18,Maryland,24,461852,9703
2021-06-18,Massachusetts,25,709263,17960
2021-06-18,Michigan,26,996624,20848
2021-06-18,Minnesota,27,604384,7624
2021-06-18,Mississippi,28,319948,7371
2021-06-18,Missouri,29,625559,9835
2021-06-18,Montana,30,113275,1651
2021-06-18,Nebraska,31,224336,2518
2021-06-18,Nevada,32,328875,5649
2021-06-18,New Hampshire,33,99254,1367
2021-06-18,New Jersey,34,1020830,26368
2021-06-18,New Mexico,35,204698,4318
2021-06-18,New York,36,2109393,53017
2021-06-18,North Carolina,37,1010890,13359
2021-06-18,North Dakota,38,110575,1554
2021-06-18,Northern Mariana Islands,69,183,2
2021-06-18,Ohio,39,1108528,20166
2021-06-18,Oklahoma,40,455535,7354
2021-06-18,Oregon,41,206299,2780
2021-06-18,Pennsylvania,42,1214620,27612
2021-06-18,Puerto Rico,72,173197,2539
2021-06-18,Rhode Island,44,152383,2724
2021-06-18,South Carolina,45,595448,9792
2021-06-18,South Dakota,46,124393,2027
2021-06-18,Tennessee,47,853104,12415
2021-06-18,Texas,48,2977580,52266
2021-06-18,Utah,49,411141,2326
2021-06-18,Vermont,50,24360,256
2021-06-18,Virgin Islands,78,3752,30
2021-06-18,Virginia,51,678506,11342
2021-06-18,Washington,53,448716,5863
2021-06-18,West Virginia,54,163382,2863
2021-06-18,Wisconsin,55,676885,8047
2021-06-18,Wyoming,56,61490,734
2021-06-19,Alabama,01,548657,11306
2021-06-19,Alaska,02,70285,356
2021-06-19,Arizona,04,889342,17838
2021-06-19,Arkansas,05,345472,5874
2021-06-19,California,06,3808088,63309
2021-06-19,Colorado,08,556704,6876
2021-06-19,Connecticut,09,348665,8270
2021-06-19,Delaware,10,109528,1682
2021-06-19,District of Columbia,11,49243,1141
2021-06-19,Florida,12,2310881,37555
2021-06-19,Georgia,13,1106392,20628
2021-06-19,Guam,66,9236,140
2021-06-19,Hawaii,15,35967,508
2021-06-19,Idaho,16,194084,2125
2021-06-19,Illinois,17,1392733,25566
2021-06-19,Indiana,18,754583,13795
2021-06-19,Iowa,19,373049,6112
2021-06-19,Kansas,20,318104,5163
2021-06-19,Kentucky,21,464276,7225
2021-06-19,Louisiana,22,477453,10688
2021-06-19,Maine,23,68794,854
2021-06-19,Maryland,24,461914,9707
2021-06-19,Massachusetts,25,709354,17966
2021-06-19,Michigan,26,996624,20848
2021-06-19,Minnesota,27,604499,7629
2021-06-19,Mississippi,28,319948,7371
2021-06-19,Missouri,29,626021,9846
2021-06-19,Montana,30,113275,1651
2021-06-19,Nebraska,31,224343,2519
2021-06-19,Nevada,32,328875,5649
2021-06-19,New Hampshire,33,99254,1367
2021-06-19,New Jersey,34,1021038,26372
2021-06-19,New Mexico,35,204698,4318
2021-06-19,New York,36,2109782,53024
2021-06-19,North Carolina,37,1010919,13359
2021-06-19,North Dakota,38,110590,1554
2021-06-19,Northern Mariana Islands,69,183,2
2021-06-19,Ohio,39,1108736,20166
2021-06-19,Oklahoma,40,455535,7354
2021-06-19,Oregon,41,206581,2783
2021-06-19,Pennsylvania,42,1214797,27612
2021-06-19,Puerto Rico,72,173284,2539
2021-06-19,Rhode Island,44,152383,2724
2021-06-19,South Carolina,45,595448,9792
2021-06-19,South Dakota,46,124393,2027
2021-06-19,Tennessee,47,853104,12415
2021-06-19,Texas,48,2979299,52281
2021-06-19,Utah,49,411431,2328
2021-06-19,Vermont,50,24360,256
2021-06-19,Virgin Islands,78,3752,30
2021-06-19,Virginia,51,678595,11343
2021-06-19,Washington,53,449108,5867
2021-06-19,West Virginia,54,163382,2863
2021-06-19,Wisconsin,55,676885,8047
2021-06-19,Wyoming,56,61490,734
2021-06-20,Alabama,01,548657,11306
2021-06-20,Alaska,02,70285,356
2021-06-20,Arizona,04,889727,17843
2021-06-20,Arkansas,05,345605,5874
2021-06-20,California,06,3808733,63337
2021-06-20,Colorado,08,557005,6876
2021-06-20,Connecticut,09,348665,8270
2021-06-20,Delaware,10,109548,1683
2021-06-20,District of Columbia,11,49243,1141
2021-06-20,Florida,12,2310881,37555
2021-06-20,Georgia,13,1106604,20628
2021-06-20,Guam,66,9236,140
2021-06-20,Hawaii,15,36036,510
2021-06-20,Idaho,16,194084,2125
2021-06-20,Illinois,17,1392733,25566
2021-06-20,Indiana,18,754583,13795
2021-06-20,Iowa,19,373101,6114
2021-06-20,Kansas,20,318104,5163
2021-06-20,Kentucky,21,464291,7227
2021-06-20,Louisiana,22,477453,10688
2021-06-20,Maine,23,68826,854
2021-06-20,Maryland,24,461956,9707
2021-06-20,Massachusetts,25,709395,17971
2021-06-20,Michigan,26,996624,20848
2021-06-20,Minnesota,27,604602,7638
2021-06-20,Mississippi,28,319948,7371
2021-06-20,Missouri,29,626347,9846
2021-06-20,Montana,30,113275,1651
2021-06-20,Nebraska,31,224343,2519
2021-06-20,Nevada,32,328875,5649
2021-06-20,New Hampshire,33,99254,1367
2021-06-20,New Jersey,34,1021182,26374
2021-06-20,New Mexico,35,204698,4318
2021-06-20,New York,36,2110069,53026
2021-06-20,North Carolina,37,1010919,13359
2021-06-20,North Dakota,38,110598,1554
2021-06-20,Northern Mariana Islands,69,183,2
2021-06-20,Ohio,39,1108902,20166
2021-06-20,Oklahoma,40,455535,7354
2021-06-20,Oregon,41,206777,2784
2021-06-20,Pennsylvania,42,1214901,27621
2021-06-20,Puerto Rico,72,173328,2540
2021-06-20,Rhode Island,44,152383,2724
2021-06-20,South Carolina,45,595448,9792
2021-06-20,South Dakota,46,124393,2027
2021-06-20,Tennessee,47,853104,12415
2021-06-20,Texas,48,2979672,52292
2021-06-20,Utah,49,411680,2330
2021-06-20,Vermont,50,24360,256
2021-06-20,Virgin Islands,78,3752,30
2021-06-20,Virginia,51,678649,11351
2021-06-20,Washington,53,449170,5867
2021-06-20,West Virginia,54,163382,2863
2021-06-20,Wisconsin,55,676885,8047
2021-06-20,Wyoming,56,61490,734
2021-06-21,Alabama,01,549013,11311
2021-06-21,Alaska,02,70372,356
2021-06-21,Arizona,04,890111,17843
2021-06-21,Arkansas,05,345695,5876
2021-06-21,California,06,3810024,63353
2021-06-21,Colorado,08,557234,6881
2021-06-21,Connecticut,09,348757,8269
2021-06-21,Delaware,10,109564,1683
2021-06-21,District of Columbia,11,49248,1141
2021-06-21,Florida,12,2314559,37585
2021-06-21,Georgia,13,1106776,20628
2021-06-21,Guam,66,9253,140
2021-06-21,Hawaii,15,36048,510
2021-06-21,Idaho,16,194327,2138
2021-06-21,Illinois,17,1393461,25592
2021-06-21,Indiana,18,754867,13799
2021-06-21,Iowa,19,373140,6115
2021-06-21,Kansas,20,318248,5165
2021-06-21,Kentucky,21,464584,7236
2021-06-21,Louisiana,22,478139,10693
2021-06-21,Maine,23,68844,854
2021-06-21,Maryland,24,461996,9707
2021-06-21,Massachusetts,25,709443,17976
2021-06-21,Michigan,26,996972,20884
2021-06-21,Minnesota,27,604701,7642
2021-06-21,Mississippi,28,320107,7378
2021-06-21,Missouri,29,626940,9850
2021-06-21,Montana,30,113333,1652
2021-06-21,Nebraska,31,224427,2519
2021-06-21,Nevada,32,329515,5646
2021-06-21,New Hampshire,33,99329,1367
2021-06-21,New Jersey,34,1021323,26377
2021-06-21,New Mexico,35,204961,4328
2021-06-21,New York,36,2110346,53034
2021-06-21,North Carolina,37,1011643,13386
2021-06-21,North Dakota,38,110602,1554
2021-06-21,Northern Mariana Islands,69,183,2
2021-06-21,Ohio,39,1109025,20166
2021-06-21,Oklahoma,40,455986,7354
2021-06-21,Oregon,41,206854,2786
2021-06-21,Pennsylvania,42,1215116,27623
2021-06-21,Puerto Rico,72,173368,2540
2021-06-21,Rhode Island,44,152429,2724
2021-06-21,South Carolina,45,595750,9801
2021-06-21,South Dakota,46,124411,2027
2021-06-21,Tennessee,47,853362,12423
2021-06-21,Texas,48,2980325,52300
2021-06-21,Utah,49,411840,2330
2021-06-21,Vermont,50,24368,256
2021-06-21,Virgin Islands,78,3768,30
2021-06-21,Virginia,51,678765,11360
2021-06-21,Washington,53,449829,5881
2021-06-21,West Virginia,54,163382,2863
2021-06-21,Wisconsin,55,677030,8064
2021-06-21,Wyoming,56,61630,734
2021-06-22,Alabama,01,549013,11311
2021-06-22,Alaska,02,70372,356
2021-06-22,Arizona,04,890533,17858
2021-06-22,Arkansas,05,346180,5884
2021-06-22,California,06,3811099,63370
2021-06-22,Colorado,08,557621,6885
2021-06-22,Connecticut,09,348802,8271
2021-06-22,Delaware,10,109577,1691
2021-06-22,District of Columbia,11,49275,1141
2021-06-22,Florida,12,2316238,37656
2021-06-22,Georgia,13,1107157,20639
2021-06-22,Guam,66,9273,140
2021-06-22,Hawaii,15,36066,510
2021-06-22,Idaho,16,194444,2142
2021-06-22,Illinois,17,1393640,25600
2021-06-22,Indiana,18,755172,13811
2021-06-22,Iowa,19,373223,6117
2021-06-22,Kansas,20,318264,5165
2021-06-22,Kentucky,21,464743,7240
2021-06-22,Louisiana,22,478464,10699
2021-06-22,Maine,23,68864,854
2021-06-22,Maryland,24,462045,9715
2021-06-22,Massachusetts,25,709476,17977
2021-06-22,Michigan,26,997133,20897
2021-06-22,Minnesota,27,604780,7643
2021-06-22,Mississippi,28,320174,7390
2021-06-22,Missouri,29,627759,9862
2021-06-22,Montana,30,113449,1655
2021-06-22,Nebraska,31,224443,2519
2021-06-22,Nevada,32,329915,5653
2021-06-22,New Hampshire,33,99348,1368
2021-06-22,New Jersey,34,1021554,26392
2021-06-22,New Mexico,35,205058,4332
2021-06-22,New York,36,2110612,53048
2021-06-22,North Carolina,37,1011980,13401
2021-06-22,North Dakota,38,110629,1557
2021-06-22,Northern Mariana Islands,69,183,2
2021-06-22,Ohio,39,1109374,20213
2021-06-22,Oklahoma,40,456148,7354
2021-06-22,Oregon,41,207106,2786
2021-06-22,Pennsylvania,42,1215239,27655
2021-06-22,Puerto Rico,72,173397,2543
2021-06-22,Rhode Island,44,152443,2726
2021-06-22,South Carolina,45,595813,9804
2021-06-22,South Dakota,46,124446,2027
2021-06-22,Tennessee,47,853476,12433
2021-06-22,Texas,48,2982215,52328
2021-06-22,Utah,49,412089,2333
2021-06-22,Vermont,50,24371,256
2021-06-22,Virgin Islands,78,3774,30
2021-06-22,Virginia,51,678909,11367
2021-06-22,Washington,53,450253,5887
2021-06-22,West Virginia,54,163627,2870
2021-06-22,Wisconsin,55,677143,8067
2021-06-22,Wyoming,56,61704,734
2021-06-23,Alabama,01,549394,11328
2021-06-23,Alaska,02,70443,357
2021-06-23,Arizona,04,891023,17868
2021-06-23,Arkansas,05,346569,5887
2021-06-23,California,06,3811979,63425
2021-06-23,Colorado,08,558015,6899
2021-06-23,Connecticut,09,348840,8271
2021-06-23,Delaware,10,109599,1693
2021-06-23,District of Columbia,11,49284,1141
2021-06-23,Florida,12,2318122,37678
2021-06-23,Georgia,13,1107558,20660
2021-06-23,Guam,66,9279,140
2021-06-23,Hawaii,15,36104,510
2021-06-23,Idaho,16,194596,2142
2021-06-23,Illinois,17,1393961,25608
2021-06-23,Indiana,18,755454,13816
2021-06-23,Iowa,19,373314,6120
2021-06-23,Kansas,20,318583,5175
2021-06-23,Kentucky,21,464874,7242
2021-06-23,Louisiana,22,478946,10709
2021-06-23,Maine,23,68877,856
2021-06-23,Maryland,24,462104,9722
2021-06-23,Massachusetts,25,709544,17982
2021-06-23,Michigan,26,997361,20900
2021-06-23,Minnesota,27,604851,7648
2021-06-23,Mississippi,28,320292,7390
2021-06-23,Missouri,29,628572,9870
2021-06-23,Montana,30,113511,1657
2021-06-23,Nebraska,31,224492,2519
2021-06-23,Nevada,32,330362,5654
2021-06-23,New Hampshire,33,99366,1369
2021-06-23,New Jersey,34,1021822,26403
2021-06-23,New Mexico,35,205134,4334
2021-06-23,New York,36,2110862,53056
2021-06-23,North Carolina,37,1012441,13413
2021-06-23,North Dakota,38,110645,1557
2021-06-23,Northern Mariana Islands,69,183,2
2021-06-23,Ohio,39,1109697,20213
2021-06-23,Oklahoma,40,456413,7384
2021-06-23,Oregon,41,207417,2790
2021-06-23,Pennsylvania,42,1215374,27662
2021-06-23,Puerto Rico,72,173396,2543
2021-06-23,Rhode Island,44,152481,2726
2021-06-23,South Carolina,45,595901,9804
2021-06-23,South Dakota,46,124468,2029
2021-06-23,Tennessee,47,853636,12438
2021-06-23,Texas,48,2983351,52363
2021-06-23,Utah,49,412616,2336
2021-06-23,Vermont,50,24379,256
2021-06-23,Virgin Islands,78,3774,30
2021-06-23,Virginia,51,679137,11368
2021-06-23,Washington,53,450995,5930
2021-06-23,West Virginia,54,163689,2872
2021-06-23,Wisconsin,55,677256,8077
2021-06-23,Wyoming,56,61776,740
2021-06-24,Alabama,01,549394,11328
2021-06-24,Alaska,02,70443,357
2021-06-24,Arizona,04,891649,17875
2021-06-24,Arkansas,05,346952,5890
2021-06-24,California,06,3812993,63490
2021-06-24,Colorado,08,558665,6904
2021-06-24,Connecticut,09,348993,8274
2021-06-24,Delaware,10,109620,1693
2021-06-24,District of Columbia,11,49297,1141
2021-06-24,Florida,12,2320057,37705
2021-06-24,Georgia,13,1107923,20676
2021-06-24,Guam,66,9285,140
2021-06-24,Hawaii,15,36157,510
2021-06-24,Idaho,16,194685,2145
2021-06-24,Illinois,17,1394189,25630
2021-06-24,Indiana,18,755741,13819
2021-06-24,Iowa,19,373372,6124
2021-06-24,Kansas,20,318591,5175
2021-06-24,Kentucky,21,465024,7247
2021-06-24,Louisiana,22,479311,10717
2021-06-24,Maine,23,68889,856
2021-06-24,Maryland,24,462170,9729
2021-06-24,Massachusetts,25,709622,17986
2021-06-24,Michigan,26,997561,20931
2021-06-24,Minnesota,27,604972,7654
2021-06-24,Mississippi,28,320594,7391
2021-06-24,Missouri,29,629759,9872
2021-06-24,Montana,30,113578,1661
2021-06-24,Nebraska,31,224525,2519
2021-06-24,Nevada,32,330810,5664
2021-06-24,New Hampshire,33,99392,1369
2021-06-24,New Jersey,34,1022094,26417
2021-06-24,New Mexico,35,205215,4336
2021-06-24,New York,36,2111245,53052
2021-06-24,North Carolina,37,1012883,13426
2021-06-24,North Dakota,38,110658,1558
2021-06-24,Northern Mariana Islands,69,183,2
2021-06-24,Ohio,39,1110000,20213
2021-06-24,Oklahoma,40,456686,7384
2021-06-24,Oregon,41,207617,2791
2021-06-24,Pennsylvania,42,1215735,27675
2021-06-24,Puerto Rico,72,173417,2544
2021-06-24,Rhode Island,44,152501,2727
2021-06-24,South Carolina,45,596032,9805
2021-06-24,South Dakota,46,124478,2029
2021-06-24,Tennessee,47,853701,12442
2021-06-24,Texas,48,2985029,52396
2021-06-24,Utah,49,413078,2337
2021-06-24,Vermont,50,24385,256
2021-06-24,Virgin Islands,78,3774,30
2021-06-24,Virginia,51,679330,11378
2021-06-24,Washington,53,451560,5939
2021-06-24,West Virginia,54,163744,2876
2021-06-24,Wisconsin,55,677398,8092
2021-06-24,Wyoming,56,61847,740
2021-06-25,Alabama,01,549934,11336
2021-06-25,Alaska,02,70485,357
2021-06-25,Arizona,04,892236,17903
2021-06-25,Arkansas,05,347254,5893
2021-06-25,California,06,3814393,63543
2021-06-25,Colorado,08,559104,6915
2021-06-25,Connecticut,09,349120,8275
2021-06-25,Delaware,10,109636,1693
2021-06-25,District of Columbia,11,49305,1141
2021-06-25,Florida,12,2321929,37772
2021-06-25,Georgia,13,1108264,20678
2021-06-25,Guam,66,9297,140
2021-06-25,Hawaii,15,36198,511
2021-06-25,Idaho,16,194768,2147
2021-06-25,Illinois,17,1394454,25637
2021-06-25,Indiana,18,756046,13822
2021-06-25,Iowa,19,373450,6125
2021-06-25,Kansas,20,318833,5182
2021-06-25,Kentucky,21,465205,7252
2021-06-25,Louisiana,22,479521,10723
2021-06-25,Maine,23,68924,858
2021-06-25,Maryland,24,462234,9730
2021-06-25,Massachusetts,25,709682,17987
2021-06-25,Michigan,26,997692,20945
2021-06-25,Minnesota,27,605064,7665
2021-06-25,Mississippi,28,320837,7395
2021-06-25,Missouri,29,630850,9885
2021-06-25,Montana,30,113636,1662
2021-06-25,Nebraska,31,224552,2519
2021-06-25,Nevada,32,331614,5667
2021-06-25,New Hampshire,33,99403,1371
2021-06-25,New Jersey,34,1022443,26428
2021-06-25,New Mexico,35,205290,4337
2021-06-25,New York,36,2111588,53060
2021-06-25,North Carolina,37,1013279,13432
2021-06-25,North Dakota,38,110675,1558
2021-06-25,Northern Mariana Islands,69,183,2
2021-06-25,Ohio,39,1110292,20281
2021-06-25,Oklahoma,40,456910,7384
2021-06-25,Oregon,41,207884,2792
2021-06-25,Pennsylvania,42,1215889,27685
2021-06-25,Puerto Rico,72,173486,2545
2021-06-25,Rhode Island,44,152514,2728
2021-06-25,South Carolina,45,596144,9819
2021-06-25,South Dakota,46,124492,2030
2021-06-25,Tennessee,47,853779,12449
2021-06-25,Texas,48,2986713,52426
2021-06-25,Utah,49,413387,2351
2021-06-25,Vermont,50,24392,256
2021-06-25,Virgin Islands,78,3835,30
2021-06-25,Virginia,51,679472,11389
2021-06-25,Washington,53,451980,5949
2021-06-25,West Virginia,54,163804,2876
2021-06-25,Wisconsin,55,677464,8099
2021-06-25,Wyoming,56,61951,740
2021-06-26,Alabama,01,549934,11336
2021-06-26,Alaska,02,70485,357
2021-06-26,Arizona,04,892711,17914
2021-06-26,Arkansas,05,347254,5893
2021-06-26,California,06,3815178,63555
2021-06-26,Colorado,08,559640,6919
2021-06-26,Connecticut,09,349120,8275
2021-06-26,Delaware,10,109657,1694
2021-06-26,District of Columbia,11,49305,1141
2021-06-26,Florida,12,2321929,37772
2021-06-26,Georgia,13,1108649,20702
2021-06-26,Guam,66,9297,140
2021-06-26,Hawaii,15,36251,513
2021-06-26,Idaho,16,194768,2147
2021-06-26,Illinois,17,1394454,25637
2021-06-26,Indiana,18,756046,13822
2021-06-26,Iowa,19,373529,6131
2021-06-26,Kansas,20,318833,5182
2021-06-26,Kentucky,21,465205,7252
2021-06-26,Louisiana,22,479521,10723
2021-06-26,Maine,23,68963,858
2021-06-26,Maryland,24,462295,9734
2021-06-26,Massachusetts,25,709738,17989
2021-06-26,Michigan,26,997692,20945
2021-06-26,Minnesota,27,605133,7671
2021-06-26,Mississippi,28,320837,7395
2021-06-26,Missouri,29,631424,9888
2021-06-26,Montana,30,113636,1662
2021-06-26,Nebraska,31,224570,2519
2021-06-26,Nevada,32,331614,5667
2021-06-26,New Hampshire,33,99403,1371
2021-06-26,New Jersey,34,1022680,26434
2021-06-26,New Mexico,35,205290,4337
2021-06-26,New York,36,2111933,53066
2021-06-26,North Carolina,37,1013282,13432
2021-06-26,North Dakota,38,110688,1559
2021-06-26,Northern Mariana Islands,69,183,2
2021-06-26,Ohio,39,1110546,20281
2021-06-26,Oklahoma,40,456910,7384
2021-06-26,Oregon,41,208071,2794
2021-06-26,Pennsylvania,42,1216036,27691
2021-06-26,Puerto Rico,72,173524,2546
2021-06-26,Rhode Island,44,152514,2728
2021-06-26,South Carolina,45,596144,9819
2021-06-26,South Dakota,46,124492,2030
2021-06-26,Tennessee,47,853786,12449
2021-06-26,Texas,48,2988213,52449
2021-06-26,Utah,49,413739,2355
2021-06-26,Vermont,50,24392,256
2021-06-26,Virgin Islands,78,3835,30
2021-06-26,Virginia,51,679680,11392
2021-06-26,Washington,53,452327,5948
2021-06-26,West Virginia,54,163804,2876
2021-06-26,Wisconsin,55,677464,8099
2021-06-26,Wyoming,56,61951,740
2021-06-27,Alabama,01,549934,11336
2021-06-27,Alaska,02,70485,357
2021-06-27,Arizona,04,893147,17913
2021-06-27,Arkansas,05,347254,5893
2021-06-27,California,06,3816045,63586
2021-06-27,Colorado,08,559815,6925
2021-06-27,Connecticut,09,349120,8275
2021-06-27,Delaware,10,109682,1694
2021-06-27,District of Columbia,11,49305,1141
2021-06-27,Florida,12,2321929,37772
2021-06-27,Georgia,13,1108870,20702
2021-06-27,Guam,66,9297,140
2021-06-27,Hawaii,15,36297,513
2021-06-27,Idaho,16,194768,2147
2021-06-27,Illinois,17,1394454,25637
2021-06-27,Indiana,18,756046,13822
2021-06-27,Iowa,19,373583,6133
2021-06-27,Kansas,20,318833,5182
2021-06-27,Kentucky,21,465205,7252
2021-06-27,Louisiana,22,479521,10723
2021-06-27,Maine,23,68976,858
2021-06-27,Maryland,24,462361,9737
2021-06-27,Massachusetts,25,709769,17990
2021-06-27,Michigan,26,997692,20945
2021-06-27,Minnesota,27,605230,7675
2021-06-27,Mississippi,28,320837,7395
2021-06-27,Missouri,29,631847,9888
2021-06-27,Montana,30,113636,1662
2021-06-27,Nebraska,31,224570,2519
2021-06-27,Nevada,32,331614,5667
2021-06-27,New Hampshire,33,99403,1371
2021-06-27,New Jersey,34,1022830,26437
2021-06-27,New Mexico,35,205290,4337
2021-06-27,New York,36,2112307,53081
2021-06-27,North Carolina,37,1013290,13432
2021-06-27,North Dakota,38,110694,1559
2021-06-27,Northern Mariana Islands,69,183,2
2021-06-27,Ohio,39,1110700,20281
2021-06-27,Oklahoma,40,456910,7384
2021-06-27,Oregon,41,208192,2794
2021-06-27,Pennsylvania,42,1216140,27702
2021-06-27,Puerto Rico,72,173571,2546
2021-06-27,Rhode Island,44,152514,2728
2021-06-27,South Carolina,45,596144,9819
2021-06-27,South Dakota,46,124492,2030
2021-06-27,Tennessee,47,853786,12449
2021-06-27,Texas,48,2988389,52458
2021-06-27,Utah,49,414021,2363
2021-06-27,Vermont,50,24392,256
2021-06-27,Virgin Islands,78,3835,30
2021-06-27,Virginia,51,679828,11396
2021-06-27,Washington,53,452390,5948
2021-06-27,West Virginia,54,163804,2876
2021-06-27,Wisconsin,55,677464,8099
2021-06-27,Wyoming,56,61951,740
2021-06-28,Alabama,01,550451,11338
2021-06-28,Alaska,02,70581,357
2021-06-28,Arizona,04,893560,17913
2021-06-28,Arkansas,05,348220,5897
2021-06-28,California,06,3817655,63597
2021-06-28,Colorado,08,560151,6928
2021-06-28,Connecticut,09,349261,8276
2021-06-28,Delaware,10,109700,1694
2021-06-28,District of Columbia,11,49315,1141
2021-06-28,Florida,12,2321929,37772
2021-06-28,Georgia,13,1109016,20702
2021-06-28,Guam,66,9313,141
2021-06-28,Hawaii,15,36314,513
2021-06-28,Idaho,16,194901,2147
2021-06-28,Illinois,17,1395179,25665
2021-06-28,Indiana,18,756608,13836
2021-06-28,Iowa,19,373641,6133
2021-06-28,Kansas,20,319151,5183
2021-06-28,Kentucky,21,465460,7259
2021-06-28,Louisiana,22,480463,10728
2021-06-28,Maine,23,68989,858
2021-06-28,Maryland,24,462398,9739
2021-06-28,Massachusetts,25,709810,17992
2021-06-28,Michigan,26,998068,20951
2021-06-28,Minnesota,27,605311,7680
2021-06-28,Mississippi,28,321138,7401
2021-06-28,Missouri,29,632636,9889
2021-06-28,Montana,30,113684,1662
2021-06-28,Nebraska,31,224650,2519
2021-06-28,Nevada,32,332529,5670
2021-06-28,New Hampshire,33,99455,1371
2021-06-28,New Jersey,34,1022977,26438
2021-06-28,New Mexico,35,205438,4338
2021-06-28,New York,36,2112628,53089
2021-06-28,North Carolina,37,1014140,13439
2021-06-28,North Dakota,38,110697,1559
2021-06-28,Northern Mariana Islands,69,183,2
2021-06-28,Ohio,39,1110847,20281
2021-06-28,Oklahoma,40,457490,7384
2021-06-28,Oregon,41,208310,2796
2021-06-28,Pennsylvania,42,1216293,27705
2021-06-28,Puerto Rico,72,173624,2547
2021-06-28,Rhode Island,44,152567,2728
2021-06-28,South Carolina,45,596616,9814
2021-06-28,South Dakota,46,124512,2030
2021-06-28,Tennessee,47,854011,12456
2021-06-28,Texas,48,2989253,52464
2021-06-28,Utah,49,414275,2365
2021-06-28,Vermont,50,24402,256
2021-06-28,Virgin Islands,78,3839,30
2021-06-28,Virginia,51,679917,11402
2021-06-28,Washington,53,452960,5956
2021-06-28,West Virginia,54,163967,2878
2021-06-28,Wisconsin,55,677608,8109
2021-06-28,Wyoming,56,62099,740
2021-06-29,Alabama,01,550451,11338
2021-06-29,Alaska,02,70581,357
2021-06-29,Arizona,04,894106,17930
2021-06-29,Arkansas,05,348699,5905
2021-06-29,California,06,3818311,63610
2021-06-29,Colorado,08,560407,6940
2021-06-29,Connecticut,09,349301,8276
2021-06-29,Delaware,10,109712,1694
2021-06-29,District of Columbia,11,49347,1141
2021-06-29,Florida,12,2327165,37836
2021-06-29,Georgia,13,1109016,20702
2021-06-29,Guam,66,9317,141
2021-06-29,Hawaii,15,36344,513
2021-06-29,Idaho,16,194977,2151
2021-06-29,Illinois,17,1395442,25667
2021-06-29,Indiana,18,756877,13844
2021-06-29,Iowa,19,373735,6134
2021-06-29,Kansas,20,319160,5182
2021-06-29,Kentucky,21,465686,7264
2021-06-29,Louisiana,22,480876,10732
2021-06-29,Maine,23,69021,858
2021-06-29,Maryland,24,462434,9740
2021-06-29,Massachusetts,25,709873,17993
2021-06-29,Michigan,26,998305,20982
2021-06-29,Minnesota,27,605390,7680
2021-06-29,Mississippi,28,321408,7412
2021-06-29,Missouri,29,633681,9928
2021-06-29,Montana,30,113797,1665
2021-06-29,Nebraska,31,224725,2520
2021-06-29,Nevada,32,333154,5678
2021-06-29,New Hampshire,33,99481,1371
2021-06-29,New Jersey,34,1023200,26444
2021-06-29,New Mexico,35,205484,4340
2021-06-29,New York,36,2112872,53093
2021-06-29,North Carolina,37,1014376,13443
2021-06-29,North Dakota,38,110711,1559
2021-06-29,Northern Mariana Islands,69,183,2
2021-06-29,Ohio,39,1111124,20309
2021-06-29,Oklahoma,40,457575,7384
2021-06-29,Oregon,41,208504,2799
2021-06-29,Pennsylvania,42,1216430,27717
2021-06-29,Puerto Rico,72,173636,2547
2021-06-29,Rhode Island,44,152589,2728
2021-06-29,South Carolina,45,596712,9817
2021-06-29,South Dakota,46,124521,2033
2021-06-29,Tennessee,47,854043,12463
2021-06-29,Texas,48,2990978,52494
2021-06-29,Utah,49,414636,2368
2021-06-29,Vermont,50,24406,256
2021-06-29,Virgin Islands,78,3858,30
2021-06-29,Virginia,51,680065,11412
2021-06-29,Washington,53,453307,5963
2021-06-29,West Virginia,54,163992,2879
2021-06-29,Wisconsin,55,677743,8126
2021-06-29,Wyoming,56,62195,747
2021-06-30,Alabama,01,550983,11352
2021-06-30,Alaska,02,70669,360
2021-06-30,Arizona,04,894875,17936
2021-06-30,Arkansas,05,349385,5909
2021-06-30,California,06,3816704,63662
2021-06-30,Colorado,08,560927,6947
2021-06-30,Connecticut,09,349352,8278
2021-06-30,Delaware,10,109744,1694
2021-06-30,District of Columbia,11,49335,1141
2021-06-30,Florida,12,2329484,37877
2021-06-30,Georgia,13,1110094,20729
2021-06-30,Guam,66,9326,141
2021-06-30,Hawaii,15,36391,514
2021-06-30,Idaho,16,195074,2154
2021-06-30,Illinois,17,1395863,25674
2021-06-30,Indiana,18,757279,13850
2021-06-30,Iowa,19,373861,6138
2021-06-30,Kansas,20,319584,5188
2021-06-30,Kentucky,21,465942,7267
2021-06-30,Louisiana,22,481467,10738
2021-06-30,Maine,23,69033,858
2021-06-30,Maryland,24,462496,9741
2021-06-30,Massachusetts,25,709966,17994
2021-06-30,Michigan,26,998606,20984
2021-06-30,Minnesota,27,605458,7687
2021-06-30,Mississippi,28,321764,7412
2021-06-30,Missouri,29,634861,9933
2021-06-30,Montana,30,113862,1665
2021-06-30,Nebraska,31,224753,2520
2021-06-30,Nevada,32,333712,5681
2021-06-30,New Hampshire,33,99504,1372
2021-06-30,New Jersey,34,1023395,26452
2021-06-30,New Mexico,35,205542,4342
2021-06-30,New York,36,2113147,53095
2021-06-30,North Carolina,37,1014682,13450
2021-06-30,North Dakota,38,110738,1559
2021-06-30,Northern Mariana Islands,69,183,2
2021-06-30,Ohio,39,1111324,20309
2021-06-30,Oklahoma,40,457851,7388
2021-06-30,Oregon,41,208680,2803
2021-06-30,Pennsylvania,42,1216579,27725
2021-06-30,Puerto Rico,72,173641,2549
2021-06-30,Rhode Island,44,152613,2730
2021-06-30,South Carolina,45,596840,9819
2021-06-30,South Dakota,46,124536,2035
2021-06-30,Tennessee,47,854211,12466
2021-06-30,Texas,48,2993964,52518
2021-06-30,Utah,49,415210,2371
2021-06-30,Vermont,50,24410,256
2021-06-30,Virgin Islands,78,3858,30
2021-06-30,Virginia,51,680340,11415
2021-06-30,Washington,53,453630,5984
2021-06-30,West Virginia,54,164041,2891
2021-06-30,Wisconsin,55,677833,8128
2021-06-30,Wyoming,56,62290,747
2021-07-01,Alabama,01,550983,11352
2021-07-01,Alaska,02,70669,360
2021-07-01,Arizona,04,895347,17939
2021-07-01,Arkansas,05,350085,5909
2021-07-01,California,06,3818156,63709
2021-07-01,Colorado,08,561460,6952
2021-07-01,Connecticut,09,349387,8279
2021-07-01,Delaware,10,109770,1694
2021-07-01,District of Columbia,11,49362,1141
2021-07-01,Florida,12,2331916,37913
2021-07-01,Georgia,13,1110606,20734
2021-07-01,Guam,66,9335,141
2021-07-01,Hawaii,15,36435,515
2021-07-01,Idaho,16,195166,2156
2021-07-01,Illinois,17,1396270,25687
2021-07-01,Indiana,18,757671,13855
2021-07-01,Iowa,19,373960,6140
2021-07-01,Kansas,20,319626,5189
2021-07-01,Kentucky,21,466106,7269
2021-07-01,Louisiana,22,482035,10748
2021-07-01,Maine,23,69054,859
2021-07-01,Maryland,24,462571,9744
2021-07-01,Massachusetts,25,710049,17997
2021-07-01,Michigan,26,998847,20998
2021-07-01,Minnesota,27,605541,7692
2021-07-01,Mississippi,28,321944,7415
2021-07-01,Missouri,29,636244,9938
2021-07-01,Montana,30,113928,1666
2021-07-01,Nebraska,31,224802,2520
2021-07-01,Nevada,32,334255,5692
2021-07-01,New Hampshire,33,99527,1372
2021-07-01,New Jersey,34,1023613,26463
2021-07-01,New Mexico,35,205629,4345
2021-07-01,New York,36,2113544,53107
2021-07-01,North Carolina,37,1014967,13447
2021-07-01,North Dakota,38,110749,1559
2021-07-01,Northern Mariana Islands,69,183,2
2021-07-01,Ohio,39,1111903,20309
2021-07-01,Oklahoma,40,458150,7388
2021-07-01,Oregon,41,208900,2808
2021-07-01,Pennsylvania,42,1216965,27684
2021-07-01,Puerto Rico,72,173673,2549
2021-07-01,Rhode Island,44,152618,2730
2021-07-01,South Carolina,45,597021,9826
2021-07-01,South Dakota,46,124561,2038
2021-07-01,Tennessee,47,854430,12472
2021-07-01,Texas,48,2995274,52554
2021-07-01,Utah,49,415750,2375
2021-07-01,Vermont,50,24412,257
2021-07-01,Virgin Islands,78,3895,30
2021-07-01,Virginia,51,680564,11419
2021-07-01,Washington,53,454087,5992
2021-07-01,West Virginia,54,164097,2897
2021-07-01,Wisconsin,55,677952,8134
2021-07-01,Wyoming,56,62353,747
2021-07-02,Alabama,01,551298,11358
2021-07-02,Alaska,02,70774,360
2021-07-02,Arizona,04,895873,17961
2021-07-02,Arkansas,05,350579,5913
2021-07-02,California,06,3820182,63257
2021-07-02,Colorado,08,561922,6956
2021-07-02,Connecticut,09,349476,8279
2021-07-02,Delaware,10,109820,1695
2021-07-02,District of Columbia,11,49378,1141
2021-07-02,Florida,12,2337613,37985
2021-07-02,Georgia,13,1111032,20748
2021-07-02,Guam,66,9342,141
2021-07-02,Hawaii,15,36508,515
2021-07-02,Idaho,16,195249,2160
2021-07-02,Illinois,17,1396606,25696
2021-07-02,Indiana,18,758078,13863
2021-07-02,Iowa,19,374054,6142
2021-07-02,Kansas,20,319991,5192
2021-07-02,Kentucky,21,466278,7280
2021-07-02,Louisiana,22,482560,10757
2021-07-02,Maine,23,69069,860
2021-07-02,Maryland,24,462656,9746
2021-07-02,Massachusetts,25,710138,17998
2021-07-02,Michigan,26,998973,20995
2021-07-02,Minnesota,27,605642,7698
2021-07-02,Mississippi,28,322186,7419
2021-07-02,Missouri,29,637513,9953
2021-07-02,Montana,30,113981,1666
2021-07-02,Nebraska,31,224848,2520
2021-07-02,Nevada,32,334763,5697
2021-07-02,New Hampshire,33,99555,1372
2021-07-02,New Jersey,34,1023923,26468
2021-07-02,New Mexico,35,205715,4346
2021-07-02,New York,36,2114018,53109
2021-07-02,North Carolina,37,1015363,13447
2021-07-02,North Dakota,38,110760,1559
2021-07-02,Northern Mariana Islands,69,183,2
2021-07-02,Ohio,39,1112088,20344
2021-07-02,Oklahoma,40,458483,7388
2021-07-02,Oregon,41,209082,2811
2021-07-02,Pennsylvania,42,1217115,27692
2021-07-02,Puerto Rico,72,173721,2550
2021-07-02,Rhode Island,44,152643,2730
2021-07-02,South Carolina,45,597261,9830
2021-07-02,South Dakota,46,124582,2038
2021-07-02,Tennessee,47,854656,12483
2021-07-02,Texas,48,2997152,52597
2021-07-02,Utah,49,416181,2378
2021-07-02,Vermont,50,24419,258
2021-07-02,Virgin Islands,78,3895,30
2021-07-02,Virginia,51,680744,11423
2021-07-02,Washington,53,454484,5994
2021-07-02,West Virginia,54,164149,2899
2021-07-02,Wisconsin,55,678067,8135
2021-07-02,Wyoming,56,62445,747
2021-07-03,Alabama,01,551298,11358
2021-07-03,Alaska,02,70774,360
2021-07-03,Arizona,04,896518,17975
2021-07-03,Arkansas,05,350579,5913
2021-07-03,California,06,3820882,63256
2021-07-03,Colorado,08,562315,6967
2021-07-03,Connecticut,09,349476,8279
2021-07-03,Delaware,10,109846,1695
2021-07-03,District of Columbia,11,49378,1141
2021-07-03,Florida,12,2337613,37985
2021-07-03,Georgia,13,1111032,20748
2021-07-03,Guam,66,9342,141
2021-07-03,Hawaii,15,36552,515
2021-07-03,Idaho,16,195249,2160
2021-07-03,Illinois,17,1396606,25696
2021-07-03,Indiana,18,758078,13863
2021-07-03,Iowa,19,374120,6146
2021-07-03,Kansas,20,319991,5192
2021-07-03,Kentucky,21,466278,7280
2021-07-03,Louisiana,22,482560,10757
2021-07-03,Maine,23,69099,860
2021-07-03,Maryland,24,462752,9749
2021-07-03,Massachusetts,25,710138,17998
2021-07-03,Michigan,26,998973,20995
2021-07-03,Minnesota,27,605753,7703
2021-07-03,Mississippi,28,322186,7419
2021-07-03,Missouri,29,637733,9962
2021-07-03,Montana,30,113981,1666
2021-07-03,Nebraska,31,224848,2520
2021-07-03,Nevada,32,334763,5697
2021-07-03,New Hampshire,33,99555,1372
2021-07-03,New Jersey,34,1024113,26473
2021-07-03,New Mexico,35,205715,4346
2021-07-03,New York,36,2114297,53109
2021-07-03,North Carolina,37,1015417,13447
2021-07-03,North Dakota,38,110765,1559
2021-07-03,Northern Mariana Islands,69,183,2
2021-07-03,Ohio,39,1112289,20344
2021-07-03,Oklahoma,40,458483,7388
2021-07-03,Oregon,41,209082,2811
2021-07-03,Pennsylvania,42,1217282,27702
2021-07-03,Puerto Rico,72,173790,2552
2021-07-03,Rhode Island,44,152643,2730
2021-07-03,South Carolina,45,597261,9830
2021-07-03,South Dakota,46,124582,2038
2021-07-03,Tennessee,47,854661,12483
2021-07-03,Texas,48,2998381,52621
2021-07-03,Utah,49,416181,2378
2021-07-03,Vermont,50,24419,258
2021-07-03,Virgin Islands,78,3895,30
2021-07-03,Virginia,51,680904,11423
2021-07-03,Washington,53,454484,5994
2021-07-03,West Virginia,54,164149,2899
2021-07-03,Wisconsin,55,678067,8135
2021-07-03,Wyoming,56,62445,747
2021-07-04,Alabama,01,551298,11358
2021-07-04,Alaska,02,70774,360
2021-07-04,Arizona,04,896960,17979
2021-07-04,Arkansas,05,350579,5913
2021-07-04,California,06,3821453,63256
2021-07-04,Colorado,08,562618,6971
2021-07-04,Connecticut,09,349476,8279
2021-07-04,Delaware,10,109875,1695
2021-07-04,District of Columbia,11,49378,1141
2021-07-04,Florida,12,2337613,37985
2021-07-04,Georgia,13,1111032,20748
2021-07-04,Guam,66,9342,141
2021-07-04,Hawaii,15,36604,515
2021-07-04,Idaho,16,195249,2160
2021-07-04,Illinois,17,1396606,25696
2021-07-04,Indiana,18,758078,13863
2021-07-04,Iowa,19,374180,6146
2021-07-04,Kansas,20,319991,5192
2021-07-04,Kentucky,21,466278,7280
2021-07-04,Louisiana,22,482560,10757
2021-07-04,Maine,23,69118,860
2021-07-04,Maryland,24,462813,9749
2021-07-04,Massachusetts,25,710138,17998
2021-07-04,Michigan,26,998973,20995
2021-07-04,Minnesota,27,605753,7703
2021-07-04,Mississippi,28,322186,7419
2021-07-04,Missouri,29,638701,9963
2021-07-04,Montana,30,113981,1666
2021-07-04,Nebraska,31,224854,2520
2021-07-04,Nevada,32,334763,5697
2021-07-04,New Hampshire,33,99555,1372
2021-07-04,New Jersey,34,1024225,26473
2021-07-04,New Mexico,35,205715,4346
2021-07-04,New York,36,2114609,53118
2021-07-04,North Carolina,37,1015417,13447
2021-07-04,North Dakota,38,110767,1559
2021-07-04,Northern Mariana Islands,69,183,2
2021-07-04,Ohio,39,1112289,20344
2021-07-04,Oklahoma,40,458483,7388
2021-07-04,Oregon,41,209082,2811
2021-07-04,Pennsylvania,42,1217393,27704
2021-07-04,Puerto Rico,72,173846,2552
2021-07-04,Rhode Island,44,152643,2730
2021-07-04,South Carolina,45,597261,9830
2021-07-04,South Dakota,46,124582,2038
2021-07-04,Tennessee,47,854661,12483
2021-07-04,Texas,48,2998600,52634
2021-07-04,Utah,49,416181,2378
2021-07-04,Vermont,50,24419,258
2021-07-04,Virgin Islands,78,3895,30
2021-07-04,Virginia,51,681072,11427
2021-07-04,Washington,53,454484,5994
2021-07-04,West Virginia,54,164149,2899
2021-07-04,Wisconsin,55,678067,8135
2021-07-04,Wyoming,56,62445,747
2021-07-05,Alabama,01,551298,11358
2021-07-05,Alaska,02,70774,360
2021-07-05,Arizona,04,897010,17979
2021-07-05,Arkansas,05,351825,5920
2021-07-05,California,06,3822073,63256
2021-07-05,Colorado,08,562788,6971
2021-07-05,Connecticut,09,349476,8279
2021-07-05,Delaware,10,109891,1695
2021-07-05,District of Columbia,11,49378,1141
2021-07-05,Florida,12,2337613,37985
2021-07-05,Georgia,13,1111032,20748
2021-07-05,Guam,66,9342,141
2021-07-05,Hawaii,15,36646,515
2021-07-05,Idaho,16,195249,2160
2021-07-05,Illinois,17,1396606,25696
2021-07-05,Indiana,18,758078,13863
2021-07-05,Iowa,19,374207,6146
2021-07-05,Kansas,20,319991,5192
2021-07-05,Kentucky,21,466278,7280
2021-07-05,Louisiana,22,482560,10757
2021-07-05,Maine,23,69118,860
2021-07-05,Maryland,24,462851,9751
2021-07-05,Massachusetts,25,710138,17998
2021-07-05,Michigan,26,998975,20995
2021-07-05,Minnesota,27,605753,7703
2021-07-05,Mississippi,28,322186,7419
2021-07-05,Missouri,29,639340,9963
2021-07-05,Montana,30,113981,1666
2021-07-05,Nebraska,31,224854,2520
2021-07-05,Nevada,32,334763,5697
2021-07-05,New Hampshire,33,99555,1372
2021-07-05,New Jersey,34,1024311,26477
2021-07-05,New Mexico,35,205715,4346
2021-07-05,New York,36,2114985,53122
2021-07-05,North Carolina,37,1015417,13447
2021-07-05,North Dakota,38,110776,1559
2021-07-05,Northern Mariana Islands,69,183,2
2021-07-05,Ohio,39,1112499,20344
2021-07-05,Oklahoma,40,458483,7388
2021-07-05,Oregon,41,209082,2811
2021-07-05,Pennsylvania,42,1217492,27704
2021-07-05,Puerto Rico,72,173916,2552
2021-07-05,Rhode Island,44,152643,2730
2021-07-05,South Carolina,45,597961,9841
2021-07-05,South Dakota,46,124582,2038
2021-07-05,Tennessee,47,854661,12483
2021-07-05,Texas,48,2999137,52634
2021-07-05,Utah,49,416181,2378
2021-07-05,Vermont,50,24419,258
2021-07-05,Virgin Islands,78,3895,30
2021-07-05,Virginia,51,681194,11431
2021-07-05,Washington,53,454484,5994
2021-07-05,West Virginia,54,164149,2899
2021-07-05,Wisconsin,55,678215,8144
2021-07-05,Wyoming,56,62445,747
2021-07-06,Alabama,01,551298,11358
2021-07-06,Alaska,02,70774,360
2021-07-06,Arizona,04,897910,18000
2021-07-06,Arkansas,05,352095,5926
2021-07-06,California,06,3824416,63317
2021-07-06,Colorado,08,563067,6971
2021-07-06,Connecticut,09,349651,8279
2021-07-06,Delaware,10,109900,1695
2021-07-06,District of Columbia,11,49417,1141
2021-07-06,Florida,12,2337613,37985
2021-07-06,Georgia,13,1112339,20761
2021-07-06,Guam,66,9363,141
2021-07-06,Hawaii,15,36680,515
2021-07-06,Idaho,16,195506,2161
2021-07-06,Illinois,17,1397725,25727
2021-07-06,Indiana,18,759056,13884
2021-07-06,Iowa,19,374285,6148
2021-07-06,Kansas,20,320070,5190
2021-07-06,Kentucky,21,466718,7292
2021-07-06,Louisiana,22,484577,10763
2021-07-06,Maine,23,69118,860
2021-07-06,Maryland,24,462898,9754
2021-07-06,Massachusetts,25,710428,18005
2021-07-06,Michigan,26,999498,21017
2021-07-06,Minnesota,27,605896,7708
2021-07-06,Mississippi,28,322835,7425
2021-07-06,Missouri,29,640601,9964
2021-07-06,Montana,30,114059,1668
2021-07-06,Nebraska,31,224973,2521
2021-07-06,Nevada,32,336109,5702
2021-07-06,New Hampshire,33,99626,1373
2021-07-06,New Jersey,34,1024465,26477
2021-07-06,New Mexico,35,205915,4348
2021-07-06,New York,36,2115292,53127
2021-07-06,North Carolina,37,1016742,13468
2021-07-06,North Dakota,38,110782,1559
2021-07-06,Northern Mariana Islands,69,183,2
2021-07-06,Ohio,39,1112689,20344
2021-07-06,Oklahoma,40,459524,7388
2021-07-06,Oregon,41,209561,2812
2021-07-06,Pennsylvania,42,1217567,27705
2021-07-06,Puerto Rico,72,174021,2552
2021-07-06,Rhode Island,44,152698,2730
2021-07-06,South Carolina,45,598093,9841
2021-07-06,South Dakota,46,124582,2038
2021-07-06,Tennessee,47,855377,12489
2021-07-06,Texas,48,3000308,52656
2021-07-06,Utah,49,417330,2385
2021-07-06,Vermont,50,24433,258
2021-07-06,Virgin Islands,78,3942,30
2021-07-06,Virginia,51,681326,11434
2021-07-06,Washington,53,455630,6011
2021-07-06,West Virginia,54,164279,2901
2021-07-06,Wisconsin,55,678260,8144
2021-07-06,Wyoming,56,62642,751
2021-07-07,Alabama,01,552911,11387
2021-07-07,Alaska,02,70986,360
2021-07-07,Arizona,04,898283,18004
2021-07-07,Arkansas,05,353095,5933
2021-07-07,California,06,3827935,63351
2021-07-07,Colorado,08,563555,6976
2021-07-07,Connecticut,09,349743,8278
2021-07-07,Delaware,10,109900,1695
2021-07-07,District of Columbia,11,49423,1141
2021-07-07,Florida,12,2346819,37985
2021-07-07,Georgia,13,1112987,20771
2021-07-07,Guam,66,9377,141
2021-07-07,Hawaii,15,36714,515
2021-07-07,Idaho,16,195630,2164
2021-07-07,Illinois,17,1398366,25733
2021-07-07,Indiana,18,759428,13892
2021-07-07,Iowa,19,374381,6149
2021-07-07,Kansas,20,321000,5196
2021-07-07,Kentucky,21,467047,7296
2021-07-07,Louisiana,22,485803,10765
2021-07-07,Maine,23,69156,861
2021-07-07,Maryland,24,462953,9755
2021-07-07,Massachusetts,25,710519,18008
2021-07-07,Michigan,26,999502,21017
2021-07-07,Minnesota,27,606127,7708
2021-07-07,Mississippi,28,323214,7436
2021-07-07,Missouri,29,642189,9993
2021-07-07,Montana,30,114211,1671
2021-07-07,Nebraska,31,225043,2521
2021-07-07,Nevada,32,336562,5705
2021-07-07,New Hampshire,33,99652,1374
2021-07-07,New Jersey,34,1024748,26490
2021-07-07,New Mexico,35,205996,4349
2021-07-07,New York,36,2115633,53134
2021-07-07,North Carolina,37,1017312,13473
2021-07-07,North Dakota,38,110810,1559
2021-07-07,Northern Mariana Islands,69,183,2
2021-07-07,Ohio,39,1113006,20366
2021-07-07,Oklahoma,40,459675,7406
2021-07-07,Oregon,41,209800,2818
2021-07-07,Pennsylvania,42,1217707,27715
2021-07-07,Puerto Rico,72,174027,2552
2021-07-07,Rhode Island,44,152738,2730
2021-07-07,South Carolina,45,598229,9843
2021-07-07,South Dakota,46,124641,2039
2021-07-07,Tennessee,47,855807,12495
2021-07-07,Texas,48,3004368,52681
2021-07-07,Utah,49,417724,2387
2021-07-07,Vermont,50,24440,258
2021-07-07,Virgin Islands,78,3970,32
2021-07-07,Virginia,51,681599,11436
2021-07-07,Washington,53,456116,6027
2021-07-07,West Virginia,54,164346,2901
2021-07-07,Wisconsin,55,678436,8154
2021-07-07,Wyoming,56,62737,751
2021-07-08,Alabama,01,552911,11387
2021-07-08,Alaska,02,70986,360
2021-07-08,Arizona,04,898908,18003
2021-07-08,Arkansas,05,354305,5944
2021-07-08,California,06,3829878,63409
2021-07-08,Colorado,08,564000,6979
2021-07-08,Connecticut,09,349798,8279
2021-07-08,Delaware,10,109931,1695
2021-07-08,District of Columbia,11,49434,1143
2021-07-08,Florida,12,2350730,38097
2021-07-08,Georgia,13,1113911,20774
2021-07-08,Guam,66,9392,141
2021-07-08,Hawaii,15,36777,516
2021-07-08,Idaho,16,195775,2165
2021-07-08,Illinois,17,1398935,25748
2021-07-08,Indiana,18,759985,13909
2021-07-08,Iowa,19,374381,6149
2021-07-08,Kansas,20,321011,5196
2021-07-08,Kentucky,21,467339,7299
2021-07-08,Louisiana,22,486589,10771
2021-07-08,Maine,23,69192,861
2021-07-08,Maryland,24,463052,9758
2021-07-08,Massachusetts,25,710629,18011
2021-07-08,Michigan,26,999526,21017
2021-07-08,Minnesota,27,606251,7710
2021-07-08,Mississippi,28,323641,7437
2021-07-08,Missouri,29,643786,10000
2021-07-08,Montana,30,114298,1672
2021-07-08,Nebraska,31,225108,2523
2021-07-08,Nevada,32,337259,5707
2021-07-08,New Hampshire,33,99685,1374
2021-07-08,New Jersey,34,1025079,26493
2021-07-08,New Mexico,35,206128,4355
2021-07-08,New York,36,2116270,53138
2021-07-08,North Carolina,37,1017954,13488
2021-07-08,North Dakota,38,110839,1561
2021-07-08,Northern Mariana Islands,69,183,2
2021-07-08,Ohio,39,1113383,20366
2021-07-08,Oklahoma,40,460131,7406
2021-07-08,Oregon,41,210042,2819
2021-07-08,Pennsylvania,42,1218097,27726
2021-07-08,Puerto Rico,72,174049,2553
2021-07-08,Rhode Island,44,152748,2730
2021-07-08,South Carolina,45,598511,9844
2021-07-08,South Dakota,46,124641,2039
2021-07-08,Tennessee,47,856204,12504
2021-07-08,Texas,48,3006725,52715
2021-07-08,Utah,49,418392,2389
2021-07-08,Vermont,50,24445,258
2021-07-08,Virgin Islands,78,3970,32
2021-07-08,Virginia,51,681890,11441
2021-07-08,Washington,53,456643,6040
2021-07-08,West Virginia,54,164399,2904
2021-07-08,Wisconsin,55,678671,8158
2021-07-08,Wyoming,56,62865,751
2021-07-09,Alabama,01,554071,11398
2021-07-09,Alaska,02,71118,362
2021-07-09,Arizona,04,899829,18009
2021-07-09,Arkansas,05,355460,5948
2021-07-09,California,06,3832085,63478
2021-07-09,Colorado,08,564891,6984
2021-07-09,Connecticut,09,349969,8279
2021-07-09,Delaware,10,109986,1695
2021-07-09,District of Columbia,11,49455,1143
2021-07-09,Florida,12,2361360,38157
2021-07-09,Georgia,13,1114789,20791
2021-07-09,Guam,66,9400,142
2021-07-09,Hawaii,15,36834,516
2021-07-09,Idaho,16,195910,2167
2021-07-09,Illinois,17,1399525,25755
2021-07-09,Indiana,18,760422,13914
2021-07-09,Iowa,19,374381,6149
2021-07-09,Kansas,20,321812,5208
2021-07-09,Kentucky,21,467690,7301
2021-07-09,Louisiana,22,487558,10781
2021-07-09,Maine,23,69201,862
2021-07-09,Maryland,24,463197,9761
2021-07-09,Massachusetts,25,710830,18011
2021-07-09,Michigan,26,1000327,21045
2021-07-09,Minnesota,27,606390,7715
2021-07-09,Mississippi,28,324057,7439
2021-07-09,Missouri,29,646318,10009
2021-07-09,Montana,30,114348,1673
2021-07-09,Nebraska,31,225181,2524
2021-07-09,Nevada,32,338072,5720
2021-07-09,New Hampshire,33,99708,1375
2021-07-09,New Jersey,34,1025477,26496
2021-07-09,New Mexico,35,206252,4356
2021-07-09,New York,36,2117024,53142
2021-07-09,North Carolina,37,1018499,13496
2021-07-09,North Dakota,38,110852,1563
2021-07-09,Northern Mariana Islands,69,183,2
2021-07-09,Ohio,39,1113737,20380
2021-07-09,Oklahoma,40,460682,7406
2021-07-09,Oregon,41,210287,2822
2021-07-09,Pennsylvania,42,1218291,27734
2021-07-09,Puerto Rico,72,174126,2553
2021-07-09,Rhode Island,44,152729,2730
2021-07-09,South Carolina,45,598918,9846
2021-07-09,South Dakota,46,124641,2039
2021-07-09,Tennessee,47,856843,12508
2021-07-09,Texas,48,3009125,52751
2021-07-09,Utah,49,419047,2393
2021-07-09,Vermont,50,24457,258
2021-07-09,Virgin Islands,78,4005,32
2021-07-09,Virginia,51,682147,11448
2021-07-09,Washington,53,457092,6050
2021-07-09,West Virginia,54,164465,2908
2021-07-09,Wisconsin,55,678815,8182
2021-07-09,Wyoming,56,62966,751
2021-07-10,Alabama,01,554605,11402
2021-07-10,Alaska,02,71118,362
2021-07-10,Arizona,04,900636,18029
2021-07-10,Arkansas,05,355460,5948
2021-07-10,California,06,3833655,63482
2021-07-10,Colorado,08,565497,6994
2021-07-10,Connecticut,09,349969,8279
2021-07-10,Delaware,10,110019,1695
2021-07-10,District of Columbia,11,49455,1143
2021-07-10,Florida,12,2361360,38157
2021-07-10,Georgia,13,1114789,20791
2021-07-10,Guam,66,9400,142
2021-07-10,Hawaii,15,36934,518
2021-07-10,Idaho,16,195910,2167
2021-07-10,Illinois,17,1399525,25755
2021-07-10,Indiana,18,760422,13914
2021-07-10,Iowa,19,374381,6149
2021-07-10,Kansas,20,321812,5208
2021-07-10,Kentucky,21,467690,7301
2021-07-10,Louisiana,22,487558,10781
2021-07-10,Maine,23,69219,862
2021-07-10,Maryland,24,463324,9762
2021-07-10,Massachusetts,25,710830,18011
2021-07-10,Michigan,26,1000336,21045
2021-07-10,Minnesota,27,606390,7715
2021-07-10,Mississippi,28,324057,7439
2021-07-10,Missouri,29,647448,10016
2021-07-10,Montana,30,114348,1673
2021-07-10,Nebraska,31,225191,2524
2021-07-10,Nevada,32,338072,5720
2021-07-10,New Hampshire,33,99708,1375
2021-07-10,New Jersey,34,1025788,26501
2021-07-10,New Mexico,35,206252,4356
2021-07-10,New York,36,2117754,53149
2021-07-10,North Carolina,37,1018556,13496
2021-07-10,North Dakota,38,110879,1563
2021-07-10,Northern Mariana Islands,69,183,2
2021-07-10,Ohio,39,1114036,20380
2021-07-10,Oklahoma,40,460682,7406
2021-07-10,Oregon,41,210287,2822
2021-07-10,Pennsylvania,42,1218500,27742
2021-07-10,Puerto Rico,72,174237,2554
2021-07-10,Rhode Island,44,152729,2730
2021-07-10,South Carolina,45,598918,9846
2021-07-10,South Dakota,46,124641,2039
2021-07-10,Tennessee,47,856874,12508
2021-07-10,Texas,48,3010721,52768
2021-07-10,Utah,49,419047,2393
2021-07-10,Vermont,50,24457,258
2021-07-10,Virgin Islands,78,4005,32
2021-07-10,Virginia,51,682433,11450
2021-07-10,Washington,53,457092,6050
2021-07-10,West Virginia,54,164465,2908
2021-07-10,Wisconsin,55,678815,8182
2021-07-10,Wyoming,56,62966,751
2021-07-11,Alabama,01,554605,11402
2021-07-11,Alaska,02,71118,362
2021-07-11,Arizona,04,901439,18033
2021-07-11,Arkansas,05,355460,5948
2021-07-11,California,06,3835509,63485
2021-07-11,Colorado,08,565835,7003
2021-07-11,Connecticut,09,349969,8279
2021-07-11,Delaware,10,110074,1695
2021-07-11,District of Columbia,11,49455,1143
2021-07-11,Florida,12,2361360,38157
2021-07-11,Georgia,13,1114789,20791
2021-07-11,Guam,66,9400,142
2021-07-11,Hawaii,15,37025,518
2021-07-11,Idaho,16,195910,2167
2021-07-11,Illinois,17,1399525,25755
2021-07-11,Indiana,18,760422,13914
2021-07-11,Iowa,19,374381,6149
2021-07-11,Kansas,20,321812,5208
2021-07-11,Kentucky,21,467690,7301
2021-07-11,Louisiana,22,487558,10781
2021-07-11,Maine,23,69219,862
2021-07-11,Maryland,24,463403,9762
2021-07-11,Massachusetts,25,710830,18011
2021-07-11,Michigan,26,1000337,21045
2021-07-11,Minnesota,27,606390,7715
2021-07-11,Mississippi,28,324057,7439
2021-07-11,Missouri,29,648262,10016
2021-07-11,Montana,30,114348,1673
2021-07-11,Nebraska,31,225200,2524
2021-07-11,Nevada,32,338072,5720
2021-07-11,New Hampshire,33,99708,1375
2021-07-11,New Jersey,34,1026071,26505
2021-07-11,New Mexico,35,206252,4356
2021-07-11,New York,36,2118565,53151
2021-07-11,North Carolina,37,1018556,13496
2021-07-11,North Dakota,38,110888,1563
2021-07-11,Northern Mariana Islands,69,183,2
2021-07-11,Ohio,39,1114267,20380
2021-07-11,Oklahoma,40,460682,7406
2021-07-11,Oregon,41,210287,2822
2021-07-11,Pennsylvania,42,1218649,27746
2021-07-11,Puerto Rico,72,174323,2554
2021-07-11,Rhode Island,44,152729,2730
2021-07-11,South Carolina,45,598918,9846
2021-07-11,South Dakota,46,124641,2039
2021-07-11,Tennessee,47,856874,12508
2021-07-11,Texas,48,3011151,52772
2021-07-11,Utah,49,419047,2393
2021-07-11,Vermont,50,24457,258
2021-07-11,Virgin Islands,78,4005,32
2021-07-11,Virginia,51,682673,11450
2021-07-11,Washington,53,457092,6050
2021-07-11,West Virginia,54,164465,2908
2021-07-11,Wisconsin,55,678815,8182
2021-07-11,Wyoming,56,62966,751
2021-07-12,Alabama,01,555215,11402
2021-07-12,Alaska,02,71291,364
2021-07-12,Arizona,04,901561,18035
2021-07-12,Arkansas,05,357473,5955
2021-07-12,California,06,3839640,63558
2021-07-12,Colorado,08,566209,7005
2021-07-12,Connecticut,09,350039,8279
2021-07-12,Delaware,10,110093,1695
2021-07-12,District of Columbia,11,49526,1144
2021-07-12,Florida,12,2361360,38157
2021-07-12,Georgia,13,1116470,20804
2021-07-12,Guam,66,9423,142
2021-07-12,Hawaii,15,37025,518
2021-07-12,Idaho,16,196207,2167
2021-07-12,Illinois,17,1400975,25781
2021-07-12,Indiana,18,761263,13923
2021-07-12,Iowa,19,374381,6149
2021-07-12,Kansas,20,322458,5219
2021-07-12,Kentucky,21,468427,7310
2021-07-12,Louisiana,22,489951,10789
2021-07-12,Maine,23,69219,862
2021-07-12,Maryland,24,463482,9761
2021-07-12,Massachusetts,25,711162,18012
2021-07-12,Michigan,26,1000363,21045
2021-07-12,Minnesota,27,606577,7717
2021-07-12,Mississippi,28,324853,7441
2021-07-12,Missouri,29,648934,10017
2021-07-12,Montana,30,114433,1674
2021-07-12,Nebraska,31,225371,2524
2021-07-12,Nevada,32,339745,5730
2021-07-12,New Hampshire,33,99770,1375
2021-07-12,New Jersey,34,1026286,26509
2021-07-12,New Mexico,35,206551,4360
2021-07-12,New York,36,2119207,53153
2021-07-12,North Carolina,37,1020283,13512
2021-07-12,North Dakota,38,110889,1563
2021-07-12,Northern Mariana Islands,69,183,2
2021-07-12,Ohio,39,1114491,20380
2021-07-12,Oklahoma,40,461893,7406
2021-07-12,Oregon,41,210794,2826
2021-07-12,Pennsylvania,42,1218886,27747
2021-07-12,Puerto Rico,72,174462,2555
2021-07-12,Rhode Island,44,152819,2731
2021-07-12,South Carolina,45,600027,9856
2021-07-12,South Dakota,46,124641,2039
2021-07-12,Tennessee,47,857933,12519
2021-07-12,Texas,48,3012965,52796
2021-07-12,Utah,49,420285,2399
2021-07-12,Vermont,50,24489,258
2021-07-12,Virgin Islands,78,4033,32
2021-07-12,Virginia,51,682856,11450
2021-07-12,Washington,53,458724,6051
2021-07-12,West Virginia,54,164625,2910
2021-07-12,Wisconsin,55,679156,8185
2021-07-12,Wyoming,56,63138,751
2021-07-13,Alabama,01,555215,11402
2021-07-13,Alaska,02,71291,364
2021-07-13,Arizona,04,901906,18055
2021-07-13,Arkansas,05,358949,5970
2021-07-13,California,06,3844675,63575
2021-07-13,Colorado,08,566809,7015
2021-07-13,Connecticut,09,350245,8279
2021-07-13,Delaware,10,110112,1695
2021-07-13,District of Columbia,11,49536,1144
2021-07-13,Florida,12,2376643,38211
2021-07-13,Georgia,13,1117534,20830
2021-07-13,Guam,66,9436,143
2021-07-13,Hawaii,15,37135,518
2021-07-13,Idaho,16,196387,2167
2021-07-13,Illinois,17,1401498,25793
2021-07-13,Indiana,18,761838,13933
2021-07-13,Iowa,19,374381,6149
2021-07-13,Kansas,20,322505,5219
2021-07-13,Kentucky,21,468857,7313
2021-07-13,Louisiana,22,490904,10798
2021-07-13,Maine,23,69284,862
2021-07-13,Maryland,24,463600,9765
2021-07-13,Massachusetts,25,711446,18012
2021-07-13,Michigan,26,1001061,21077
2021-07-13,Minnesota,27,606963,7720
2021-07-13,Mississippi,28,325072,7451
2021-07-13,Missouri,29,651287,10068
2021-07-13,Montana,30,114523,1676
2021-07-13,Nebraska,31,225460,2527
2021-07-13,Nevada,32,340600,5731
2021-07-13,New Hampshire,33,99800,1381
2021-07-13,New Jersey,34,1026649,26517
2021-07-13,New Mexico,35,206666,4361
2021-07-13,New York,36,2119875,53159
2021-07-13,North Carolina,37,1020940,13515
2021-07-13,North Dakota,38,110930,1563
2021-07-13,Northern Mariana Islands,69,183,2
2021-07-13,Ohio,39,1114835,20411
2021-07-13,Oklahoma,40,462070,7406
2021-07-13,Oregon,41,211112,2829
2021-07-13,Pennsylvania,42,1219161,27756
2021-07-13,Puerto Rico,72,174559,2555
2021-07-13,Rhode Island,44,152842,2731
2021-07-13,South Carolina,45,600283,9856
2021-07-13,South Dakota,46,124641,2039
2021-07-13,Tennessee,47,858502,12526
2021-07-13,Texas,48,3016622,52824
2021-07-13,Utah,49,420756,2402
2021-07-13,Vermont,50,24497,258
2021-07-13,Virgin Islands,78,4043,32
2021-07-13,Virginia,51,683202,11459
2021-07-13,Washington,53,459282,6070
2021-07-13,West Virginia,54,164685,2909
2021-07-13,Wisconsin,55,679392,8189
2021-07-13,Wyoming,56,63235,760
2021-07-14,Alabama,01,556613,11428
2021-07-14,Alaska,02,71539,364
2021-07-14,Arizona,04,903851,18076
2021-07-14,Arkansas,05,360258,5977
2021-07-14,California,06,3847548,63606
2021-07-14,Colorado,08,567305,7023
2021-07-14,Connecticut,09,350386,8279
2021-07-14,Delaware,10,110182,1696
2021-07-14,District of Columbia,11,49574,1145
2021-07-14,Florida,12,2383068,38282
2021-07-14,Georgia,13,1118774,20832
2021-07-14,Guam,66,9440,143
2021-07-14,Hawaii,15,37175,518
2021-07-14,Idaho,16,196567,2167
2021-07-14,Illinois,17,1402524,25803
2021-07-14,Indiana,18,762419,13938
2021-07-14,Iowa,19,375278,6158
2021-07-14,Kansas,20,322725,5220
2021-07-14,Kentucky,21,469487,7318
2021-07-14,Louisiana,22,492840,10808
2021-07-14,Maine,23,69324,867
2021-07-14,Maryland,24,463704,9769
2021-07-14,Massachusetts,25,711676,18013
2021-07-14,Michigan,26,1001067,21077
2021-07-14,Minnesota,27,607162,7723
2021-07-14,Mississippi,28,325713,7456
2021-07-14,Missouri,29,653442,10083
2021-07-14,Montana,30,114617,1683
2021-07-14,Nebraska,31,225600,2535
2021-07-14,Nevada,32,341292,5737
2021-07-14,New Hampshire,33,99840,1381
2021-07-14,New Jersey,34,1027014,26520
2021-07-14,New Mexico,35,206846,4364
2021-07-14,New York,36,2120600,53170
2021-07-14,North Carolina,37,1021908,13522
2021-07-14,North Dakota,38,110957,1567
2021-07-14,Northern Mariana Islands,69,183,2
2021-07-14,Ohio,39,1115242,20411
2021-07-14,Oklahoma,40,463152,7417
2021-07-14,Oregon,41,211357,2830
2021-07-14,Pennsylvania,42,1219405,27769
2021-07-14,Puerto Rico,72,174589,2555
2021-07-14,Rhode Island,44,152873,2732
2021-07-14,South Carolina,45,600607,9860
2021-07-14,South Dakota,46,124750,2040
2021-07-14,Tennessee,47,859116,12535
2021-07-14,Texas,48,3021409,52855
2021-07-14,Utah,49,421328,2406
2021-07-14,Vermont,50,24516,258
2021-07-14,Virgin Islands,78,4043,32
2021-07-14,Virginia,51,683614,11467
2021-07-14,Washington,53,459956,6076
2021-07-14,West Virginia,54,164763,2916
2021-07-14,Wisconsin,55,679601,8196
2021-07-14,Wyoming,56,63331,760